                        ORT     Lon     Lat     Dep     Mag  Nus  NuP  NuS     ADS     MDS  GAP     RMS     ERH     ERZ
2012-08-11T12:23:15.600000Z  46.797  38.415   4.100   6.500   25   19   14 142.970  15.000   45   0.326   2.200   3.200
2012-08-11T12:28:46.300000Z  46.781  38.431  21.700   3.500   24   19   14 144.880  12.700   43   0.187   1.400   1.100
2012-08-11T12:49:15.700000Z  46.692  38.383  12.200   4.600   17   12   14 127.900  31.400   97   0.286   2.100   2.400
2012-08-11T13:14:05.600000Z  46.669  38.377   4.200   4.400   24   18   14 147.570  14.100   46   0.273   1.800   3.100
2012-08-11T13:23:15.100000Z  46.726  38.494   8.200   3.700   23   19   14 146.110  28.300   53   0.250   1.500   1.800
2012-08-11T13:42:11.700000Z  46.681  38.407  12.400   4.000   23   17   14 138.780  10.900   43   0.381   2.500   2.300
2012-08-11T14:14:53.800000Z  46.705  38.495  26.600   3.000   24   19   14 124.720   3.410   54   0.234   1.600   1.500
2012-08-11T14:25:15.500000Z  46.681  38.428  11.800   4.300   18   10   14 115.680   8.460   75   0.228   1.500   1.900
2012-08-11T14:55:57.300000Z  46.741  38.433   5.700   3.100   25   19   14 137.650  10.100   43   0.231   1.500   1.800
2012-08-11T15:21:14.700000Z  46.786  38.444  16.200   4.700   25   20   14 156.380  12.200   65   0.341   2.300   1.900
2012-08-11T16:00:50.400000Z  46.789  38.415  15.200   4.000   24   19   14 141.700  14.400   50   0.266   1.700   1.600
2012-08-11T16:15:04.200000Z  46.669  38.422  15.600   2.700   24   19   14 136.020   9.080   44   0.271   1.800   1.400
2012-08-11T16:21:53.000000Z  46.646  38.414  19.300   4.100   21   10   14 147.990  36.200   50   0.283   2.200   1.900
2012-08-11T16:34:32.600000Z  46.659  38.442  14.300   3.300   22   19   14 132.190   6.950   40   0.305   2.100   2.000
2012-08-11T17:37:58.600000Z  46.867  38.400  21.700   2.100   23   19   14 136.930  17.800   46   0.278   1.900   1.500
2012-08-11T17:45:44.500000Z  46.791  38.408   8.000   2.500   22   19   14 134.320  15.100   45   0.310   2.000   2.400
2012-08-11T17:49:25.500000Z  46.827  38.427  15.300   2.600   20   19   13 134.840  22.300   44   0.309   2.400   2.700
2012-08-11T17:58:33.300000Z  46.801  38.383   8.200   4.100   23   19   14 131.570  17.700   47   0.251   1.800   2.000
2012-08-11T18:13:03.400000Z  46.647  38.382   4.100   3.000   24   18   14 136.870  13.700   45   0.200   1.300   1.800
2012-08-11T18:21:44.600000Z  46.709  38.440  18.500   2.600   21   19   14 125.240  30.300   42   0.261   1.900   2.000
2012-08-11T19:12:04.800000Z  46.797  38.433  19.200   2.900   22   19   14 134.200  24.900   51   0.305   2.100   2.000
2012-08-11T19:29:29.400000Z  46.792  38.439  26.100   2.600   24   19   14 124.180  23.300   52   0.226   1.500   1.500
2012-08-11T19:30:45.300000Z  46.928  38.432  22.500   2.800   21   19   13 120.700  12.500   57   0.344   2.500   2.300
2012-08-11T19:40:17.400000Z  46.809  38.443  20.100   2.600   24   19   14 130.170  14.000   43   0.345   2.300   2.100
2012-08-11T20:10:30.300000Z  46.770  38.429  13.600   3.400   23   17   14 134.020  12.200   55   0.312   2.100   1.700
2012-08-11T20:29:19.000000Z  46.852  38.370  10.000   2.600   24   19   14 132.170  17.500   48   0.510   2.900   3.500
2012-08-11T20:37:27.600000Z  46.794  38.460  19.500   2.300   24   19   14 145.390  12.000   41   0.206   1.400   1.000
2012-08-11T20:45:46.700000Z  46.684  38.416  11.900   2.900   23   19   14 139.970   9.880   50   0.582   3.900   3.700
2012-08-11T21:13:21.400000Z  46.665  38.437  11.200   2.400   22   19   14 132.630   7.470   41   0.252   1.800   1.900
2012-08-11T21:18:35.200000Z  46.723  38.438  18.600   2.600   23   19   14 141.280  30.900   42   0.361   2.500   2.400
2012-08-11T21:21:14.100000Z  46.800  38.450  17.400   2.700   22   19   13 131.840  12.900   44   0.297   1.900   1.600
2012-08-11T21:33:50.700000Z  46.850  38.442  18.900   3.200   23   19   14 124.930  17.300   44   0.360   2.500   2.100
2012-08-11T22:04:32.500000Z  46.706  38.412  13.800   3.700   23   19   14 131.040  10.700   44   0.279   1.800   1.700
2012-08-11T22:12:47.000000Z  46.753  38.412  15.900   3.300   22   19   14 144.180  27.300   44   0.280   1.900   1.500
2012-08-11T23:40:52.900000Z  46.796  38.474  14.500   2.200   25   19   14 133.560  11.700   43   0.258   1.700   1.500
2012-08-11T23:58:13.700000Z  46.709  38.454  10.800   3.400   20   13   14 129.370   6.630   80   0.254   1.900   1.900
2012-08-12T00:10:52.900000Z  46.702  38.395   4.600   2.500   24   18   14 144.210  12.500   45   0.191   1.200   1.700
2012-08-12T00:15:23.000000Z  46.763  38.440  16.300   3.100   22   17   14 136.830  25.700   50   0.182   1.400   1.300
2012-08-12T00:34:16.500000Z  46.773  38.424  19.000   3.900   18   11   14 109.950  12.700   86   0.311   2.400   1.700
2012-08-12T00:41:26.600000Z  46.737  38.477  20.100   2.700   25   19   14 138.220   6.730   39   0.279   1.900   1.700
2012-08-12T01:35:50.400000Z  46.746  38.430   6.900   2.200   23   19   14 136.560  10.700   89   0.146   1.100   1.200
2012-08-12T02:24:43.400000Z  46.774  38.447  11.100   3.700   20   14   14 152.580  27.400   61   0.346   2.600   2.600
2012-08-12T02:32:17.400000Z  46.700  38.383  17.800   1.700   22   19   14 114.720  13.700   46   0.173   1.100   0.900
2012-08-12T03:28:00.800000Z  46.743  38.470  10.000   2.400   21   19   14 144.730  31.000   64   0.563   3.300   4.000
2012-08-12T04:10:44.500000Z  46.873  38.401  26.300   2.600   23   19   14 129.520  17.400   46   0.254   1.800   1.600
2012-08-12T04:35:39.600000Z  46.728  38.493  14.100   2.600   22   19   14 121.170   5.410   60   0.302   2.100   1.600
2012-08-12T04:40:40.800000Z  46.750  38.437   6.800   2.900   21   19   14 133.750  26.900   86   0.243   1.500   2.200
2012-08-12T05:13:20.900000Z  46.841  38.484   4.100   2.300   25   19   14 131.320  15.200   47   0.271   1.700   3.100
2012-08-12T05:17:53.800000Z  46.917  38.313  30.500   2.200   22   19   14 137.940  10.900   52   0.185   1.500   1.100
2012-08-12T05:37:56.000000Z  46.789  38.435   8.500   2.200   21   19   14 130.580  13.000   51   0.290   1.900   1.900
2012-08-12T06:03:58.100000Z  46.776  38.457   7.900   2.600   24   19   14 134.620  10.800   41   0.210   1.400   1.800
2012-08-12T06:17:50.200000Z  46.845  38.429   8.200   2.600   23   19   14 118.240  17.600   62   0.287   1.900   2.300
2012-08-12T06:29:57.300000Z  46.735  38.341  29.300   1.700   22   19   14 131.550  19.000   51   0.259   1.900   1.600
2012-08-12T06:40:44.600000Z  46.640  38.380  19.000   4.100   24   19   14 140.120  14.000   58   0.282   2.000   1.600
2012-08-12T07:22:55.600000Z  46.776  38.435  18.000   3.000   21   19   13 144.660  24.700   43   0.267   1.900   1.700
2012-08-12T07:26:53.300000Z  46.715  38.456  15.100   2.400   24   19   13 124.970   6.690   40   0.291   1.900   1.500
2012-08-12T07:29:28.900000Z  46.876  38.397  21.600   2.300   22   19   14 124.750  16.900   46   0.234   1.600   2.100
2012-08-12T07:33:03.200000Z  46.696  38.419   9.600   2.400   21   19   13 130.680  32.000   43   0.450   3.300   4.200
2012-08-12T07:36:35.800000Z  46.782  38.435  15.000   2.700   23   19   13 134.500  12.500   55   0.291   2.000   1.800
2012-08-12T08:01:20.300000Z  46.807  38.415  20.900   2.900   22   19   13 143.550  15.600   60   0.312   2.200   1.900
2012-08-12T08:03:44.000000Z  46.749  38.437  17.900   2.100   24   19   14 130.450  10.200   54   0.261   1.800   1.400
2012-08-12T10:15:33.600000Z  46.747  38.432  19.000   3.400   23   19   14 128.910  10.500   50   0.234   1.600   1.300
2012-08-12T10:29:28.000000Z  46.634  38.396   8.300   2.000   24   19   14 128.630  12.300   52   0.237   1.500   1.400
2012-08-12T11:21:16.400000Z  46.715  38.436  18.400   2.200   25   19   14 133.420  29.900   42   0.187   1.400   1.200
2012-08-12T11:51:31.800000Z  46.790  38.392  14.600   3.300   23   19   14 121.300  16.300   46   0.247   1.600   1.700
2012-08-12T14:19:09.000000Z  46.793  38.433  17.700   3.100   22   19   14 130.870  23.400   43   0.215   1.500   1.400
2012-08-12T15:15:10.300000Z  46.841  38.440  14.900   2.100   25   19   14 145.970  16.700   43   0.235   1.700   1.400
2012-08-12T15:59:25.600000Z  46.802  38.441  13.800   2.500   22   19   14 125.060  13.600   46   0.214   1.500   1.200
2012-08-12T17:18:30.800000Z  46.741  38.455  18.000   2.200   24   19   13 121.930   8.380   41   0.259   1.800   1.400
2012-08-12T18:44:22.200000Z  46.849  38.409  16.700   2.100   23   19   13 131.180  19.000   46   0.228   1.700   1.400
2012-08-12T18:46:40.300000Z  46.838  38.395  14.100   2.000   22   19   13 129.280  19.100   46   0.334   2.200   2.000
2012-08-12T19:28:04.800000Z  46.810  38.448  20.400   1.800   23   19   13 134.160  13.800   52   0.371   2.700   2.300
2012-08-12T19:29:56.700000Z  46.792  38.422  20.200   2.100   23   19   14 125.550  14.200   51   0.288   2.100   2.000
2012-08-12T20:04:31.100000Z  46.771  38.488  17.100   1.900   21   19   14 120.180   9.140   60   0.287   1.800   1.400
2012-08-12T20:09:35.700000Z  46.869  38.424  16.100   2.200   21   19   13 122.970  17.500   50   0.266   1.800   1.300
2012-08-12T20:11:02.400000Z  46.687  38.439  11.300   1.900   21   19   13 124.350   7.390   41   0.362   2.400   2.300
2012-08-12T21:26:32.000000Z  46.674  38.382   8.100   2.200   22   19   14 147.290  13.600   55   0.206   1.400   1.400
2012-08-12T21:33:18.000000Z  46.797  38.449   4.400   3.100   24   19   14 133.600  12.800   42   0.200   1.300   2.400
2012-08-12T22:01:16.000000Z  46.713  38.455  13.900   2.400   22   19   13 124.520   6.730   40   0.267   1.900   1.500
2012-08-12T22:05:43.200000Z  46.792  38.439  15.700   2.200   22   19   13 119.670  13.000   52   0.294   2.000   1.700
2012-08-12T22:45:49.400000Z  46.717  38.441  14.900   1.900   21   19   13 130.680   8.230   52   0.361   2.400   1.900
2012-08-12T22:57:07.700000Z  46.906  38.494  17.600   2.800   21   19   14 122.310  12.700   52   0.356   2.700   2.300
2012-08-12T23:02:04.000000Z  46.847  38.380  18.800   2.700   23   19   14 133.640  18.400   62   0.421   2.900   2.300
2012-08-12T23:16:13.300000Z  46.678  38.385   9.200   1.800   23   19   14 135.680  13.200   45   0.245   1.600   1.500
2012-08-12T23:58:41.700000Z  46.896  38.458  14.700   1.900   21   19   13 134.810  20.100   56   0.278   1.900   1.700
2012-08-13T00:07:54.200000Z  46.674  38.415  17.700   2.400   24   19   14 129.270   9.950   43   0.255   1.600   1.400
2012-08-13T00:18:02.800000Z  46.896  38.445   7.300   3.200   23   19   14 141.330  19.000   57   0.298   2.000   3.800
2012-08-13T00:22:08.600000Z  46.698  38.426  19.100   3.200   23   19   14 126.810   9.070   56   0.284   1.900   1.300
2012-08-13T01:02:22.700000Z  46.790  38.441  19.300   1.500   22   19   14 139.800  12.700   43   0.214   1.600   1.100
2012-08-13T01:29:26.900000Z  46.773  38.468  10.000   2.400   23   19   14 140.360  24.400   41   0.471   2.800   3.300
2012-08-13T01:38:46.900000Z  46.845  38.446  15.600   1.500   24   19   14 133.190  16.800   51   0.251   1.700   1.200
2012-08-13T01:56:10.100000Z  46.695  38.453  16.100   4.700   19   11   14 132.320  31.400   53   0.309   2.200   2.000
2012-08-13T03:58:29.300000Z  46.867  38.463  10.000   2.900   24   19   14 129.040  16.300   49   0.602   3.300   3.700
2012-08-13T04:15:52.600000Z  46.681  38.389  19.200   3.700   18    8   14 122.930  12.900   52   0.246   1.800   1.300
2012-08-13T05:22:29.000000Z  46.661  38.389  18.500   2.600   24   19   14 128.900  12.800   44   0.166   1.100   1.000
2012-08-13T06:58:22.200000Z  46.673  38.443  16.300   3.200   23   19   14 132.130   6.830   50   0.237   1.500   1.400
2012-08-13T07:28:30.700000Z  46.781  38.380  16.600   3.200   22   19   14 136.200  16.900   49   0.215   1.500   1.100
2012-08-13T07:50:54.400000Z  46.646  38.417   4.100   2.200   24   19   14 122.220   9.810   42   0.232   1.500   2.500
2012-08-13T08:16:50.100000Z  46.888  38.445   4.100   4.000   25   20   14 141.860  15.100   50   0.468   3.000   6.500
2012-08-13T10:28:13.900000Z  46.692  38.429   8.600   1.900   22   19   14 131.680   8.610   42   0.163   1.000   1.100
2012-08-13T10:29:30.600000Z  46.629  38.397   0.000   2.200   23   19   14 148.030  37.100   70   0.521   3.300   3.500
2012-08-13T10:45:44.400000Z  46.615  38.458  20.700   4.200   18   11   14 128.440   6.900   46   0.332   2.500   2.300
2012-08-13T11:47:52.500000Z  46.855  38.440   4.100   1.800   24   19   14 126.940  18.000   50   0.152   0.900   1.400
2012-08-13T12:07:37.700000Z  46.578  38.422  10.000   2.100   23   19   14 124.990  12.000   39   0.553   3.400   3.500
2012-08-13T12:45:58.000000Z  46.734  38.452  18.400   3.900   23   19   14 144.040  30.700   61   0.294   2.400   2.500
2012-08-13T12:53:47.400000Z  46.703  38.441  11.300   3.200   24   19   14 133.580  30.800   41   0.283   1.800   2.200
2012-08-13T13:31:40.600000Z  46.850  38.397  15.200   1.500   23   19   14 140.640  18.900   46   0.255   1.700   1.600
2012-08-13T13:57:03.400000Z  46.706  38.455   4.100   1.800   23   19   14 123.280   6.420   43   0.260   1.700   2.600
2012-08-13T14:02:43.100000Z  46.715  38.351  15.100   1.500   23   19   14 126.970  17.400   49   0.266   1.800   1.600
2012-08-13T15:06:34.700000Z  46.677  38.410   4.100   2.700   21   19   14 122.980  10.400   59   0.291   1.800   2.800
2012-08-13T15:32:15.900000Z  46.772  38.438  14.900   2.200   24   19   14 133.400  11.700   47   0.262   1.800   1.700
2012-08-13T16:14:40.700000Z  46.674  38.497  21.900   2.600   23   19   14 130.230   0.920   46   0.209   1.400   1.400
2012-08-13T16:31:48.500000Z  46.686  38.402   0.000   1.600   24   19   14 144.350  11.400   44   0.613   3.600   3.700
2012-08-13T17:08:41.900000Z  46.679  38.446   4.100   2.800   23   19   14 128.020   6.500   40   0.263   1.600   2.600
2012-08-13T18:31:11.300000Z  46.795  38.407  10.000   1.900   23   19   14 139.580  15.500   51   0.573   3.200   3.300
2012-08-13T18:40:05.700000Z  46.670  38.436  17.300   3.400   23   19   14 136.140  35.100   53   0.426   2.900   2.800
2012-08-13T19:43:22.100000Z  46.633  38.432  18.900   3.300   23   19   14 130.900   8.560   48   0.291   1.900   1.600
2012-08-13T19:55:52.900000Z  46.707  38.359  29.000   1.800   23   19   14 131.290  16.400   53   0.223   1.600   1.100
2012-08-13T20:12:43.100000Z  46.877  38.410  10.000   2.800   23   19   14 155.330  17.600   50   0.262   1.700   1.600
2012-08-13T20:22:37.700000Z  46.997  38.390   4.100   1.500   23   19   14 136.300   8.960   54   0.220   1.500   2.000
2012-08-13T20:29:52.400000Z  46.767  38.524  10.000   1.800   25   19   14 151.630   8.910   45   0.520   3.200   3.600
2012-08-13T20:44:57.400000Z  46.819  38.372   8.100   1.600   24   19   14 135.460  19.700   48   0.251   1.600   1.600
2012-08-13T20:57:07.000000Z  46.642  38.391   0.000   1.500   22   19   14 122.380  12.800   44   0.440   2.500   3.100
2012-08-13T21:01:40.700000Z  46.670  38.387  10.000   1.800   23   19   14 129.530  33.400   52   0.555   3.100   3.700
2012-08-13T21:10:31.600000Z  46.773  38.491  12.500   1.600   24   19   14 151.220  30.400   42   0.269   1.900   2.000
2012-08-13T21:18:46.100000Z  46.785  38.383  17.400   1.200   23   19   14 139.230  16.900   49   0.207   1.400   1.000
2012-08-13T21:25:25.300000Z  46.794  38.452  18.600   1.800   24   19   14 147.300  22.900   46   0.215   1.600   1.200
2012-08-13T21:29:06.400000Z  46.849  38.410  21.400   1.400   22   19   14 138.710  19.700   50   0.235   1.800   1.900
2012-08-13T21:33:30.000000Z  46.682  38.447  16.400   1.700   22   19   14 123.040   6.470   40   0.252   1.600   1.200
2012-08-13T22:37:04.600000Z  46.688  38.381  18.800   3.300   23   16   14 143.640  31.700   52   0.237   1.600   1.500
2012-08-13T23:22:37.200000Z  46.744  38.433   8.300   1.500   23   19   14 143.990  10.300   50   0.161   1.100   1.000
2012-08-13T23:43:33.900000Z  46.847  38.384  11.500   1.500   24   19   14 149.720  18.500   47   0.210   1.500   1.600
2012-08-14T01:32:41.900000Z  46.699  38.447   7.100   2.200   23   19   14 133.930   6.930   66   0.253   1.500   2.000
2012-08-14T01:39:59.500000Z  46.709  38.467  18.700   1.400   25   19   14 145.700  29.900   40   0.170   1.300   1.200
2012-08-14T01:49:20.300000Z  46.698  38.420  17.000   3.100   21   18   14 120.110   9.640   75   0.333   2.200   1.700
2012-08-14T02:00:51.000000Z  46.696  38.479   4.200   2.000   24   19   14 126.120   3.740   39   0.252   1.600   1.800
2012-08-14T02:37:07.100000Z  46.799  38.426  14.700   2.300   24   19   14 122.350  14.300   44   0.172   1.200   1.300
2012-08-14T03:46:54.500000Z  46.797  38.431  17.300   2.100   21   19   14 130.490  13.900   47   0.239   1.400   1.200
2012-08-14T04:08:43.700000Z  46.648  38.441  10.000   2.300   24   19   14 144.920  35.600   40   0.451   2.700   3.400
2012-08-14T04:52:17.900000Z  46.651  38.433  19.500   2.200   24   19   14 133.270   8.000   41   0.180   1.200   0.900
2012-08-14T05:28:13.200000Z  46.801  38.447  17.400   3.400   22   17   14 131.170  13.200   52   0.274   2.100   2.000
2012-08-14T06:58:45.800000Z  46.648  38.394  16.200   1.800   22   19   14 144.220  12.300   44   0.241   1.600   1.300
2012-08-14T08:11:49.200000Z  46.652  38.382  14.800   2.100   23   19   14 132.970  34.800   49   0.189   1.300   1.200
2012-08-14T10:28:44.300000Z  46.712  38.422  13.000   3.600   24   21   14 147.970  31.000   43   0.271   2.000   2.200
2012-08-14T10:50:25.000000Z  46.797  38.493  14.300   2.100   24   19   14 150.800  22.100   51   0.235   1.600   1.400
2012-08-14T11:17:14.300000Z  46.656  38.389   4.100   1.700   21   19   14 129.280  12.800   44   0.192   1.200   1.900
2012-08-14T11:44:12.000000Z  46.685  38.440   4.100   1.800   23   19   14 126.480  34.000   41   0.190   1.100   2.200
2012-08-14T12:42:55.600000Z  46.679  38.412  19.200   2.200   23   19   14 149.680  33.400   50   0.291   2.100   1.700
2012-08-14T13:31:03.600000Z  46.703  38.441  17.200   2.200   23   19   14 132.540   7.620   41   0.269   1.800   1.400
2012-08-14T14:02:25.800000Z  46.779  38.479  18.100   5.200   26   21   14 145.120  23.800   53   0.253   1.700   1.500
2012-08-14T15:48:20.200000Z  46.639  38.437  16.400   3.800   19   13   14 133.330  36.500   84   0.344   2.500   2.400
2012-08-14T16:07:09.000000Z  46.864  38.387  12.400   1.900   24   19   14 143.140  17.400   50   0.221   1.600   1.800
2012-08-14T16:30:46.300000Z  46.771  38.402  17.000   2.000   25   19   14 132.630  14.500   45   0.236   1.700   1.300
2012-08-14T16:36:24.900000Z  46.713  38.412  17.800   3.300   22   16   14 138.020  30.600   44   0.317   2.300   2.200
2012-08-14T17:05:18.400000Z  46.645  38.433   6.000   1.700   25   19   14 124.780   8.110   40   0.285   1.700   2.100
2012-08-14T17:09:10.000000Z  46.716  38.419  18.800   3.100   23   19   14 134.350  30.300   53   0.403   2.600   2.600
2012-08-14T17:16:26.300000Z  46.775  38.440   4.100   2.000   21   19   14 140.080  24.700   50   0.182   1.100   1.700
2012-08-14T18:53:41.400000Z  46.650  38.407  14.200   2.000   22   19   14 132.000  10.900   49   0.323   2.100   1.800
2012-08-14T20:20:33.400000Z  46.655  38.427  14.200   3.000   23   18   14 129.900  35.200   58   0.322   2.200   2.100
2012-08-14T21:29:04.500000Z  46.883  38.434  16.900   1.300   26   19   14 142.730  15.900   54   0.152   1.100   0.900
2012-08-14T21:32:40.400000Z  46.776  38.420  16.000   1.500   24   19   14 141.180  13.300   44   0.207   1.400   1.300
2012-08-14T22:10:18.100000Z  46.662  38.420  10.000   2.000   22   19   14 128.840   9.360   50   0.531   3.000   3.500
2012-08-14T22:41:54.800000Z  46.715  38.377  10.800   1.700   22   19   14 140.360  14.600   51   0.217   1.500   1.400
2012-08-14T23:07:43.200000Z  46.750  38.381   4.100   1.300   23   19   14 133.110  26.500   47   0.174   1.100   2.200
2012-08-14T23:33:31.000000Z  46.781  38.404  19.100   1.700   23   19   14 150.370  24.700   45   0.197   1.400   1.200
2012-08-14T23:42:05.700000Z  46.715  38.392  12.800   1.700   25   19   14 143.190  29.700   45   0.251   1.700   1.700
2012-08-15T00:42:47.400000Z  46.725  38.386  16.800   1.000   22   19   14 143.660  14.000   46   0.159   1.100   0.900
2012-08-15T01:35:40.100000Z  46.679  38.443  19.400   1.700   25   19   14 123.800   6.890   41   0.229   1.600   1.100
2012-08-15T01:43:13.200000Z  46.704  38.382  17.800   1.600   23   19   14 135.340  13.900   46   0.215   1.500   1.100
2012-08-15T03:03:30.700000Z  46.622  38.505  19.500   1.900   24   19   14 128.850   3.970   67   0.208   1.400   1.100
2012-08-15T03:41:30.700000Z  46.796  38.437  17.000   3.400   19   14   14 118.640  23.000   86   0.266   1.900   2.100
2012-08-15T04:29:40.100000Z  46.816  38.400  10.100   3.100   21   19   14 149.490  21.800   59   0.374   2.500   2.500
2012-08-15T05:26:27.000000Z  46.778  38.442   8.100   2.400   25   19   14 140.020  24.400   42   0.295   1.900   2.500
2012-08-15T05:39:51.300000Z  46.688  38.446  15.600   2.300   22   19   14 141.280   6.630   41   0.258   1.800   1.400
2012-08-15T07:12:13.900000Z  46.649  38.402   0.000   2.600   22   19   14 122.490  11.400   46   0.557   3.200   3.500
2012-08-15T08:39:21.800000Z  46.847  38.428   7.000   3.100   22   19   14 126.270  17.800   48   0.269   1.800   2.200
2012-08-15T09:03:48.200000Z  46.701  38.445  18.600   2.600   22   19   14 127.950   7.190   48   0.260   1.800   1.300
2012-08-15T09:37:47.200000Z  46.681  38.360   4.100   1.800   25   19   14 128.350  16.000   48   0.287   1.900   2.500
2012-08-15T11:27:05.900000Z  46.791  38.344  17.800   2.500   25   19   14 144.370  22.200   51   0.210   1.400   1.300
2012-08-15T11:39:30.100000Z  46.701  38.373  10.800   2.200   23   19   14 133.350  14.800   47   0.263   1.700   1.700
2012-08-15T13:52:42.600000Z  46.657  38.429   7.500   2.100   23   19   14 113.520   8.380   47   0.178   1.100   1.700
2012-08-15T13:58:28.300000Z  46.794  38.498   5.200   2.000   24   19   14 126.770  11.000   64   0.257   1.500   2.400
2012-08-15T16:01:22.000000Z  46.689  38.393   7.200   2.200   22   19   14 124.560  32.000   49   0.184   1.200   1.900
2012-08-15T17:49:04.800000Z  46.662  38.402  17.400   5.000   23   19   14 151.450  34.500   51   0.324   2.200   2.000
2012-08-15T18:00:01.200000Z  46.634  38.444  18.100   3.400   23   19   14 132.680   7.300   47   0.306   2.000   1.400
2012-08-15T18:16:27.500000Z  46.720  38.444  18.100   2.100   26   19   14 138.050  29.300   41   0.224   1.500   1.500
2012-08-15T18:38:44.100000Z  46.668  38.425  17.800   2.200   25   19   14 127.590   8.810   42   0.269   1.700   1.300
2012-08-15T19:23:58.000000Z  46.650  38.408  14.900   1.800   23   19   14 137.170  10.700   51   0.208   1.400   1.100
2012-08-15T20:27:44.400000Z  46.683  38.434  19.600   2.000   23   19   14 141.640   7.900   41   0.224   1.600   1.200
2012-08-15T21:26:47.700000Z  46.674  38.397  20.900   2.300   23   19   14 133.620  11.900   44   0.244   1.700   1.900
2012-08-15T23:01:19.900000Z  46.655  38.385   4.100   1.700   22   19   14 125.460  13.200   44   0.204   1.300   2.100
2012-08-16T00:15:16.400000Z  46.642  38.437  18.400   3.300   21   17   14 121.100  36.200   50   0.278   1.800   1.800
2012-08-16T00:32:52.200000Z  46.645  38.432  15.700   1.700   23   19   14 150.620  36.000   53   0.261   2.000   1.900
2012-08-16T01:31:21.200000Z  46.757  38.441  21.100   1.900   24   19   14 132.790  10.400   54   0.261   1.800   1.700
2012-08-16T02:26:38.800000Z  46.858  38.385  10.000   1.700   24   19   14 138.930  17.700   47   0.559   3.300   3.600
2012-08-16T03:01:38.600000Z  46.768  38.493  26.400   2.300   23   19   14 123.240   8.820   39   0.244   1.800   1.500
2012-08-16T03:10:48.300000Z  46.835  38.400  17.600   2.400   25   19   14 129.250  18.600   47   0.296   1.900   1.600
2012-08-16T05:33:56.300000Z  46.674  38.438   4.100   2.300   24   19   14 129.950  33.400   53   0.259   1.600   2.400
2012-08-16T05:39:31.100000Z  46.689  38.383  18.700   1.600   25   19   14 139.460  31.600   46   0.228   1.600   1.400
2012-08-16T06:33:56.900000Z  46.766  38.479   4.100   2.000   24   19   14 137.720   9.000   40   0.263   1.700   2.700
2012-08-16T08:56:53.300000Z  46.705  38.420   0.000   1.800   27   19   14 135.910   9.820   43   0.510   3.100   3.600
2012-08-16T09:27:47.000000Z  46.707  38.437  17.900   3.100   23   19   14 127.080  32.100   42   0.283   1.900   1.900
2012-08-16T11:28:37.000000Z  46.722  38.444  10.100   1.900   23   19   14 139.550   8.170   41   0.230   1.500   1.300
2012-08-16T13:20:15.700000Z  46.703  38.409  10.000   1.300   22   19   14 140.430  31.300   44   0.560   3.300   3.900
2012-08-16T13:56:30.400000Z  46.727  38.410  13.300   2.000   23   19   14 127.350  11.700   44   0.233   1.600   1.200
2012-08-16T15:15:35.200000Z  46.733  38.441  18.000   3.800   18   12   14 122.540   8.940   50   0.252   1.900   1.400
2012-08-16T15:31:10.000000Z  46.690  38.370   0.100   1.500   23   19   14 132.660  15.000   47   0.523   3.000   3.400
2012-08-16T17:11:47.900000Z  46.738  38.451  20.500   1.800   22   19   14 117.400   8.490   41   0.195   1.300   1.400
2012-08-16T17:14:13.300000Z  46.720  38.444  18.300   4.600   24   20   14 143.490   8.030   50   0.369   2.600   2.100
2012-08-16T17:19:40.900000Z  46.712  38.440  17.300   2.900   24   19   14 142.460  30.100   42   0.315   2.100   2.100
2012-08-16T17:34:59.800000Z  46.719  38.426  14.900   2.700   21   19   14 116.860   9.760   43   0.264   1.700   1.400
2012-08-16T20:27:17.600000Z  46.924  38.430   6.100   2.300   24   19   14 128.010  12.900   51   0.230   1.500   1.800
2012-08-16T21:50:59.800000Z  46.743  38.433  14.600   1.400   21   19   14 141.150  29.100   43   0.186   1.400   1.500
2012-08-16T23:15:00.700000Z  46.655  38.363  10.000   0.800   23   19   14 141.410  34.200   54   0.492   3.000   3.800
2012-08-16T23:59:14.800000Z  46.648  38.400  10.000   1.200   23   19   14 131.370  11.700   43   0.469   2.800   3.300
2012-08-17T00:31:17.200000Z  46.834  38.491  10.000   1.700   25   19   14 133.660  14.500   53   0.487   2.900   3.200
2012-08-17T02:13:53.100000Z  46.772  38.396  19.400   1.600   23   19   14 139.520  15.100   49   0.214   1.500   1.200
2012-08-17T03:19:24.100000Z  46.769  38.438  19.400   1.900   23   19   14 121.960  11.400   52   0.206   1.300   1.100
2012-08-17T03:34:20.300000Z  46.700  38.450  16.900   2.900   22   19   14 123.050  30.900   53   0.232   1.500   1.500
2012-08-17T04:48:15.500000Z  46.696  38.419  11.800   3.800   24   21   14 138.340   9.790   50   0.406   2.800   2.800
2012-08-17T04:52:29.600000Z  46.776  38.427  20.300   3.000   22   19   14 122.870  12.700   51   0.292   2.000   2.100
2012-08-17T05:28:37.800000Z  46.850  38.379   5.700   2.100   22   19   14 140.750  18.000   50   0.203   1.300   1.400
2012-08-17T05:35:06.800000Z  46.792  38.398  13.400   1.600   23   19   14 129.190  15.900   46   0.235   1.500   1.300
2012-08-17T08:09:51.300000Z  46.880  38.407   7.700   3.500   19   12   14 126.960  17.300   62   0.351   2.400   2.500
2012-08-17T08:19:48.000000Z  46.809  38.451  18.600   1.700   23   19   14 128.660  13.600   45   0.213   1.400   1.100
2012-08-17T09:17:59.900000Z  46.649  38.415  18.700   3.800   22   21   14 147.570  36.000   51   0.384   3.100   2.900
2012-08-17T10:36:48.500000Z  46.680  38.451  18.700   1.700   25   19   14 147.240   5.990   48   0.184   1.300   1.000
2012-08-17T11:19:11.900000Z  46.707  38.443  19.300   2.000   24   19   14 152.060   7.580   48   0.255   1.900   1.400
2012-08-17T12:09:50.400000Z  46.651  38.443  17.100   3.100   21   19   13 132.540  35.300   47   0.324   2.400   2.500
2012-08-17T13:04:44.300000Z  46.868  38.427  21.800   1.500   23   19   14 128.900  17.400   51   0.245   1.600   1.600
2012-08-17T13:24:24.500000Z  46.578  38.464   4.100   2.000   23   19   14 130.730   9.040   54   0.188   1.400   2.100
2012-08-17T14:34:36.800000Z  46.642  38.432  16.000   2.000   23   19   14 137.650  36.300   40   0.258   1.900   2.000
2012-08-17T14:37:38.600000Z  46.646  38.437  16.400   2.300   24   19   14 132.080   7.640   40   0.200   1.500   1.300
2012-08-17T15:04:09.300000Z  46.775  38.425   8.000   1.400   22   19   14 128.830  12.700   51   0.286   1.800   2.200
2012-08-17T16:13:15.100000Z  46.775  38.452   4.100   1.500   24   19   14 131.340  11.000   52   0.185   1.100   1.900
2012-08-17T16:58:47.700000Z  46.641  38.379  14.700   1.600   24   19   14 144.550  14.100   53   0.222   1.600   1.200
2012-08-17T17:57:47.400000Z  46.913  38.352  10.000   1.500   23   19   14 133.800  11.800   49   0.602   3.400   3.700
2012-08-17T18:49:55.800000Z  46.992  38.386   4.100   2.600   23   19   14 136.670   8.760   54   0.336   2.300   3.000
2012-08-17T19:34:08.500000Z  46.627  38.476  17.900   3.100   19   14   14 132.250  37.000   54   0.334   2.500   2.500
2012-08-17T20:05:00.000000Z  46.657  38.444  19.400   1.800   24   19   14 140.490   6.700   40   0.260   1.800   1.200
2012-08-17T20:15:33.800000Z  46.686  38.441  18.800   3.400   20   13   14 144.940  34.000   41   0.210   1.700   1.600
2012-08-17T21:36:15.800000Z  46.715  38.406  19.200   1.100   25   19   14 144.400  11.600   50   0.217   1.500   1.300
2012-08-17T23:14:09.200000Z  46.691  38.439  14.900   3.000   22   17   14 121.970  31.900   49   0.244   1.700   1.900
2012-08-18T01:48:25.200000Z  46.711  38.434  26.000   3.200   21   16   14 123.120   8.610   46   0.261   1.900   1.900
2012-08-18T02:06:28.700000Z  46.749  38.387  18.900   2.300   23   19   14 134.390  14.800   46   0.316   1.600   1.400
2012-08-18T02:21:31.900000Z  46.693  38.395   7.400   1.700   24   19   14 126.430  12.300   53   0.220   1.300   1.700
2012-08-18T03:26:47.200000Z  46.854  38.442  20.500   2.700   23   19   14 131.670  17.600   51   0.260   1.700   1.700
2012-08-18T04:44:40.500000Z  46.785  38.381  16.700   2.300   22   19   14 142.580  23.500   49   0.225   1.500   1.300
2012-08-18T05:38:01.100000Z  46.917  38.531  11.200   2.300   23   19   14 142.390  12.600   40   0.312   2.600   2.700
2012-08-18T06:02:58.000000Z  46.934  38.444  11.800   1.900   23   19   14 143.300  11.500   52   0.276   1.800   1.800
2012-08-18T08:46:28.300000Z  46.652  38.464  16.700   2.100   23   19   14 120.280   4.640   53   0.187   1.300   1.100
2012-08-18T08:59:08.000000Z  46.723  38.425  14.000   2.400   23   19   14 131.730  29.500   43   0.248   1.800   1.600
2012-08-18T11:21:28.900000Z  46.655  38.429  19.100   2.900   23   19   14 135.940  35.200   41   0.291   2.100   2.000
2012-08-18T14:33:47.300000Z  46.844  38.449  18.500   1.700   23   19   14 121.570  16.500   58   0.266   1.600   1.200
2012-08-18T15:56:05.900000Z  46.872  38.412   5.800   3.300   23   19   14 136.030  17.900   46   0.252   1.700   2.000
2012-08-18T18:15:49.500000Z  46.950  38.462   4.100   1.900   22   19   14 122.740   9.360   57   0.403   2.400   4.700
2012-08-18T19:10:11.800000Z  46.642  38.439  15.200   1.700   21   19   14 151.480  37.400   40   0.222   1.700   1.600
2012-08-18T19:30:34.000000Z  46.853  38.467   9.400   1.900   22   19   14 131.540  16.600   49   0.241   1.600   1.900
2012-08-18T19:39:47.200000Z  46.646  38.402  10.000   1.600   22   19   14 144.580  35.800   51   0.487   2.900   3.400
2012-08-18T20:31:53.900000Z  46.775  38.549  14.500   2.400   21   19   14 124.140  10.500   47   0.544   3.800   3.700
2012-08-18T20:41:51.500000Z  46.709  38.442  10.500   2.100   22   19   14 125.210   7.760   48   0.257   1.700   1.700
2012-08-18T21:08:39.500000Z  46.657  38.418  17.800   3.100   25   19   14 139.700  35.500   42   0.203   1.400   1.400
2012-08-18T21:09:40.700000Z  46.635  38.459  10.600   3.200   24   19   14 138.950   5.750   46   0.256   1.800   1.600
2012-08-18T21:20:44.200000Z  46.784  38.445  16.800   1.900   20   19   13 121.040  12.100   48   0.273   1.900   1.600
2012-08-18T21:29:15.500000Z  46.654  38.435  14.400   2.500   24   19   14 134.180   7.750   49   0.360   2.300   1.800
2012-08-18T21:41:10.600000Z  46.662  38.414  11.100   1.600   21   19   14 131.790   9.980   80   0.473   3.100   2.600
2012-08-18T22:11:10.200000Z  46.643  38.415  13.600   1.800   25   19   14 131.410  10.100   42   0.222   1.500   1.200
2012-08-18T22:52:25.400000Z  46.700  38.440  15.800   1.400   24   19   14 119.290   7.610   44   0.203   1.300   1.000
2012-08-18T23:14:43.900000Z  46.851  38.424  13.700   1.200   22   19   14 122.870  18.300   46   0.269   1.800   1.500
2012-08-18T23:47:23.200000Z  46.689  38.451  15.600   1.800   23   19   14 124.200   6.210   48   0.279   1.800   1.300
2012-08-18T23:54:42.600000Z  46.820  38.432  14.500   2.000   21   19   14 132.590  15.500   46   0.263   1.600   1.300
2012-08-19T00:04:53.700000Z  46.648  38.444  15.000   1.500   24   19   14 128.520   6.870   40   0.367   2.500   2.000
2012-08-19T00:37:07.000000Z  46.714  38.432  20.100   3.200   24   19   14 135.780   8.950   42   0.305   2.200   1.800
2012-08-19T00:55:17.000000Z  46.705  38.503  18.500   1.800   24   19   14 146.320   3.200   45   0.278   1.900   1.400
2012-08-19T01:12:37.900000Z  46.691  38.451  14.600   2.000   23   19   14 112.130   6.210   41   0.339   2.100   1.900
2012-08-19T01:29:34.400000Z  46.643  38.441  14.200   2.100   23   19   14 133.280   7.380   49   0.389   2.500   2.100
2012-08-19T01:58:30.500000Z  46.640  38.379  19.100   4.300   19   11   14 136.490  35.800   60   0.227   1.600   1.400
2012-08-19T02:23:12.000000Z  46.648  38.427  14.600   2.200   20   19   14 109.950   8.720   53   0.343   2.200   2.000
2012-08-19T02:26:30.200000Z  46.653  38.416  14.200   1.700   23   19   13 121.130   9.870   50   0.322   2.100   1.800
2012-08-19T03:29:48.500000Z  46.633  38.419  13.300   1.800   22   19   14 122.670   9.880   41   0.243   1.500   1.400
2012-08-19T03:47:58.900000Z  46.845  38.484  12.800   1.900   22   19   13 130.230  15.600   52   0.426   2.900   2.500
2012-08-19T04:39:27.900000Z  46.791  38.432  22.900   2.100   23   19   14 130.320  13.300   43   0.247   1.700   1.700
2012-08-19T05:10:15.600000Z  46.795  38.464  18.700   2.700   24   19   14 140.800  22.500   63   0.227   1.700   1.400
2012-08-19T08:18:27.100000Z  46.625  38.427   0.000   2.400   22   19   14 129.620   9.310   49   0.542   3.200   3.400
2012-08-19T08:25:20.300000Z  46.653  38.422  10.000   2.000   24   19   14 134.810   9.150   41   0.467   2.700   3.100
2012-08-19T10:52:00.000000Z  46.814  38.411  10.000   2.500   22   19   14 142.070  16.400   45   0.477   2.800   3.000
2012-08-19T13:41:51.000000Z  46.673  38.461  18.000   2.100   22   19   14 132.000   4.850   47   0.222   1.500   1.300
2012-08-19T14:40:59.500000Z  46.779  38.448  15.300   2.100   22   19   14 134.020  24.200   49   0.232   1.700   1.600
2012-08-19T15:32:29.300000Z  46.816  38.356  14.300   2.200   21   19   14 147.280  20.200   63   0.315   2.200   1.800
2012-08-19T22:30:29.300000Z  46.648  38.446  13.500   1.500   23   19   14 130.540  35.500   48   0.303   1.900   2.100
2012-08-19T23:27:02.300000Z  46.641  38.431  14.300   1.700   25   19   14 142.870   8.450   40   0.264   1.800   1.500
2012-08-20T01:04:22.600000Z  46.675  38.483   5.800   2.000   21   19   14 138.860  37.000   54   0.157   1.100   1.900
2012-08-20T01:24:13.300000Z  46.697  38.419  10.000   1.500   22   19   14 133.640   9.710   43   0.616   3.700   4.200
2012-08-20T01:45:09.900000Z  46.673  38.434   0.000   1.300   24   19   14 141.620   7.810   49   0.558   3.300   3.600
2012-08-20T02:04:58.700000Z  46.686  38.396  15.400   1.900   22   19   14 116.710  12.100   44   0.242   1.600   1.300
2012-08-20T04:09:59.600000Z  46.678  38.434  19.000   2.700   23   19   14 140.810   7.830   41   0.173   1.100   1.000
2012-08-20T06:06:14.500000Z  46.662  38.430  20.200   2.100   23   19   14 132.650   8.290   49   0.277   1.900   1.800
2012-08-20T06:59:31.700000Z  46.787  38.384  13.100   1.700   24   19   14 138.160  16.900   49   0.255   1.800   1.400
2012-08-20T10:06:32.600000Z  46.852  38.442   7.700   2.000   23   19   14 118.560  17.400   62   0.280   1.800   2.200
2012-08-20T12:21:03.400000Z  46.739  38.454  22.800   1.900   23   19   14 140.490   8.330   41   0.233   1.600   1.400
2012-08-20T14:53:29.500000Z  46.652  38.435  20.100   1.800   23   19   14 137.330   7.750   51   0.216   1.600   1.300
2012-08-20T16:54:52.100000Z  46.673  38.429  20.100   3.000   23   19   14 135.150   8.290   41   0.216   1.500   1.400
2012-08-20T20:32:50.300000Z  46.806  38.436  18.500   2.200   23   19   14 136.070  14.200   43   0.212   1.500   1.100
2012-08-20T21:17:40.200000Z  46.637  38.430   8.600   1.900   22   19   14 135.200  36.700   40   0.198   1.300   1.600
2012-08-20T21:24:17.700000Z  46.871  38.438  20.900   3.000   23   18   14 136.630  16.700   52   0.225   1.800   1.700
2012-08-20T21:37:39.100000Z  46.671  38.428  10.000   2.800   21   18   14 134.830   8.470   50   0.566   3.600   4.100
2012-08-20T22:20:12.900000Z  46.641  38.422  10.000   1.500   23   19   14 139.020   9.430   41   0.602   3.800   3.800
2012-08-21T03:31:54.700000Z  46.675  38.436  16.600   2.400   23   19   14 119.710   7.530   41   0.367   2.300   1.900
2012-08-21T05:23:59.100000Z  46.747  38.449   4.100   2.000   23   19   14 135.930   9.160   41   0.186   1.200   1.900
2012-08-21T08:38:50.400000Z  46.579  38.388  14.600   2.600   22   19   14 140.590  15.000   79   0.267   1.800   1.600
2012-08-21T09:15:12.100000Z  46.762  38.479   4.100   1.700   24   19   14 142.860   8.690   40   0.249   1.600   2.200
2012-08-21T10:24:46.800000Z  46.709  38.439   9.500   1.800   24   19   14 130.530   8.060   42   0.190   1.200   1.200
2012-08-21T17:43:02.300000Z  46.710  38.414  20.900   3.200   22   19   14 139.000  10.700   45   0.378   2.600   2.400
2012-08-22T04:24:53.700000Z  46.691  38.423   6.200   2.300   25   19   14 140.980   9.260   42   0.231   1.500   1.800
2012-08-22T09:50:22.600000Z  46.657  38.442  18.900   3.400   23   19   14 147.770  36.300   46   0.259   2.000   1.900
2012-08-22T10:08:09.500000Z  46.851  38.456  27.100   2.100   23   19   14 132.070  16.800   47   0.176   1.200   1.000
2012-08-22T11:33:50.600000Z  46.642  38.450   9.400   2.800   22   19   14 124.030   6.410   48   0.257   1.700   1.600
2012-08-22T14:45:02.400000Z  46.650  38.428  14.900   1.800   23   19   14 145.910   8.590   50   0.173   1.200   0.900
2012-08-22T15:37:57.500000Z  46.843  38.436  18.800   2.500   22   19   14 127.880  19.100   47   0.272   1.800   1.600
2012-08-22T15:55:46.700000Z  46.787  38.444  17.300   1.400   25   19   14 139.050  23.500   42   0.218   1.500   1.400
2012-08-22T16:29:10.500000Z  46.861  38.431  21.900   1.700   26   19   14 131.620  17.800   44   0.263   1.900   1.600
2012-08-22T18:32:35.300000Z  46.641  38.418  14.100   2.100   23   19   14 126.830   9.790   50   0.230   1.500   1.200
2012-08-22T21:40:45.300000Z  46.714  38.436   8.700   1.600   24   19   14 142.510   8.580   42   0.276   1.800   2.200
2012-08-23T00:10:39.300000Z  46.726  38.431  18.600   2.400   22   19   14 133.200   9.510   46   0.165   1.100   0.900
2012-08-23T00:16:44.500000Z  46.720  38.435   8.600   1.500   23   19   14 134.600   8.960   46   0.229   1.500   1.500
2012-08-23T00:56:25.800000Z  46.710  38.445   7.900   1.800   23   19   14 134.420   7.470   41   0.264   1.800   1.600
2012-08-23T02:37:15.100000Z  46.651  38.461  18.700   2.200   23   19   14 126.020   5.010   46   0.222   1.600   1.500
2012-08-23T04:06:36.900000Z  46.644  38.440  16.400   2.200   23   19   14 135.690   7.460   40   0.205   1.500   1.200
2012-08-23T08:23:42.400000Z  46.602  38.432  10.000   2.800   26   19   14 132.370  39.800   39   0.555   3.300   3.600
2012-08-23T12:14:46.700000Z  46.621  38.424  10.000   2.700   21   19   14 141.380  38.600   40   0.581   3.600   3.900
2012-08-23T12:31:57.500000Z  46.716  38.421  10.000   2.000   23   19   14 156.800  30.700   49   0.548   3.400   3.700
2012-08-23T14:52:19.200000Z  46.645  38.440  16.000   2.100   22   19   14 140.340  37.300   40   0.200   1.400   1.500
2012-08-23T16:37:19.200000Z  46.791  38.463   8.600   2.800   23   19   14 125.160  11.700   41   0.230   1.500   1.800
2012-08-23T17:18:12.000000Z  46.631  38.397  15.700   1.900   22   19   14 128.590  12.300   52   0.257   1.800   1.600
2012-08-23T20:31:29.300000Z  46.720  38.437  15.800   3.100   22   19   14 141.540   8.690   42   0.206   1.400   1.100
2012-08-23T22:56:32.800000Z  46.636  38.450  19.300   1.700   24   19   14 140.100   6.580   39   0.218   1.600   1.000
2012-08-24T05:14:46.700000Z  46.618  38.402   0.000   1.800   23   19   14 128.630  12.200   52   0.568   3.200   3.600
2012-08-24T07:38:39.400000Z  47.001  38.491  10.400   3.200   23   19   14 127.850   4.340   50   0.226   1.600   1.500
2012-08-24T09:49:29.500000Z  46.829  38.497  17.700   2.300   23   19   14 130.760  19.400   43   0.271   1.800   1.900
2012-08-24T10:44:03.400000Z  46.884  38.438  19.200   1.500   23   19   14 135.570  15.700   49   0.277   1.800   1.800
2012-08-24T11:11:20.800000Z  46.792  38.382   6.400   1.600   26   19   14 136.410  23.000   47   0.165   1.100   1.300
2012-08-24T12:02:55.000000Z  46.671  38.452  14.200   2.000   23   19   14 123.190   5.830   40   0.265   1.700   1.900
2012-08-24T12:14:53.500000Z  46.716  38.442  18.700   1.600   23   19   14 127.260   8.020   43   0.194   1.400   1.400
2012-08-24T15:50:12.000000Z  46.684  38.409   4.100   1.500   24   19   14 131.630  10.700   43   0.313   2.100   2.800
2012-08-24T16:08:30.100000Z  46.728  38.390  18.100   1.200   24   19   14 129.250  13.700   46   0.273   1.800   1.400
2012-08-24T16:37:38.200000Z  47.002  38.538   4.100   2.100   22   19   14 133.270   6.810   59   0.176   1.100   1.700
2012-08-24T21:42:07.100000Z  46.664  38.423  10.000   1.700   23   19   14 140.100   9.010   42   0.288   1.900   1.800
2012-08-24T21:44:06.800000Z  46.737  38.428  19.500   1.700   23   19   14 135.750  28.200   60   0.148   1.100   1.000
2012-08-24T22:43:36.200000Z  46.707  38.457  23.900   1.100   22   19   14 133.640   6.240   44   0.175   1.200   1.000
2012-08-24T23:20:32.800000Z  46.798  38.539   4.100   1.100   25   19   14 126.150  12.000   36   0.260   1.600   2.600
2012-08-24T23:57:20.100000Z  46.614  38.444  14.200   1.100   23   19   14 133.130   8.140   39   0.213   1.400   1.800
2012-08-25T00:09:04.800000Z  46.690  38.441  10.000   1.600   23   19   14 155.130   7.280   48   0.628   3.800   3.800
2012-08-25T00:58:55.300000Z  46.779  38.427  15.600   1.200   22   19   14 138.970  12.900   43   0.315   2.400   2.100
2012-08-25T02:55:50.300000Z  46.636  38.449  20.400   2.100   23   19   14 134.040   6.670   48   0.230   1.600   1.300
2012-08-25T06:09:46.100000Z  46.690  38.424  17.700   3.000   24   19   14 122.210  32.300   52   0.271   1.800   1.900
2012-08-25T07:33:34.200000Z  46.566  38.436   1.600   2.100   24   19   14 137.530  42.700   37   0.195   1.300   1.500
2012-08-25T07:46:20.900000Z  46.877  38.433  14.700   3.300   23   19   14 143.840  19.200   47   0.261   2.000   1.900
2012-08-25T14:59:32.300000Z  46.929  38.388   7.100   2.300   21   19   14 148.000  12.500   51   0.180   1.200   1.200
2012-08-25T17:14:24.900000Z  46.646  38.451   4.100   1.600   23   19   14 119.190   6.230   39   0.532   3.200   4.700
2012-08-25T19:59:28.200000Z  46.921  38.442  11.100   1.800   25   19   14 149.870  12.500   51   0.272   1.900   1.800
2012-08-25T20:03:41.600000Z  46.640  38.414  20.300   2.600   24   19   14 130.320  10.200   50   0.208   1.500   1.300
2012-08-26T01:28:37.100000Z  46.648  38.441  18.800   2.600   23   19   14 140.570   7.190   49   0.243   1.700   1.500
2012-08-26T04:01:33.500000Z  46.645  38.403  19.100   2.300   23   19   14 120.110  11.300   51   0.203   1.400   1.000
2012-08-26T05:22:11.700000Z  46.707  38.441  18.300   2.800   22   19   14 152.580   7.790   58   0.239   1.700   1.300
2012-08-26T09:36:53.200000Z  46.654  38.444  14.900   3.900   23   15   14 116.520   6.720   52   0.299   2.200   1.700
2012-08-26T09:43:22.100000Z  46.652  38.449  15.600   3.900   20   15   14 131.340   6.270   47   0.309   2.200   1.900
2012-08-26T11:15:28.100000Z  46.675  38.431  18.900   2.300   25   19   14 139.910   8.110   49   0.191   1.300   1.000
2012-08-26T12:50:55.200000Z  46.702  38.390  12.200   1.900   24   19   14 136.640  12.900   45   0.240   1.600   1.300
2012-08-26T12:52:35.200000Z  46.635  38.436   5.200   1.800   22   19   14 116.840   8.050   40   0.251   1.600   2.200
2012-08-26T13:05:19.600000Z  46.635  38.435  11.400   2.100   24   19   14 137.040   8.210   48   0.268   1.800   1.400
2012-08-26T13:08:35.800000Z  46.655  38.431  14.900   3.800   20   16   14 125.870   8.230   48   0.311   2.200   1.800
2012-08-26T13:44:31.000000Z  46.743  38.388   8.000   1.500   24   19   14 129.570  14.500   46   0.209   1.300   1.500
2012-08-26T14:26:50.000000Z  46.698  38.350  11.800   1.800   25   19   14 129.130  17.300   49   0.256   1.600   1.500
2012-08-26T14:51:02.900000Z  46.844  38.444  17.300   1.700   23   19   14 115.410  16.700   44   0.202   1.400   1.100
2012-08-26T18:15:32.000000Z  46.863  38.416  12.500   3.400   22   17   14 150.420  19.100   45   0.265   2.000   1.700
2012-08-26T19:22:09.700000Z  46.633  38.418  10.000   1.300   24   19   14 130.590  37.300   41   0.449   2.700   3.100
2012-08-26T20:12:37.600000Z  46.667  38.430  14.500   1.300   22   19   14 128.610   8.190   41   0.295   2.000   1.800
2012-08-26T20:57:08.500000Z  46.708  38.461   4.100   1.700   22   19   14 126.020   5.910   47   0.218   1.500   2.100
2012-08-26T22:48:14.300000Z  46.662  38.479  13.400   2.900   24   19   14 137.420   2.870   45   0.279   2.000   2.100
2012-08-27T02:46:27.900000Z  46.646  38.415  20.100   1.700   22   19   14 118.900  10.000   42   0.227   1.500   1.500
2012-08-27T05:08:06.400000Z  46.574  38.433   0.000   1.900   25   19   14 137.310  11.400   45   0.572   3.400   3.800
2012-08-27T06:30:56.200000Z  46.696  38.408   4.100   2.100   22   19   14 117.100  10.900   44   0.285   1.700   3.200
2012-08-27T11:01:13.300000Z  46.692  38.399  20.400   2.600   22   19   14 124.460  11.800   49   0.281   1.900   2.300
2012-08-27T13:46:34.600000Z  46.696  38.370  18.800   1.700   24   19   14 136.430  15.100   47   0.290   1.900   1.500
2012-08-27T15:10:34.800000Z  46.840  38.400  16.200   1.600   22   19   14 132.980  18.900   46   0.261   1.800   1.500
2012-08-27T16:52:14.000000Z  46.862  38.432  20.100   2.200   24   19   14 153.390  17.700   50   0.245   1.700   1.500
2012-08-27T17:55:08.900000Z  46.809  38.388  18.100   2.000   22   19   14 110.620  17.900   63   0.271   1.700   1.300
2012-08-27T21:03:26.900000Z  46.675  38.395  12.900   1.900   23   19   14 155.100  12.100   51   0.244   1.700   1.300
2012-08-27T22:48:15.700000Z  46.740  38.333   9.000   1.300   23   19   14 139.100  20.000   53   0.196   1.400   1.500
2012-08-27T23:56:30.800000Z  46.886  38.434   8.600   3.400   22   18   14 137.960  18.700   49   0.283   2.000   2.900
2012-08-28T00:28:01.100000Z  46.695  38.387   0.800   1.500   22   19   14 142.110  31.300   45   0.198   1.200   1.300
2012-08-28T01:55:36.000000Z  46.704  38.405  11.800   2.000   22   19   14 129.300  11.400   50   0.176   1.100   1.200
2012-08-28T02:21:14.400000Z  46.587  38.430  20.700   2.500   25   19   14 144.010  10.800   39   0.390   2.400   2.000
2012-08-28T03:33:22.900000Z  46.667  38.391  14.100   1.800   23   19   14 139.070  33.800   44   0.278   1.900   1.800
2012-08-28T03:41:07.700000Z  46.782  38.408  21.900   2.100   21   19   14 124.720  14.600   52   0.238   1.600   2.000
2012-08-28T03:54:51.100000Z  46.627  38.430  19.200   1.400   22   19   14 130.790   8.910   48   0.165   1.100   0.900
2012-08-28T04:13:21.800000Z  46.789  38.379  13.400   1.400   21   19   14 143.190  17.400   48   0.272   1.900   1.500
2012-08-28T04:38:46.600000Z  46.769  38.394  19.700   2.400   23   19   14 142.550  15.000   46   0.225   1.600   1.200
2012-08-28T05:11:25.300000Z  46.742  38.436  24.300   1.700   25   19   14 128.810   9.890   42   0.249   1.700   1.500
2012-08-28T05:35:42.800000Z  46.656  38.389  18.800   1.300   20   19   14 154.450  34.600   52   0.280   2.000   1.600
2012-08-28T12:25:58.900000Z  46.586  38.423  10.000   1.900   25   19   14 137.210  11.500   53   0.621   3.600   3.800
2012-08-28T14:34:06.600000Z  46.717  38.402  11.100   1.700   21   19   14 131.100  12.100   45   0.304   2.200   2.500
2012-08-28T17:46:31.400000Z  46.744  38.431  20.200   3.400   21   18   14 120.890  10.400   50   0.260   1.900   1.700
2012-08-28T17:58:51.800000Z  46.643  38.412  18.900   3.700   22   16   14 127.980  10.400   42   0.295   2.000   1.600
2012-08-28T18:21:13.800000Z  46.659  38.399  16.300   1.900   26   19   14 140.950  34.600   51   0.222   1.500   1.400
2012-08-28T19:01:46.400000Z  46.660  38.429  13.800   1.200   23   19   14 132.980   8.380   45   0.212   1.400   1.300
2012-08-28T20:32:12.400000Z  46.649  38.397  10.000   1.900   24   19   14 149.590  35.400   52   0.541   3.400   3.500
2012-08-29T00:27:05.000000Z  46.603  38.427  19.100   2.500   23   19   14 133.540  10.300   57   0.254   1.800   1.400
2012-08-29T01:01:26.300000Z  46.850  38.442  31.000   1.700   26   19   14 122.840  17.300   44   0.207   1.600   1.000
2012-08-29T08:56:38.900000Z  46.683  38.486  10.000   2.700   21   19   14 137.220   2.350   47   0.662   3.700   3.900
2012-08-29T10:43:13.000000Z  46.663  38.407  17.200   2.200   25   19   14 135.220  10.800   43   0.226   1.600   1.100
2012-08-29T11:46:27.400000Z  46.640  38.422  17.700   3.900   20   15   14 124.520  37.000   74   0.251   1.700   1.800
2012-08-29T12:10:30.900000Z  46.699  38.420  21.700   2.500   22   19   14 138.950   9.750   49   0.267   1.900   1.500
2012-08-29T13:32:44.300000Z  46.843  38.412  22.600   1.900   23   19   14 130.130  18.400   62   0.259   1.800   1.500
2012-08-29T13:46:42.300000Z  46.785  38.367  14.700   2.100   23   19   14 136.000  18.300   50   0.268   1.800   1.400
2012-08-29T18:30:50.300000Z  46.647  38.392  19.100   1.800   22   19   14 145.830  12.600   48   0.256   1.800   1.200
2012-08-30T03:42:46.400000Z  46.641  38.452  17.600   2.500   24   19   14 117.670   6.190   39   0.227   1.500   1.100
2012-08-30T06:25:50.500000Z  46.706  38.438   9.900   2.700   23   19   14 141.980   8.050   46   0.254   1.700   1.600
2012-08-30T06:30:42.800000Z  46.866  38.448  13.400   2.600   23   19   14 132.950  16.800   51   0.365   2.500   2.400
2012-08-30T06:45:56.400000Z  46.689  38.428   6.800   1.900   23   19   14 129.830   8.570   42   0.208   1.300   1.400
2012-08-30T10:16:10.100000Z  46.886  38.441  13.000   2.800   22   19   14 125.340  15.400   51   0.205   1.400   1.300
2012-08-30T11:33:16.700000Z  46.674  38.449  18.800   2.300   23   19   14 137.350   6.150   40   0.201   1.500   1.100
2012-08-30T21:03:18.300000Z  46.568  38.498   7.500   2.700   25   19   14 125.930   8.750   36   0.263   1.700   2.300
2012-08-30T21:43:49.200000Z  46.567  38.434  18.000   1.800   24   19   14 138.650  11.700   37   0.165   1.200   0.800
2012-08-31T02:58:33.200000Z  46.931  38.493  11.100   2.100   22   19   14 132.040  10.400   55   0.272   1.900   1.800
2012-08-31T04:00:59.200000Z  46.611  38.445  20.100   2.500   21   19   14 131.700   8.190   53   0.203   1.400   1.200
2012-08-31T09:08:19.600000Z  46.709  38.510  16.800   2.300   22   19   14 133.290   3.610   47   0.205   1.500   1.100
2012-08-31T11:14:26.300000Z  46.722  38.385   8.600   2.100   23   19   14 142.150  28.900   46   0.245   1.700   2.000
2012-08-31T11:31:18.600000Z  46.659  38.377  12.300   2.100   22   19   14 151.850  34.100   86   0.264   1.800   1.900
2012-08-31T20:16:01.000000Z  46.758  38.360  10.000   1.900   23   19   14 150.610  25.200   50   0.606   3.700   4.000
2012-08-31T21:14:55.400000Z  46.647  38.434   9.100   1.400   23   19   14 134.600   7.940   49   0.191   1.200   1.100
2012-08-31T22:41:14.400000Z  46.701  38.393  25.900   1.500   24   19   14 125.230  12.600   45   0.187   1.400   1.100
2012-08-31T22:52:20.900000Z  46.723  38.388  24.400   2.400   24   19   14 132.630  13.700   46   0.209   1.500   1.200
2012-09-01T00:58:21.600000Z  46.780  38.361   5.000   1.400   22   19   14 132.360  18.700   49   0.159   1.000   1.300
2012-09-01T01:44:29.300000Z  46.649  38.384  10.000   1.500   24   19   14 125.110  13.400   47   0.537   3.000   3.600
2012-09-01T02:01:47.500000Z  46.676  38.357   9.900   1.400   26   19   14 149.510  32.300   51   0.300   1.900   2.100
2012-09-01T05:04:03.800000Z  46.779  38.397  17.900   3.500   23   13   14 136.760  24.600   46   0.295   2.100   1.800
2012-09-01T06:20:20.700000Z  46.754  38.441  17.400   3.000   22   19   14 137.480  26.400   47   0.258   1.800   1.600
2012-09-01T06:22:17.500000Z  46.633  38.436  11.900   2.400   22   19   14 122.020   8.200   45   0.306   1.900   1.800
2012-09-01T06:36:36.700000Z  46.610  38.452  15.600   2.600   24   19   14 121.200   7.700   38   0.297   2.000   1.800
2012-09-01T07:12:12.000000Z  46.712  38.362  13.500   2.200   21   19   14 127.260  29.300   62   0.260   1.600   1.700
2012-09-01T13:21:57.600000Z  46.704  38.394  18.700   2.300   26   19   14 147.650  12.500   45   0.219   1.500   1.300
2012-09-01T14:26:05.400000Z  46.932  38.476  20.700   1.900   25   19   14 132.380  10.500   52   0.216   1.300   1.200
2012-09-01T16:38:47.200000Z  46.936  38.321   9.000   1.600   22   19   14 129.830   9.240   50   0.180   1.200   1.100
2012-09-01T17:48:10.100000Z  46.858  38.382  13.500   1.700   21   19   14 149.120  17.500   49   0.282   1.900   1.600
2012-09-01T17:51:48.300000Z  46.720  38.374  16.400   1.700   23   19   14 130.630  15.100   56   0.205   1.400   1.100
2012-09-01T19:26:16.000000Z  46.638  38.352   0.100   1.600   23   19   14 133.600  17.100   55   0.547   3.200   3.600
2012-09-01T19:37:58.400000Z  46.779  38.381  17.900   1.700   25   19   14 140.900  16.700   47   0.234   1.600   1.200
2012-09-01T19:51:35.400000Z  46.780  38.375  17.900   2.000   23   19   14 130.020  17.400   48   0.225   1.500   1.200
2012-09-01T20:59:34.200000Z  46.789  38.380  17.000   2.800   24   19   14 128.220  17.300   49   0.299   1.900   1.600
2012-09-01T21:16:11.000000Z  46.816  38.381  19.200   1.100   22   19   14 121.520  18.700   66   0.217   1.600   1.200
2012-09-01T22:17:44.700000Z  46.728  38.415  17.400   2.300   22   19   14 129.080  11.200   49   0.252   1.800   1.300
2012-09-02T01:33:44.900000Z  46.924  38.314   9.600   1.600   25   19   14 135.790  10.300   47   0.192   1.300   1.200
2012-09-02T02:53:47.500000Z  46.854  38.398  16.100   3.400   22   19   14 139.220  18.700   61   0.228   1.700   1.900
2012-09-02T04:11:26.100000Z  46.774  38.424  18.600   2.900   24   19   14 136.340  25.300   44   0.287   1.900   1.600
2012-09-02T08:50:11.500000Z  46.784  38.424  15.900   4.200   21   12   14 136.740  25.400   62   0.308   2.400   2.500
2012-09-02T09:03:16.800000Z  46.782  38.404  16.600   3.500   23   19   14 144.500  14.900   48   0.234   1.600   1.300
2012-09-02T09:24:34.900000Z  46.715  38.449  28.700   2.700   23   19   14 136.710  29.700   41   0.240   1.800   1.500
2012-09-02T11:11:50.900000Z  46.649  38.381  18.900   3.100   20   19   14 127.410  13.700   53   0.203   1.400   1.100
2012-09-02T13:44:03.700000Z  46.687  38.387  17.200   3.000   21   19   14 143.910  13.100   51   0.226   1.500   1.400
2012-09-02T14:22:21.000000Z  46.760  38.399  20.200   2.000   25   19   14 123.110  14.200   46   0.266   1.700   1.800
2012-09-02T15:36:24.400000Z  46.775  38.365   8.800   1.900   23   19   14 126.550  18.000   49   0.236   1.500   1.700
2012-09-02T21:26:29.700000Z  46.715  38.434  23.700   1.900   26   19   14 139.950   8.770   42   0.155   1.100   1.100
2012-09-02T23:16:42.500000Z  46.716  38.220   4.900   2.400   23   19   14 125.090  30.600   62   0.282   1.900   2.400
2012-09-03T04:43:10.200000Z  46.645  38.439  15.100   2.900   23   19   14 136.080   7.450   40   0.337   2.300   2.000
2012-09-03T05:58:15.000000Z  46.712  38.387  23.600   2.500   24   19   14 136.280  13.500   46   0.210   1.500   1.100
2012-09-03T13:59:30.200000Z  46.834  38.365  15.500   2.200   24   19   14 131.550  18.900   48   0.293   1.900   1.700
2012-09-03T14:19:25.000000Z  46.805  38.338   7.700   1.900   25   19   14 144.010  20.900   51   0.240   1.600   1.800
2012-09-03T16:21:11.100000Z  46.703  38.389  20.400   2.100   23   19   14 135.210  13.200   45   0.215   1.500   1.500
2012-09-03T16:29:59.000000Z  46.860  38.386  18.900   1.800   21   19   14 142.210  17.600   61   0.209   1.400   1.300
2012-09-03T17:17:11.600000Z  46.856  38.407  20.300   2.200   22   19   14 133.370  19.000   45   0.201   1.400   1.500
2012-09-03T17:17:34.500000Z  46.854  38.417  18.100   2.200   24   19   14 130.380  18.800   45   0.241   1.600   1.300
2012-09-03T20:11:44.300000Z  46.840  38.313  10.000   1.900   24   19   14 140.090  17.700   51   0.496   2.900   3.600
2012-09-03T22:23:46.300000Z  46.633  38.379  15.300   1.500   23   19   14 140.820  36.400   44   0.167   1.200   1.100
2012-09-03T23:30:50.700000Z  46.786  38.387   8.700   1.200   22   19   14 144.910  16.600   47   0.300   2.000   2.000
2012-09-03T23:59:57.800000Z  46.784  38.353  10.000   1.200   23   19   14 142.180  19.600   51   0.544   3.300   3.500
2012-09-04T00:21:16.300000Z  46.771  38.390  24.300   1.600   22   19   14 147.480  15.500   49   0.177   1.300   1.000
2012-09-04T00:42:55.900000Z  46.781  38.541  15.200   1.000   24   19   14 139.080  24.200   42   0.250   1.800   1.700
2012-09-04T00:50:38.500000Z  46.778  38.375  17.900   2.200   23   19   14 137.090  17.200   50   0.248   1.600   1.200
2012-09-04T02:08:31.100000Z  46.634  38.396  18.100   1.300   22   19   14 121.120  12.400   52   0.190   1.400   1.000
2012-09-04T02:09:04.000000Z  46.659  38.396  20.100   1.400   24   19   14 132.750  12.000   44   0.247   1.700   1.700
2012-09-04T03:13:48.700000Z  46.700  38.396  20.200   2.900   24   19   14 134.660  12.300   51   0.195   1.300   1.300
2012-09-04T04:20:28.800000Z  46.686  38.392  19.000   2.900   25   19   14 121.140  12.600   45   0.188   1.200   1.000
2012-09-04T05:43:57.100000Z  46.717  38.398  18.900   2.600   23   19   14 140.260  29.700   45   0.222   1.600   1.500
2012-09-04T08:16:12.700000Z  46.780  38.385  18.700   2.500   23   19   14 132.030  16.400   47   0.219   1.600   1.100
2012-09-04T13:55:56.400000Z  46.703  38.322   0.000   2.200   24   19   14 135.370  20.400   52   0.520   3.100   3.100
2012-09-04T14:21:11.700000Z  46.700  38.376  10.000   1.800   24   19   14 139.530  14.500   47   0.528   3.100   3.700
2012-09-04T17:25:39.500000Z  46.815  38.374  18.900   2.300   21   19   14 135.900  19.300   50   0.190   1.300   1.000
2012-09-04T17:52:32.800000Z  46.797  38.368  15.300   1.200   24   19   14 134.060  18.900   49   0.298   1.900   1.600
2012-09-04T18:15:09.700000Z  46.719  38.434  29.100   1.200   24   19   14 138.680   8.950   48   0.218   1.600   1.200
2012-09-04T18:33:30.900000Z  46.796  38.383  17.300   1.300   23   19   14 132.860  17.500   47   0.229   1.600   1.300
2012-09-04T19:17:59.000000Z  46.809  38.400  17.100   1.400   25   19   14 124.640  16.900   46   0.262   1.700   1.300
2012-09-04T22:42:58.100000Z  47.056  38.311  10.000   0.700   23   19   14 126.720   1.430   56   0.645   3.900   4.500
2012-09-04T23:53:45.400000Z  46.777  38.315  10.000   1.000   24   19   14 129.920  23.000   53   0.483   2.800   3.300
2012-09-05T01:28:05.500000Z  46.788  38.437   9.200   1.500   24   19   14 133.670  12.800   43   0.263   1.600   1.700
2012-09-05T03:02:42.500000Z  46.649  38.429  16.300   2.600   24   19   14 149.360   8.450   46   0.224   1.500   1.300
2012-09-05T09:33:46.100000Z  46.716  38.400  14.400   3.900   22   17   14 142.560  29.900   84   0.277   1.900   2.200
2012-09-05T12:14:04.400000Z  46.667  38.444  13.500   2.900   23   19   14 133.730   6.640   49   0.212   1.500   1.200
2012-09-05T15:07:19.800000Z  46.783  38.395  18.000   1.700   22   19   14 136.160  15.700   49   0.238   1.600   1.200
2012-09-05T16:00:07.000000Z  46.683  38.376  19.700   2.200   21   19   14 133.710  14.300   46   0.186   1.300   1.000
2012-09-05T17:14:36.900000Z  46.858  38.371  15.500   2.000   21   19   14 125.470  17.100   49   0.277   1.900   1.500
2012-09-05T18:47:38.900000Z  46.637  38.396  19.300   2.400   24   19   14 140.870  12.200   43   0.239   1.600   1.200
2012-09-05T19:03:13.700000Z  46.802  38.429  18.800   2.200   21   19   14 124.330  14.400   50   0.277   1.800   1.500
2012-09-05T21:26:42.000000Z  46.796  38.376  18.100   1.600   22   19   14 125.770  18.000   48   0.211   1.400   1.100
2012-09-05T23:48:37.000000Z  46.858  38.420   4.100   2.000   25   19   14 143.170  18.600   45   0.246   1.500   2.000
2012-09-06T01:19:42.400000Z  46.775  38.423  20.500   2.300   21   19   14 133.640  13.000   45   0.264   1.800   1.800
2012-09-06T02:19:16.300000Z  46.840  38.382  18.200   2.400   24   19   14 127.970  19.000   49   0.234   1.600   1.100
2012-09-06T08:51:17.700000Z  46.651  38.380  18.900   2.000   23   19   14 133.420  13.900   46   0.196   1.400   1.100
2012-09-06T10:38:31.200000Z  46.816  38.399  13.100   2.200   22   19   14 126.320  17.400   47   0.356   2.300   2.100
2012-09-06T20:23:33.900000Z  46.649  38.404  20.100   2.100   23   19   14 120.250  11.200   43   0.227   1.600   1.500
2012-09-06T20:33:21.800000Z  46.866  38.389  19.200   2.100   22   19   14 118.850  17.300   52   0.221   1.500   1.200
2012-09-06T22:02:27.300000Z  46.853  38.358  17.200   1.800   24   19   14 122.640  17.100   49   0.226   1.500   1.300
2012-09-06T22:07:25.600000Z  46.687  38.377  19.200   1.500   26   19   14 138.750  14.100   46   0.207   1.300   1.100
2012-09-06T23:38:04.900000Z  46.704  38.402  19.100   1.300   24   19   14 125.110  31.000   44   0.222   1.500   1.400
2012-09-06T23:56:04.000000Z  46.776  38.372  14.100   1.200   24   19   14 122.750  17.400   48   0.195   1.300   1.100
2012-09-07T02:35:38.300000Z  47.056  38.448   4.100   1.400   22   19   14 145.710   4.720   57   0.318   1.900   2.000
2012-09-07T05:41:29.600000Z  46.784  38.660   4.100   1.500   22   19   14 142.240  29.900   39   0.302   1.900   3.400
2012-09-07T12:46:24.400000Z  46.716  38.380  18.900   3.100   22   19   14 127.780  29.300   47   0.232   1.700   1.700
2012-09-07T16:10:54.800000Z  46.791  38.433  19.800   2.600   22   19   14 137.760  23.600   43   0.328   2.500   2.100
2012-09-07T16:49:54.300000Z  46.655  38.393  16.000   1.700   24   19   14 135.330  12.300   52   0.244   1.600   1.300
2012-09-07T17:25:50.600000Z  46.811  38.387  17.000   2.000   23   19   14 139.810  21.600   48   0.268   1.900   1.400
2012-09-07T17:48:16.800000Z  46.851  38.190  14.600   1.400   24   19   14 142.180  21.900   57   0.255   1.700   1.500
2012-09-07T17:53:54.600000Z  46.718  38.376  17.000   1.600   23   19   14 128.910  14.900   47   0.200   1.300   1.300
2012-09-07T19:17:21.400000Z  46.790  38.446  20.200   2.500   22   19   14 121.880  12.400   52   0.241   1.700   1.500
2012-09-07T19:29:15.800000Z  46.708  38.387  18.400   2.500   21   19   14 119.320  13.400   46   0.225   1.500   1.200
2012-09-07T19:49:29.700000Z  46.809  38.337  10.700   1.400   23   19   14 140.500  20.500   51   0.263   2.000   2.100
2012-09-07T20:00:07.000000Z  46.804  38.383  14.700   1.700   22   19   14 126.000  22.000   47   0.248   1.700   1.800
2012-09-07T20:47:23.000000Z  46.808  38.379  13.500   1.400   22   19   14 136.060  21.500   48   0.191   1.300   1.200
2012-09-07T21:33:49.300000Z  46.644  38.363  10.000   1.700   24   19   14 145.040  15.800   56   0.590   3.500   3.800
2012-09-07T21:36:57.200000Z  46.893  38.381  17.700   2.100   23   19   14 142.840  14.800   46   0.212   1.500   1.200
2012-09-07T23:37:53.400000Z  46.846  38.347  10.000   1.300   24   19   14 139.690  17.500   49   0.569   3.400   3.700
2012-09-08T00:53:37.100000Z  46.743  38.458  18.700   2.300   23   19   14 134.730   8.350   47   0.253   1.700   1.400
2012-09-08T01:12:30.100000Z  46.773  38.376  14.200   1.400   25   19   14 124.500  16.800   48   0.289   1.900   1.800
2012-09-08T02:31:18.700000Z  46.865  38.413  23.600   1.300   22   19   14 117.950  18.400   45   0.174   1.200   1.100
2012-09-08T04:16:15.600000Z  46.660  38.389  14.900   2.300   23   19   14 139.320  12.800   44   0.237   1.600   1.500
2012-09-08T04:46:49.500000Z  46.642  38.363  19.100   1.600   23   19   14 140.130  35.300   46   0.190   1.300   1.200
2012-09-08T06:52:30.900000Z  46.701  38.385  15.500   3.200   23   19   14 143.960  13.500   51   0.238   1.600   1.400
2012-09-08T08:30:03.900000Z  46.773  38.389  13.200   2.500   24   19   14 143.080  15.700   47   0.290   1.900   1.700
2012-09-08T09:38:37.700000Z  46.793  38.319  10.100   2.000   23   19   14 135.850  21.700   52   0.295   2.000   1.800
2012-09-08T14:01:12.700000Z  46.646  38.363  10.000   1.900   22   19   14 132.400  15.800   46   0.500   3.000   3.800
2012-09-08T20:35:44.600000Z  46.853  38.378  12.700   3.600   22   17   14 149.270  17.800   81   0.348   2.600   2.300
2012-09-08T21:04:45.100000Z  46.783  38.377  11.900   1.600   24   19   14 155.750  17.300   62   0.213   1.600   1.500
2012-09-08T21:24:06.600000Z  46.687  38.454   4.100   2.000   24   19   14 135.290   5.790   47   0.240   1.500   1.800
2012-09-09T04:50:28.100000Z  46.715  38.384  13.800   1.600   22   19   14 123.950  14.000   46   0.256   1.700   1.400
2012-09-09T10:08:20.600000Z  46.848  38.396  17.600   3.000   24   19   14 127.030  19.000   53   0.243   1.800   1.500
2012-09-09T13:58:18.200000Z  46.686  38.366  17.700   2.700   22   19   14 120.940  15.400   47   0.303   2.200   2.000
2012-09-09T17:40:01.200000Z  46.674  38.379   0.100   1.600   24   19   14 133.730  13.900   46   0.594   3.600   3.700
2012-09-09T20:25:44.600000Z  46.645  38.380  16.800   2.000   23   19   14 122.900  13.900   51   0.274   1.900   1.400
2012-09-09T22:07:00.000000Z  46.659  38.441  19.000   2.000   23   19   14 117.910   6.990   48   0.264   1.800   1.500
2012-09-09T22:07:57.700000Z  46.659  38.393   8.900   1.400   22   19   14 134.090  12.300   44   0.220   1.500   1.500
2012-09-09T22:50:38.800000Z  46.876  38.338   7.700   1.800   25   19   14 143.100  14.700   48   0.226   1.600   1.600
2012-09-10T01:47:02.900000Z  46.715  38.442  16.600   1.700   24   19   14 136.940   7.980   41   0.289   1.900   1.400
2012-09-10T02:02:12.900000Z  46.826  38.405  17.800   2.900   25   19   14 149.240  17.600   45   0.287   2.100   2.000
2012-09-10T08:55:50.200000Z  46.704  38.388  18.900   3.800   19   10   14 120.080  30.600   51   0.236   1.800   1.600
2012-09-10T13:28:35.700000Z  46.731  38.220  14.700   2.000   24   19   14 136.690  29.300   61   0.267   1.800   1.500
2012-09-10T17:25:44.000000Z  46.632  38.382   0.100   1.800   26   19   14 137.680  13.900   44   0.569   3.300   3.500
2012-09-10T19:32:18.100000Z  46.774  38.493  23.900   1.900   24   19   14 133.340  24.100   53   0.211   1.500   1.800
2012-09-11T00:09:48.600000Z  46.539  38.402  18.400   1.100   24   19   14 142.870  38.700   38   0.217   1.500   1.400
2012-09-11T03:23:33.200000Z  46.775  38.382  16.700   2.300   22   19   14 129.040  16.500   49   0.225   1.400   1.200
2012-09-11T03:25:33.300000Z  46.649  38.398  16.300   2.300   22   19   14 143.600  11.800   43   0.243   1.700   1.500
2012-09-11T10:30:33.700000Z  46.648  38.404  20.700   3.300   21   16   14 125.150  11.200   51   0.473   3.200   3.400
2012-09-11T16:30:16.900000Z  46.804  38.332  10.000   1.200   22   19   14 135.230  20.900   51   0.608   3.400   3.700
2012-09-11T17:38:53.200000Z  46.919  38.317  10.000   1.800   25   19   14 149.420  10.700   47   0.597   3.500   3.900
2012-09-11T21:41:12.600000Z  46.912  38.354  11.900   1.800   24   19   14 142.470  12.100   46   0.286   1.800   1.600
2012-09-11T22:48:26.300000Z  46.709  38.437  20.500   2.100   23   19   14 128.540   8.230   48   0.257   1.700   1.900
2012-09-12T09:15:44.100000Z  46.647  38.347  10.000   2.000   24   19   14 139.460  17.600   48   0.692   4.300   3.900
2012-09-12T10:03:30.500000Z  46.652  38.368  10.000   2.300   24   19   14 134.600  15.200   46   0.575   3.400   3.600
2012-09-12T12:44:25.700000Z  46.687  38.387  18.900   1.500   23   19   14 132.110  13.100   45   0.173   1.200   1.000
2012-09-12T12:59:25.100000Z  46.672  38.384  14.700   2.900   24   19   14 134.980  13.300   45   0.217   1.500   1.600
2012-09-12T20:33:52.600000Z  46.634  38.381  14.100   1.400   23   19   14 147.120  14.000   44   0.212   1.400   1.100
2012-09-12T20:41:41.700000Z  46.540  38.443  11.300   1.800   20   19   14 138.170  13.000   36   0.218   1.500   1.300
2012-09-12T22:46:04.700000Z  46.654  38.384  10.000   1.300   25   19   14 128.600  13.300   45   0.539   3.400   3.500
2012-09-12T23:11:17.500000Z  46.703  38.389  18.500   0.800   21   19   14 122.650  13.100   53   0.207   1.400   1.000
2012-09-13T00:19:48.100000Z  46.667  38.429  15.700   1.700   22   19   14 128.250   8.320   46   0.269   1.700   1.400
2012-09-13T01:51:45.900000Z  46.649  38.376  13.900   1.700   22   19   14 137.530  14.200   54   0.225   1.500   1.200
2012-09-13T04:27:37.600000Z  46.843  38.412  20.200   2.100   22   19   14 134.400  18.400   45   0.199   1.300   1.400
2012-09-13T12:12:13.100000Z  46.870  38.419  18.300   2.500   23   19   14 125.340  17.600   44   0.312   2.200   1.700
2012-09-13T14:15:49.200000Z  46.708  38.394  20.200   1.600   25   19   14 132.830  12.700   45   0.173   1.100   1.200
2012-09-13T14:51:29.300000Z  46.617  38.370  10.000   2.100   22   19   14 128.870  15.600   45   0.558   3.200   3.600
2012-09-13T16:48:09.900000Z  46.857  38.336   7.400   1.700   25   19   14 134.160  16.300   49   0.194   1.300   1.300
2012-09-13T17:42:24.500000Z  46.770  38.373  17.600   1.900   25   19   14 124.650  17.100   48   0.165   1.200   1.000
2012-09-13T18:19:28.300000Z  46.649  38.398  12.500   1.800   23   19   14 141.010  11.900   43   0.260   1.700   1.800
2012-09-13T19:05:15.500000Z  46.792  38.356  10.700   1.800   24   19   14 129.960  19.700   50   0.187   1.300   1.400
2012-09-13T19:45:20.400000Z  46.700  38.389  19.300   3.200   19   13   14 121.100  13.100   45   0.223   1.600   1.200
2012-09-13T22:30:04.200000Z  46.871  38.384  16.900   1.600   22   19   14 145.470  16.700   46   0.255   1.800   1.300
2012-09-13T22:57:56.300000Z  46.649  38.398  14.500   1.600   23   19   14 147.990  11.900   45   0.227   1.600   1.300
2012-09-13T23:56:12.800000Z  46.727  38.383  28.200   1.100   24   19   14 143.580  14.400   47   0.177   1.300   1.000
2012-09-14T00:42:36.700000Z  46.827  38.389  16.900   2.500   22   19   14 122.640  18.800   50   0.201   1.400   1.100
2012-09-14T02:19:38.100000Z  46.653  38.388  14.300   3.500   25   19   14 142.490  12.900   46   0.371   2.400   2.200
2012-09-14T13:21:02.200000Z  46.778  38.361   9.400   1.800   25   19   14 148.980  23.600   50   0.238   1.600   1.700
2012-09-14T14:32:33.300000Z  46.617  38.432  18.900   2.700   24   19   14 137.770   9.200   53   0.180   1.300   1.200
2012-09-14T16:41:05.000000Z  46.799  38.383  13.400   2.400   23   19   14 128.390  17.700   47   0.261   1.800   1.800
2012-09-15T11:01:17.400000Z  46.782  38.376  18.400   2.600   23   19   14 150.530  23.600   50   0.228   1.700   1.500
2012-09-15T19:19:21.000000Z  46.806  38.408  17.600   2.200   24   19   14 143.310  16.100   47   0.226   1.500   1.300
2012-09-15T20:28:29.200000Z  46.789  38.372  10.700   1.500   24   19   14 131.580  18.000   50   0.296   1.900   2.200
2012-09-15T21:17:11.100000Z  46.854  38.367  17.800   1.700   24   19   14 138.550  17.300   48   0.212   1.500   1.100
2012-09-16T01:01:33.800000Z  46.572  38.384   1.900   0.900   23   19   14 145.680  15.700   41   0.165   1.100   1.100
2012-09-16T17:12:51.300000Z  46.858  38.398  18.500   2.400   25   19   14 144.480  18.400   46   0.236   1.700   1.100
2012-09-16T18:06:50.700000Z  46.704  38.317   0.000   2.500   24   19   14 146.090  21.000   55   0.406   2.400   2.700
2012-09-16T19:48:09.600000Z  46.782  38.328  12.100   1.300   23   19   14 134.860  22.700   52   0.233   1.600   1.600
2012-09-16T22:59:03.700000Z  46.725  38.380  17.800   1.500   24   19   14 131.350  14.700   51   0.170   1.200   1.000