 DATE    ORIGIN    LAT N    LONG E    DEPTH    MAG NO GAP DMIN  RMS  ERH  ERZ QM
 10203 -159 59.93 33-51.06  52-37.01  21.15        25 137 40.1 0.14  0.3  0.5 B1
 10203  0 1 10.18 33-28.50  52-40.47  29.23        27 187 76.7 0.26  0.9  1.0 C1
 10203  0 2 19.35 33-52.09  52-53.12  27.59        25 133 54.1 0.25  0.6  1.0 B1
 10203  0 3 29.96 33-59.91  52-32.16  18.85        28 119 34.6 0.20  0.4  0.5 B1
 10203  0 4 40.10 33-39.52  52-32.16  20.48        28 163 57.7 0.16  0.4  0.7 C1
 10203  0 5 49.95 33-54.30  52-40.52  23.55        28 130 32.1 0.19  0.4  0.8 B1
 10203  0 7  0.04 33-50.36  52-32.67  19.67        28 138 45.3 0.16  0.4  0.5 C1
 10203  0 8  9.97 33-31.38  52-42.11  27.84        25 203 70.9 0.22  0.8  0.9 C1
 10203  0 9 19.95 33-37.11  52-39.17  24.58        24 167 61.9 0.15  0.4  0.8 C1
 10203  010 29.71 34- 7.09  52-31.88  18.13        28 107 27.4 0.24  0.5  0.5 B1
 10203  011 39.35 33-56.91  52-55.86  30.67        27 124 22.9 0.24  0.6  0.7 B1
 10203  012 50.13 33-23.99  52-32.57  19.93        27 200 74.3 0.26  1.0  1.2 C1
 10203  014  0.02 33-45.98  52-34.93  20.70        27 148 49.8 0.12  0.3  0.6 B1
 10203  015 10.07 33-47.23  52-39.43  25.78        26 145 44.4 0.13  0.3  0.7 B1
 10203  016 20.07 33-35.52  52-27.96  19.49        25 173 55.7 0.18  0.5  0.7 C1
 10203  017 29.98 33-35.92  52-48.65  30.64        24 168 61.1 0.11  0.3  0.5 C1
 10203  018 39.89 33-40.39  52-46.28  27.99        25 159 73.0 0.11  0.3  0.5 C1
 10203  019 50.24 33-44.00  52-28.74  18.87        26 152 49.7 0.17  0.4  0.6 C1
 10203  020 59.78 33-47.92  52-47.05  27.89        26 143 39.5 0.13  0.3  0.5 B1
 10203  022 10.16 33-47.75  52-34.59  20.32        26 144 47.3 0.18  0.4  0.6 C1
 10203  023 19.32 34- 1.77  52-51.53  27.52        28 116 13.2 0.26  0.6  0.8 B1
 10203  024 30.44 33-16.31  52-31.44  22.74        27 217 78.4 0.33  1.4  1.8 D1
 10203  025 39.26 34- 2.85  52-56.08  28.08        26 114 12.9 0.23  0.6  0.7 B1
 10203  026 50.16 33-45.81  52-33.32  21.19        26 148 51.4 0.15  0.4  0.6 C1
 10203  028  0.18 33-48.88  52-13.84   9.50        28 134 25.1 0.19  0.4  0.4 C1
 10203  029  9.41 34- 7.86  52-51.78  26.87        26 107  1.9 0.29  0.8  0.8 B1
 10203  030 20.02 33-42.62  52-43.47  27.32        25 154 50.3 0.12  0.3  0.5 C1
 10203  031 30.06 33-43.25  52-31.56  20.10        25 173 54.3 0.14  0.4  0.7 C1
 10203  032 40.07 33-29.28  52-33.71  21.97        27 187 69.7 0.25  0.9  1.1 C1
 10203  033 50.16 33-37.41  52-12.90  14.65        28 222 35.9 0.31  1.4  1.3 D1
 10203  035  0.12 33-21.03  52-45.52  29.51        26 203 89.0 0.28  1.0  1.2 C1
 10203  036  9.44 33-58.95  52-44.87  23.58        27 122 21.3 0.24  0.6  0.8 B1
 10203  037 20.13 34- 7.82  52-24.71  14.82        27 113 33.7 0.26  0.5  0.7 C1
 10203  038 29.43 33-48.23  52-58.05  31.90        25 139 39.3 0.20  0.6  0.7 C1
 10203  039 40.14 33-28.72  52-27.96  19.49        27 190 65.1 0.34  1.3  1.5 D1
 10203  040 49.98 33-51.74  52-37.14  21.17        27 135 39.0 0.16  0.3  0.5 C1
 10203  042  0.13 33-46.30  52-38.48  24.61        25 147 61.9 0.13  0.4  0.9 C1
 10203  043 10.30 33-40.32  52-27.97  18.76        25 161 51.2 0.19  0.5  0.7 C1
 10203  044 19.89 33-54.85  52-40.91  23.45        27 129 31.0 0.21  0.5  0.8 B1
 10203  045 29.92 33-39.11  52-50.02  31.90        25 161 55.1 0.08  0.2  0.4 C1
 10203  046 40.37 33-41.64  52-26.57  17.10        27 158 48.2 0.22  0.6  0.8 C1
 10203  047 50.15 33-59.48  52-26.30  15.63        26 118 43.0 0.18  0.4  0.6 C1
 10203  049  0.12 33-48.73  52-34.53  20.10        26 142 45.9 0.13  0.3  0.5 B1
 10203  050  9.86 33-26.23  52-51.94  32.28        24 190 78.9 0.15  0.6  1.2 C1
 10203  051 20.16 33-38.63  52-34.86  22.12        24 164 61.8 0.17  0.5  1.0 C1
 10203  052 29.71 33-58.72  52-41.87  22.34        28 122 24.3 0.23  0.5  0.8 B1
 10203  053 39.91 33-41.98  52-46.49  29.95        26 155 50.4 0.10  0.3  0.4 C1
 10203  054 50.14 33-43.50  52-33.17  19.27        26 153 55.1 0.15  0.4  0.5 C1
 10203  056  0.09 33-42.68  52-34.19  21.90        24 155 55.6 0.14  0.3  0.6 C1
 10203  057 10.10 33-41.24  52-40.73  26.41        27 158 53.9 0.11  0.3  0.7 C1
 10203  058 20.19 33-38.93  52-36.53  24.64        26 185 60.2 0.21  0.7  1.1 C1
 10203  059 30.37 33-56.49  52-23.87  16.46        29 123 40.4 0.20  0.4  0.6 C1
 10203  1 0 39.66 33-50.52  52-48.37  28.74        26 137 34.4 0.18  0.4  0.6 C1
 10203  1 1 50.18 33-42.03  52-31.44  19.39        27 157 54.9 0.17  0.4  0.6 C1
 10203  1 2 59.94 33-52.90  52-18.59   9.71        27 128 31.5 0.20  0.5  0.4 C1
 10203  1 4 10.00 33-49.80  52-39.30  26.35        26 160 40.3 0.16  0.4  0.8 C1
 10203  1 5 19.94 33-58.59  52-35.89  20.19        27 122 31.1 0.20  0.4  0.5 B1
 10203  1 6 29.70 33-48.75  52-49.31  29.33        27 141 37.4 0.14  0.4  0.5 B1
 10203  1 7 39.97 33-32.06  52-41.40  26.63        24 179 70.0 0.16  0.5  1.0 C1
 10203  1 8 49.85 34- 6.87  52-27.75  14.21        27 106 31.6 0.28  0.6  0.8 C1
 10203  1 9 59.98 33-32.56  52-32.89  21.03        26 179 65.1 0.17  0.5  0.8 C1
 10203  111  9.95 33-30.90  52-41.79  27.34        28 181 71.9 0.25  0.8  1.0 C1
 10203  112 20.31 33-49.36  52-17.36  13.66        28 135 30.2 0.35  0.9  1.1 C1
 10203  113 30.00 33-48.38  52-36.03  20.84        25 142 45.1 0.12  0.3  0.5 B1
 10203  114 39.35 34- 9.83  52-46.84  22.42        26 104  8.0 0.34  0.8  0.7 C1
 10203  115 49.77 33-56.71  52-42.21  24.24        28 126 27.0 0.22  0.5  0.8 B1
 10203  117  0.04 33-36.05  52-31.32  20.24        25 171 68.5 0.16  0.5  0.7 C1
 10203  118 10.05 33-47.91  52-32.97  20.29        26 143 48.5 0.14  0.3  0.5 B1
 10203  119 20.20 33-43.58  52-29.54  18.77        26 153 51.2 0.18  0.4  0.6 C1
 10203  120 30.18 33-45.18  52-29.40  17.84        27 149 50.1 0.19  0.5  0.7 C1
 10203  121 40.23 33-49.27  52-14.56  10.85        30 134 26.0 0.23  0.5  0.5 C1
 10203  122 49.95 33-44.10  52-45.11  27.80        26 151 47.0 0.11  0.3  0.4 B1
 10203  123 59.65 33-33.00  52-56.46  33.40        24 173 66.7 0.15  0.3  0.5 C1
 10203  125 10.09 33-46.67  52-39.27  24.08        28 146 45.4 0.13  0.3  0.6 B1
 10203  126 20.10 33-58.15  52-24.82  14.56        29 120 42.5 0.16  0.3  0.5 C1
 10203  127 30.08 33-48.26  52-37.76  23.84        25 143 43.9 0.15  0.4  0.8 B1
 10203  128 40.01 33-53.30  52-37.16  22.90        27 132 36.7 0.19  0.4  0.9 B1
 10203  129 49.59 33-58.27  52-48.06  28.74        26 123 20.5 0.20  0.5  0.6 B1
 10203  131  0.05 33-34.92  52-31.97  20.75        25 174 61.5 0.18  0.5  0.8 C1
 10203  132 10.63 33-43.73  52-24.83  16.72        27 152 60.0 0.28  0.7  1.1 C1
 10203  133 19.81 33-56.19  52-34.36  19.17        25 126 35.8 0.14  0.3  0.4 B1
 10203  134 30.24 33-44.34  52-31.19  18.99        26 151 53.2 0.16  0.4  0.5 C1
 10203  135 40.69 33-34.65  52-10.21  14.30        29 179 36.1 0.27  0.9  1.3 C1
 10203  136 50.22 34- 1.05  52-25.70  15.68        27 115 42.0 0.16  0.4  0.5 C1
 10203  137 59.97 33-50.81  52-40.33  24.56        28 137 37.9 0.16  0.4  0.8 C1
 10203  139 10.24 33-42.00  52-30.31  19.37        26 157 53.3 0.15  0.4  0.6 C1
 10203  140 20.18 33-54.96  52-30.56  19.81        26 128 41.7 0.18  0.4  0.4 C1
 10203  141 29.85 33-44.05  52-46.76  29.49        27 151 46.6 0.12  0.3  0.5 B1
 10203  142 40.33 33-53.92  52-24.23  14.52        26 128 50.8 0.21  0.5  0.8 C1
 10203  143 49.76 33-47.83  52-20.60  10.05        27 141 35.7 0.30  0.7  0.7 C1
 10203  144 59.94 33-54.82  52-37.41  22.50        26 129 34.3 0.16  0.4  0.7 B1
 10203  146  9.90 33-48.01  52-44.56  25.94        28 143 40.2 0.14  0.3  0.6 B1
 10203  147 20.49 33-51.85  52-25.97  18.69        30 133 42.9 0.21  0.5  0.6 C1
 10203  148 30.24 33-40.59  52-28.80  20.77        28 192 52.2 0.22  0.7  0.9 C1
 10203  149 39.81 33-20.41  52-46.14  28.91        26 204 90.0 0.22  0.9  1.1 C1
 10203  150 50.24 33-40.23  52-27.77  17.58        27 161 51.0 0.19  0.5  0.7 C1
 10203  152  0.74 33-43.27  52-22.66  17.39        26 153 41.5 0.36  1.0  1.3 C1
 10203  153 10.03 33-18.46  52-45.64  28.74        27 208 93.7 0.28  1.4  2.3 C1
 10203  154 20.42 33-53.90  52-24.84  16.56        30 128 41.3 0.25  0.5  0.8 C1
 10203  155 30.06 33-45.29  52-41.53  26.32        26 171 46.4 0.12  0.3  0.6 B1
 10203  156 39.50 33-56.84  52-51.15  29.99        25 125 44.8 0.19  0.5  0.6 B1
 10203  157 49.66 34- 4.62  52-36.46  19.26        27 112 25.0 0.18  0.4  0.5 B1
 10203  159  0.10 33-44.45  52-37.31  23.23        25 151 62.2 0.12  0.3  0.7 C1
 10203  2 0  9.37 34- 4.89  52-52.00  26.70        28 111  7.4 0.26  0.6  0.7 B1
 10203  2 1 20.35 33-40.99  52-26.33  18.12        26 177 48.4 0.21  0.7  1.0 C1
 10203  2 2 29.89 34- 6.05  52-14.00  10.46        26 142 33.3 0.16  0.5  0.5 C1
 10203  2 3 40.15 33-44.07  52-36.32  22.00        28 152 51.8 0.14  0.3  0.7 C1
 10203  2 4 50.08 33-51.47  52-38.96  22.73        27 136 37.9 0.18  0.4  0.8 C1
 10203  2 6  0.02 33-41.42  52-32.65  20.13        26 158 57.0 0.13  0.3  0.6 C1
 10203  2 7 10.23 33-43.55  52-28.67  19.57        27 153 49.9 0.17  0.4  0.7 C1
 10203  2 8 20.25 33-49.56  52-11.18   9.71        26 145 20.8 0.20  0.6  0.6 C1
 10203  2 9 30.23 33-46.11  52-28.20  17.68        24 147 47.8 0.20  0.5  0.7 C1
 10203  210 39.24 33-51.86  52-57.25  29.05        25 132 32.5 0.26  0.7  1.1 B1
 10203  211 50.05 33-35.59  52-39.43  26.45        25 171 64.5 0.16  0.5  1.0 C1
 10203  212 59.83 33-52.34  52-43.21  25.13        29 134 33.4 0.18  0.4  0.7 B1
 10203  214  9.46 34- 2.28  52-45.30  23.66        28 116 15.9 0.28  0.7  0.8 B1
 10203  215 20.37 33-49.76  52-27.18  16.32        28 166 45.1 0.23  0.6  0.8 C1
 10203  216 29.80 33-40.46  52-50.43  30.08        26 158 52.6 0.12  0.3  0.5 C1
 10203  217 40.01 34- 0.99  52-28.40  17.30        26 116 39.0 0.18  0.4  0.5 C1
 10203  218 49.89 33-34.76  52-43.27  27.75        28 172 64.5 0.16  0.5  0.9 C1
 10203  220  0.20 33-55.49  52-37.33  23.93        26 128 45.1 0.18  0.4  0.9 B1
 10203  221 10.14 33-55.16  52-20.97  12.40        29 124 35.6 0.32  0.6  0.9 C1
 10203  222 20.34 33-50.38  52-17.95  13.75        30 133 30.8 0.35  0.8  1.0 C1
 10203  223 29.77 33-36.86  53- 0.20  38.73        27 163 60.6 0.14  0.4  1.2 C1
 10203  224 39.94 33-54.78  52-33.25  20.17        28 129 38.8 0.15  0.4  0.5 B1
 10203  225 49.72 34- 7.21  52-31.31  17.29        28 106 27.7 0.22  0.4  0.5 B1
 10203  227  0.14 33-55.76  52-23.91  13.92        30 124 40.2 0.26  0.5  0.8 C1
 10203  228 10.21 33-39.67  52-32.64  21.18        26 162 58.3 0.19  0.5  0.8 C1
 10203  229 20.73 33-41.30  52-22.74  18.55        29 158 43.2 0.27  0.8  1.2 C1
 10203  230 29.85 33-58.47  52-35.81  19.38        26 122 31.4 0.17  0.4  0.5 B1
 10203  231 39.86 33-46.97  52-45.95  28.47        26 145 41.5 0.10  0.3  0.4 B1
 10203  232 50.25 33-46.53  52-29.67  18.79        26 146 49.9 0.17  0.4  0.6 C1
 10203  233 59.94 33-44.93  52-45.83  29.08        26 149 45.3 0.10  0.3  0.4 B1
 10203  235 10.41 33-38.17  52-24.50  17.44        26 166 48.5 0.20  0.8  1.0 C1
 10203  236 19.20 33-57.12  53- 0.01  32.53        27 122 25.1 0.25  0.7  0.7 B1
 10203  237 30.09 33-43.80  52-37.29  24.30        24 152 51.5 0.10  0.3  0.6 C1
 10203  238 39.82 33-51.56  52-43.29  25.65        26 136 34.7 0.13  0.3  0.6 B1
 10203  239 50.11 33-55.44  52-11.09   7.97        29 116 20.7 0.16  0.4  0.4 C1
 10203  240 59.69 34-12.11  52-32.05  16.30        29  99 20.0 0.20  0.4  0.5 B1
 10203  242  9.91 33-47.31  52-44.11  27.12        25 144 41.6 0.12  0.3  0.5 B1
 10203  243 19.35 33-59.78  52-49.46  25.82        26 120 17.2 0.27  0.7  0.9 B1
 10203  244 30.33 33-55.23  52-23.18  14.76        29 125 38.9 0.29  0.6  0.9 C1
 10203  245 39.89 33-58.43  52-34.90  20.24        27 122 32.5 0.15  0.3  0.4 B1
 10203  246 50.10 33-57.34  52-21.77  13.32        29 120 37.5 0.23  0.5  0.7 C1
 10203  248  0.24 33-44.21  52-31.79  20.60        24 152 54.1 0.16  0.4  0.7 C1
 10203  249  9.80 33-48.22  52-44.69  26.48        26 142 39.8 0.11  0.3  0.5 B1
 10203  250 20.20 33-51.02  52-11.20   9.52        29 127 20.3 0.17  0.4  0.5 C1
 10203  251 30.02 33-46.24  52-41.85  25.04        26 147 44.6 0.13  0.3  0.7 B1
 10203  252 39.97 34- 5.06  52-28.97  17.72        30 109 33.0 0.23  0.5  0.5 B1
 10203  253 50.44 33-56.32  52-25.64  17.25        27 124 43.0 0.22  0.5  0.6 C1
 10203  254 59.88 33-58.79  52-34.94  20.26        26 139 32.1 0.19  0.4  0.5 C1
 10203  256 10.10 33-21.24  52-39.37  23.25        24 204 86.0 0.31  2.6  3.3 D1
 10203  257 19.47 33-50.33  52-53.07  29.89        25 137 34.3 0.21  0.5  0.6 C1
 10203  258 29.62 34- 6.01  52-36.69  19.62        26 110 24.0 0.22  0.5  0.5 B1
 10203  259 39.66 33-53.49  52-45.46  25.13        18 154 30.1 0.13  0.4  1.2 B1
 10203  3 0 50.08 33-48.77  52-32.28  19.64        25 141 47.9 0.16  0.4  0.5 C1
 10203  3 2  0.04 33-33.00  52-28.70  19.60        25 179 64.9 0.16  0.5  0.7 C1
 10203  3 3 10.13 33-30.02  52-25.83  20.00        25 206 59.6 0.25  1.0  1.2 C1
 10203  3 4 19.62 33-52.47  52-48.10  28.36        26 133 30.9 0.19  0.5  0.6 B1
 10203  3 5 30.11 33-31.17  52-26.35  17.71        25 184 58.7 0.27  1.1  1.1 C1
 10203  3 6 40.24 33-42.08  52-28.76  19.58        25 157 51.0 0.16  0.4  0.6 C1
 10203  3 7 50.19 33-39.89  52-33.14  21.85        26 162 58.8 0.16  0.4  0.7 C1
 10203  3 8 59.44 34- 2.51  52-46.18  23.85        29 116 14.7 0.29  0.6  0.7 B1
 10203  310 10.11 33-56.22  52-29.63  16.80        26 125 41.5 0.18  0.4  0.6 C1
 10203  311 19.78 33-45.94  52-46.30  28.40        25 147 43.3 0.14  0.4  0.6 B1
 10203  312 30.31 33-47.61  52-24.16  14.81        25 142 41.1 0.26  0.6  1.1 C1
 10203  313 39.88 33-40.87  52-15.46  10.33        27 158 34.2 0.24  0.5  0.6 C1
 10203  314 50.03 33-37.05  52-34.46  21.87        25 168 62.9 0.17  0.5  0.8 C1
 10203  315 59.37 33-46.52  53- 4.57  34.86        26 140 45.7 0.23  0.6  0.9 C1
 10203  317 10.13 33-43.11  52-32.27  20.34        27 154 55.4 0.14  0.3  0.6 C1
 10203  318 19.41 33-54.42  52-54.62  30.00        27 128 27.1 0.23  0.6  0.7 B1
 10203  319 29.34 33-57.86  52-54.18  29.55        26 122 20.7 0.25  0.6  0.8 B1
 10203  320 39.42 33-50.38  52-54.13  29.98        28 136 34.4 0.22  0.5  0.7 C1
 10203  321 50.48 33-45.55  52-26.16  18.64        26 148 45.1 0.20  0.5  0.7 C1
 10203  322 59.78 33-55.29  52-40.42  21.72        27 129 30.7 0.19  0.4  0.6 B1
 10203  324  9.67 33-46.17  52-52.46  30.69        24 145 42.0 0.14  0.4  0.5 B1
 10203  325 19.67 33-57.36  52-44.57  24.82        25 141 24.1 0.21  0.5  0.7 C1
 10203  326 29.66 33-34.27  52-47.33  28.24        25 172 64.4 0.20  0.7  1.1 C1
 10203  327 40.24 33-53.66  52-20.24  11.99        29 127 34.1 0.31  0.7  0.9 C1
 10203  328 50.17 33-39.54  52-33.85  23.70        26 162 60.1 0.16  0.4  0.8 C1
 10203  330  0.18 33-43.69  52-38.62  24.54        25 153 50.9 0.13  0.3  0.7 C1
 10203  331 10.35 33-42.78  52-26.42  17.68        27 155 47.2 0.21  0.6  0.7 C1
 10203  332 19.88 33-51.22  52-42.22  25.11        25 137 35.9 0.13  0.3  0.7 B1
 10203  333 29.90 33-57.68  52-39.88  22.19        26 124 27.8 0.20  0.5  0.8 B1
 10203  334 39.96 33-34.52  52-30.98  18.84        26 175 60.6 0.20  0.6  0.9 C1
 10203  335 50.43 33-45.73  52-26.14  17.25        25 147 44.9 0.20  0.6  0.8 C1
 10203  337  0.06 33-52.74  52- 8.02   6.90        26 119 15.2 0.24  0.6  0.8 C1
 10203  338  9.70 33-31.51  52-42.35  23.56        27 180 70.6 0.24  0.6  1.2 C1
 10203  339 20.82 33-40.92  52-20.63  17.44        30 159 40.7 0.35  1.0  1.5 C1
 10203  340 29.98 33-33.03  52-32.38  19.57        24 178 63.9 0.18  0.6  0.9 C1
 10203  341 39.65 34- 7.26  52-18.22   9.85        28 101 40.1 0.33  0.6  0.6 C1
 10203  342 49.69 33-54.21  52-44.61  24.92        27 131 29.4 0.21  0.5  0.8 B1
 10203  344  0.42 33-42.33  52-24.84  16.18        29 156 45.2 0.25  0.6  1.0 C1
 10203  345 10.13 33-50.89  52-31.30  18.61        29 137 46.0 0.18  0.4  0.5 C1
 10203  346 20.00 34- 3.20  52-28.73  17.40        27 112 36.1 0.23  0.5  0.6 C1
 10203  347 30.18 33-48.76  52-29.44  17.57        26 141 48.8 0.20  0.5  0.7 C1
 10203  348 39.81 33-34.72  52-44.21  29.26        26 218 64.2 0.25  0.9  0.9 C1
 10203  349 49.71 33-50.43  52-44.98  26.94        26 138 35.7 0.14  0.4  0.6 B1
 10203  351  0.24 33-51.89  52-28.49  17.98        29 134 46.8 0.19  0.5  0.6 C1
 10203  352  9.96 33-48.47  52-33.54  19.40        24 142 55.1 0.16  0.4  0.7 C1
 10203  353 19.85 33-37.19  52-55.16  35.31        27 164 58.8 0.12  0.3  0.7 C1
 10203  354 30.37 33-49.37  52-24.36  13.84        26 138 40.8 0.28  0.6  1.1 C1
 10203  355 40.12 33-50.96  52-19.73  12.42        25 165 33.4 0.20  0.5  0.6 C1
 10203  356 50.13 33-51.44  52-30.82  18.82        25 135 45.7 0.16  0.4  0.5 C1
 10203  357 59.57 34- 1.62  52-43.27  23.34        27 136 18.9 0.27  0.6  1.0 C1
 10203  359  9.92 33-53.71  52-40.17  23.68        27 132 33.3 0.18  0.4  0.7 B1
 10203  4 0 20.15 33-51.92  52-38.55  24.29        26 135 51.5 0.16  0.4  0.8 C1
 10203  4 1 30.10 33-34.73  52-31.23  20.74        28 174 60.7 0.18  0.5  0.8 C1
 10203  4 2 40.15 33-30.11  52-32.76  22.63        30 185 67.6 0.30  1.0  1.4 C1
 10203  4 3 49.37 34- 1.20  52-59.52  31.37        28 115 18.4 0.24  0.6  0.6 B1
 10203  4 5  0.09 33-41.16  52-14.32  11.01        27 157 32.5 0.27  0.6  0.6 C1
 10203  4 6  9.88 33-38.93  52-43.83  28.68        28 163 56.7 0.14  0.4  0.7 C1
 10203  4 7 20.19 33-56.06  52-24.98  14.16        26 124 41.9 0.21  0.5  0.7 C1
 10203  4 8 30.04 33-49.39  52-37.35  22.17        25 140 42.4 0.12  0.3  0.6 B1
 10203  4 9 39.92 33-50.80  52-34.83  20.11        27 137 42.5 0.15  0.3  0.5 B1
 10203  410 49.92 33-51.85  52-36.72  21.52        29 135 39.2 0.17  0.4  0.5 C1
 10203  412  0.36 33-29.00  52-16.90  17.45        26 194 48.4 0.25  0.9  1.0 C1
 10203  413  9.47 33-47.19  53- 0.01  33.60        26 141 42.0 0.20  0.5  0.9 C1
 10203  414 19.98 34- 0.84  52-23.93  13.83        26 114 42.7 0.12  0.3  0.5 B1
 10203  415 29.72 33-50.33  52-47.13  26.70        26 138 35.1 0.18  0.4  0.7 C1
 10203  416 40.05 33-46.03  52-41.66  26.50        24 169 45.1 0.13  0.3  0.6 B1
 10203  417 49.98 33-35.65  52-33.88  21.46        24 172 63.3 0.18  0.6  0.9 C1
 10203  418 59.95 33-50.21  52-36.84  21.33        28 139 41.6 0.15  0.3  0.5 C1
 10203  420  9.90 33-47.56  52-43.75  26.88        27 144 41.4 0.12  0.3  0.6 B1
 10203  421 19.75 34- 1.39  52-39.88  21.06        25 132 23.1 0.20  0.5  0.5 B1
 10203  422 30.38 33-30.48  52-26.06  21.09        26 186 61.5 0.32  1.1  1.5 D1
 10203  423 39.71 33-50.43  52-46.61  27.09        25 138 35.1 0.16  0.4  0.6 C1
 10203  424 49.93 33-23.88  52-31.00  17.64        25 200 72.1 0.29  1.1  1.4 C1
 10203  426  0.00 33-44.14  52-42.00  26.26        25 151 48.2 0.12  0.3  0.6 B1
 10203  427  9.73 34- 2.98  52-38.05  20.56        28 115 23.9 0.22  0.5  0.5 B1
 10203  428 19.84 33-45.95  52-44.68  28.03        25 147 43.8 0.13  0.3  0.5 B1
 10203  429 29.87 33-37.70  52-40.92  24.55        24 166 71.5 0.14  0.5  0.9 C1
 10203  430 40.19 33-34.93  52-34.07  22.74        26 173 64.3 0.21  0.6  1.2 C1
 10203  431 49.43 34- 8.16  52-41.20  21.29        28 107 16.5 0.29  0.6  0.6 B1
 10203  433  0.01 33-39.96  52-36.21  21.26        24 161 63.1 0.15  0.4  0.7 C1
 10203  434 10.06 33-53.56  52-31.76  18.98        26 131 42.0 0.18  0.4  0.5 C1
 10203  435 20.16 33-28.73  52-38.18  25.44        25 187 75.8 0.24  0.8  1.3 C1
 10203  436 29.52 34-10.43  52-34.77  18.69        26 118 19.8 0.24  0.5  0.5 B1
 10203  437 40.25 33-47.48  52-29.41  17.67        29 144 49.1 0.20  0.5  0.6 C1
 10203  438 49.98 33-38.12  52-39.51  25.02        25 187 60.0 0.20  0.7  1.0 C1
 10203  440  0.13 33-47.40  52-33.29  20.05        26 144 49.0 0.19  0.4  0.7 C1
 10203  441  9.54 33-54.56  52-46.59  27.11        25 130 27.7 0.20  0.5  0.7 B1
 10203  442 20.11 33-45.09  52-33.91  20.95        28 150 52.0 0.15  0.4  0.6 C1
 10203  443 30.15 33-50.41  52-38.04  24.15        26 138 54.4 0.15  0.3  0.8 C1
 10203  444 40.37 33-43.35  52-25.89  17.00        28 153 46.0 0.23  0.6  0.8 C1
 10203  445 49.96 33-50.60  52-37.15  21.50        27 138 40.7 0.17  0.4  0.6 C1
 10203  447  0.05 33-41.25  52-41.46  26.39        24 158 53.5 0.12  0.3  0.7 C1
 10203  448  9.82 34- 3.99  52-23.70  12.68        26 109 39.7 0.18  0.4  0.5 C1
 10203  449 19.98 33-50.83  52-41.82  25.32        29 137 36.8 0.17  0.4  0.7 C1
 10203  450 30.30 33-48.70  52-28.66  17.87        26 141 51.7 0.23  0.6  0.7 C1
 10203  451 39.93 33-47.99  52-44.47  27.61        28 143 40.3 0.12  0.3  0.5 B1
 10203  452 50.59 33-38.53  52-19.85  18.00        28 183 42.2 0.39  1.4  1.5 D1
 10203  453 59.99 33-51.90  52-17.87   9.87        30 129 30.4 0.22  0.5  0.5 C1
 10203  455 10.25 33-38.46  52-28.69  20.04        26 165 53.8 0.16  0.5  0.9 C1
 10203  456 20.07 33-32.78  52-27.32  19.35        27 180 57.9 0.20  0.6  0.9 C1
 10203  457 30.10 33-35.18  52-39.18  25.52        27 197 65.3 0.21  0.8  1.2 C1
 10203  458 39.80 33-51.11  52-44.58  27.32        25 137 34.7 0.18  0.4  0.7 C1
 10203  459 50.07 33-45.99  52-41.59  26.27        28 147 45.2 0.11  0.3  0.5 B1
 10203  5 0 59.79 33-50.93  52-44.09  27.68        27 137 35.3 0.18  0.4  0.6 C1
 10203  5 2 10.13 33-43.40  52-31.07  20.57        26 182 53.5 0.20  0.6  0.8 C1
 10203  5 3 20.10 33-46.03  52-35.17  21.94        28 148 49.5 0.13  0.3  0.6 B1
 10203  5 4 30.20 33-31.58  52-26.79  19.93        26 183 62.3 0.31  1.0  1.4 D1
 10203  5 5 39.99 33-48.53  52-41.71  25.93        25 142 40.8 0.11  0.3  0.6 B1
 10203  5 6 49.75 33-55.56  52-44.39  25.63        27 145 27.2 0.19  0.5  0.7 C1
 10203  5 7 59.83 33-33.33  53- 0.30  37.96        25 171 67.0 0.11  0.4  1.1 C1
 10203  5 9  9.83 33-47.14  52-48.01  30.13        26 144 40.6 0.11  0.3  0.4 B1
 10203  510 19.90 33-52.18  52-37.30  21.20        27 135 38.2 0.14  0.3  0.5 B1
 10203  511 29.86 34- 2.33  52-34.11  19.15        27 115 29.9 0.20  0.4  0.5 B1
 10203  512 40.50 33-47.74  52-26.35  17.93        28 143 44.4 0.22  0.6  0.7 C1
 10203  513 50.25 33-37.61  52-18.35  13.32        25 168 48.6 0.20  0.5  0.8 C1
 10203  514 59.74 33-44.82  52-19.60   9.85        25 148 36.0 0.30  0.7  0.8 C1
 10203  516 10.36 33-47.26  52- 9.93   9.85        28 136 20.6 0.27  0.7  0.7 C1
 10203  517 20.04 33-52.62  52-31.99  18.69        29 133 42.9 0.17  0.4  0.4 C1
 10203  518 30.21 33-33.11  52-23.88  16.28        28 180 53.5 0.17  0.5  0.8 C1
 10203  519 40.10 33-44.70  52-34.79  21.27        28 151 51.9 0.15  0.3  0.6 C1
 10203  520 49.41 34- 0.93  52-48.11  23.90        30 118 15.8 0.28  0.6  0.8 B1
 10203  522  0.16 33-48.95  52-32.69  18.75        29 141 47.3 0.18  0.4  0.5 C1
 10203  523 10.18 33-29.05  52-36.90  24.91        26 187 73.9 0.24  0.9  1.3 C1
 10203  524 20.13 33-37.92  52-28.10  18.36        24 167 53.5 0.17  0.5  0.7 C1
 10203  525 29.99 33-47.79  52-44.12  27.41        26 143 40.8 0.15  0.4  0.6 B1
 10203  526 40.13 33-39.42  52-39.25  26.37        27 187 57.9 0.21  0.7  1.0 C1
 10203  527 49.84 33-47.72  52-44.37  27.62        24 143 40.8 0.10  0.3  0.4 B1
 10203  529  0.02 33-26.06  52-27.55  17.74        26 197 65.7 0.28  1.1  1.4 C1
 10203  530 10.02 33-42.94  52-44.43  28.16        25 154 49.3 0.11  0.3  0.5 B1
 10203  531 19.81 33-41.34  52-49.17  29.34        24 156 51.1 0.14  0.4  0.6 C1
 10203  532 29.91 33-36.47  52-39.02  24.50        25 169 63.1 0.16  0.5  0.9 C1
 10203  533 39.89 33-36.54  52-40.68  25.51        26 169 62.2 0.16  0.4  0.9 C1
 10203  534 50.25 33-43.85  52-29.78  19.05        28 152 51.3 0.17  0.4  0.5 C1
 10203  536  0.67 33-41.14  52-23.11  17.80        29 159 43.8 0.30  0.9  1.3 C1
 10203  537 10.15 33-35.07  52-35.89  24.15        24 173 66.6 0.19  0.6  1.3 C1
 10203  538 19.81 33-51.30  52-33.79  19.56        25 159 42.8 0.15  0.4  0.4 C1
 10203  539 30.04 33-32.69  52-28.76  19.43        27 180 59.8 0.16  0.5  0.7 C1
 10203  540 40.01 33-50.03  52-35.80  21.20        24 162 42.8 0.14  0.4  0.5 B1
 10203  541 50.31 33-24.89  52-21.03  17.36        28 203 57.0 0.31  1.2  1.1 D1
 10203  543  0.06 34- 3.35  52-29.13  17.55        29 112 35.5 0.22  0.5  0.5 C1
 10203  544 10.12 33-45.04  52-31.79  19.58        24 150 53.7 0.14  0.4  0.5 C1
 10203  545 20.47 33-52.75  52- 7.13   8.24        26 118 29.2 0.20  0.5  0.5 C1
 10203  546 29.65 34- 4.76  52-39.41  20.77        28 112 20.7 0.21  0.5  0.5 B1
 10203  547 39.99 33-51.12  52-39.19  24.05        25 137 38.2 0.17  0.4  0.8 C1
 10203  548 50.28 33-39.20  52-25.86  17.34        28 164 49.3 0.20  0.6  1.0 C1
 10203 -159 59.47 34-26.07  52-43.54  20.88        28  62 12.3 0.29  0.6  0.5 B1
 10203  0 1  9.45 34-42.94  52-47.23  24.30        26 102  6.4 0.21  0.5  0.5 B1
 10203  0 2 19.58 34-15.60  52-36.87  15.62        28  96 10.2 0.24  0.5  0.4 B1
 10203  0 3 29.38 34-33.11  52-46.72  25.81        26  78 24.5 0.29  0.6  0.9 B1
 10203  0 4 39.25 34-39.41  52-52.27  31.57        29 119 15.5 0.25  0.6  0.5 B1
 10203  0 5 49.60 34- 7.93  52-37.08  17.94        28 118 22.7 0.23  0.5  0.6 B1
 10203  0 6 59.15 34- 9.15  52-48.45  33.40        26 105  5.3 0.30  0.8  0.6 B1
 10203  0 8  9.52 34-22.64  52-42.34  20.22        28  57  5.7 0.27  0.5  0.4 B1
 10203  0 9 19.37 34-39.26  52-46.54  22.60        29  87 13.2 0.26  0.5  0.5 B1
 10203  010 29.36 34-17.35  52-40.60  20.69        28  94  4.5 0.33  0.6  0.5 C1
 10203  011 39.22 34- 9.90  52-46.38  30.13        28 104  8.7 0.31  0.7  0.6 C1
 10203  012 49.57 34-27.90  52-41.44  19.00        26  59 15.2 0.22  0.4  0.4 B1
 10203  013 59.18 34-26.48  52-52.21  34.03        26  78 20.9 0.32  0.7  0.6 B1
 10203  015  9.89 34-21.74  52-36.96  14.13        26  87  7.7 0.22  0.4  0.4 B1
 10203  016 19.51 34-22.26  52-41.59  20.45        26  67  4.8 0.26  0.5  0.5 B1
 10203  017 29.32 34-35.32  52-46.60  24.56        28  81 20.5 0.26  0.5  0.6 B1
 10203  018 39.39 34-41.11  52-45.42  20.98        27  80  9.9 0.27  0.6  0.4 B1
 10203  019 49.51 34- 9.16  52-38.39  19.27        30 105 20.0 0.25  0.5  0.5 B1
 10203  020 59.33 34-40.49  52-47.22  24.31        30  94 10.9 0.26  0.5  0.5 B1
 10203  022  9.12 34-41.80  52-54.52  32.60        28 126 45.6 0.35  0.7  0.9 C1
 10203  023 19.37 34-30.04  52-46.75  25.43        27  74 20.9 0.27  0.5  0.7 B1
 10203  024 29.40 34-26.59  52-48.16  30.11        26  71 16.5 0.27  0.6  0.6 B1
 10203  025 39.18 34-26.36  52-50.43  32.55        26 120 18.6 0.31  0.7  0.6 C1
 10203  026 49.79 34-13.02  52-34.16  11.97        26  99 16.5 0.18  0.3  0.3 B1
 10203  027 59.40 34-27.57  52-44.70  24.74        27  66 15.5 0.32  0.6  0.7 B1
 10203  029  9.76 34-18.56  52-34.37  11.91        28  92 10.9 0.24  0.4  0.3 B1
 10203  030 19.72 34- 9.68  52-34.21  14.14        27 119 21.5 0.26  0.5  0.7 B1
 10203  031 29.35 34-29.56  52-46.42  28.14        27  72 19.8 0.29  0.6  0.6 B1
 10203  032 39.16 34-21.86  52-49.63  32.15        26 101 13.3 0.29  0.7  0.5 B1
 10203  033 49.65 34-33.04  52-37.53  11.73        27  75 25.4 0.25  0.4  0.4 C1
 10203  034 59.57 34-23.44  52-41.44  20.50        27  83  7.0 0.30  0.7  0.5 B1
 10203  036  9.44 34-29.62  52-48.19  30.31        26  76 31.1 0.24  0.6  0.6 B1
 10203  037 19.23 34-17.64  52-45.71  29.23        26  80  7.7 0.30  0.7  0.6 B1
 10203  038 29.57 34- 7.84  52-36.49  18.88        26 107 23.1 0.22  0.5  0.5 B1
 10203  039 39.45 34-30.38  52-49.09  29.65        30  80 23.1 0.26  0.5  0.5 B1
 10203  040 49.17 34- 7.28  52-47.12  33.63        28 108  7.9 0.30  0.7  0.5 B1
 10203  041 59.58 34-15.19  52-44.13  29.59        25  97  9.3 0.23  0.5  0.7 B1
 10203  043  9.16 34- 5.01  52-46.98  32.74        25 112 10.4 0.29  0.7  0.6 B1
 10203  044 19.45 34-20.79  52-41.25  20.25        26  66  2.1 0.30  0.6  0.5 B1
 10203  045 29.26 34-39.33  52-49.34  27.60        30 105 13.7 0.27  0.6  0.5 B1
 10203  046 39.34 34-37.97  52-46.51  23.81        26  85 15.5 0.26  0.6  0.6 B1
 10203  047 49.60 34-15.35  52-36.66  15.14        28  96 10.8 0.23  0.5  0.4 B1
 10203  048 59.30 34-38.12  52-47.70  26.13        26  92 15.4 0.24  0.5  0.6 B1
 10203  050  9.18 34- 9.48  52-49.20  35.39        27 105  4.3 0.30  0.7  0.7 C1
 10203  051 19.29 34-14.75  52-45.74  28.27        27 102 11.3 0.29  0.7  0.6 B1
 10203  052 29.83 34-21.03  52-35.38  10.99        26  89  9.5 0.18  0.3  0.3 B1
 10203  053 39.17 34-10.16  52-46.23  30.42        26 121  9.0 0.29  0.7  0.5 B1
 10203  054 49.74 34-12.70  52-34.09  11.69        27  99 17.0 0.17  0.3  0.3 B1
 10203  055 59.68 34-20.53  52-38.50  17.28        26  88  4.6 0.25  0.5  0.5 B1
 10203  057  9.28 34- 7.06  52-43.62  28.07        28 126 13.2 0.35  0.8  0.8 C1
 10203  058 19.78 34-43.39  52-40.28  13.19        30  83 11.1 0.28  0.5  0.5 B1
 10203  059 29.15 34-11.71  52-47.26  30.45        30 102  8.8 0.31  0.7  0.6 C1
 10203  1 0 39.16 34-10.28  52-46.84  31.36        30 104  8.2 0.31  0.7  0.6 C1
 10203  1 1 49.33 34-36.84  52-50.54  30.65        27 102 18.6 0.24  0.6  0.5 B1
 10203  1 2 59.37 34-39.17  52-52.08  31.46        27 118 39.6 0.24  0.6  0.8 B1
 10203  1 4  9.31 34-34.98  52-47.05  23.62        30  82 21.1 0.26  0.5  0.6 B1
 10203  1 5 19.16 34- 7.07  52-46.86  31.83        26 108  8.4 0.29  0.8  0.6 B1
 10203  1 6 29.69 34-43.17  52-39.12  10.93        25  84 12.9 0.19  0.4  0.3 B1
 10203  1 7 39.14 34-14.06  52-47.26  30.05        28  90 11.9 0.30  0.7  0.5 B1
 10203  1 8 49.34 34-35.84  52-50.10  30.79        26  97 20.2 0.30  0.8  0.7 B1
 10203  1 9 59.26 34-37.98  52-49.06  28.22        26  99 16.0 0.27  0.7  0.6 B1
 10203  111  9.59 34-32.15  52-41.90  20.19        27  62 23.1 0.19  0.4  0.4 B1
 10203  112 19.32 34-11.45  52-41.63  22.56        28 102 15.2 0.32  0.7  0.7 C1
 10203  113 30.15 34-26.76  52-37.51  15.98        27  74 38.9 0.20  0.4  0.6 C1
 10203  114 39.21 34- 8.32  52-45.86  30.62        29 107  9.3 0.31  0.7  0.6 C1
 10203  115 49.80 34-26.56  52-39.57  16.83        28  55 13.0 0.23  0.4  0.5 B1
 10203  116 59.50 34-35.97  52-42.88  19.40        27  66 20.1 0.22  0.4  0.4 B1
 10203  118  9.44 34-13.38  52-36.83  17.80        28  99 13.5 0.22  0.4  0.4 B1
 10203  119 19.73 34-42.16  52-40.66  12.96        28  72 12.0 0.22  0.4  0.3 B1
 10203  120 29.76 34-13.32  52-34.60  11.95        29  98 15.7 0.22  0.4  0.3 B1
 10203  121 39.25 34-11.24  52-40.70  22.54        26 102 15.6 0.31  0.7  0.6 C1
 10203  122 49.33 34-14.46  52-44.46  28.03        28  98 10.8 0.31  0.6  0.6 C1
 10203  123 59.62 34-42.14  52-41.84  15.12        30  67 10.7 0.27  0.5  0.5 B1
 10203  125  9.34 34-35.02  52-50.85  29.65        29  97 22.0 0.25  0.6  0.5 B1
 10203  126 19.24 34-28.32  52-49.66  32.10        26  77 20.4 0.30  0.7  0.6 B1
 10203  127 29.60 34-37.61  52-41.55  17.21        26  60 18.0 0.18  0.4  0.4 B1
 10203  128 39.29 34- 7.14  52-43.28  25.89        26 108 13.6 0.36  0.8  0.9 C1
 10203  129 49.27 34- 7.47  52-42.56  24.25        27 108 14.6 0.35  0.8  0.9 C1
 10203  130 59.47 34-21.50  52-42.58  22.15        26  61  3.9 0.32  0.7  0.6 B1
 10203  132  9.44 34-43.12  52-45.97  21.07        26  84  6.1 0.28  0.6  0.4 B1
 10203  133 19.64 34-42.97  52-39.58  12.57        30  82 12.5 0.26  0.5  0.4 B1
 10203  134 29.62 34-35.58  52-40.93  17.53        28  59 21.8 0.17  0.3  0.4 B1
 10203  135 39.56 34-23.81  52-40.59  17.66        26  55  7.7 0.24  0.5  0.3 B1
 10203  136 49.12 34- 6.46  52-46.47  32.71        28 109  9.5 0.30  0.8  0.6 B1
 10203  137 59.52 34- 7.01  52-39.34  21.94        29 108 19.6 0.25  0.5  0.5 B1
 10203  139  9.39 34-16.94  52-40.76  19.89        29  94  5.1 0.30  0.6  0.5 C1
 10203  140 19.60 34-33.17  52-36.82  10.66        27  52 25.9 0.22  0.4  0.4 C1
 10203  141 29.71 34-10.11  52-33.45  11.29        26 128 21.4 0.24  0.5  0.4 B1
 10203  142 39.82 34- 7.17  52-33.00  13.76        30 107 26.4 0.25  0.5  0.6 B1
 10203  143 49.54 34-22.49  52-44.09  23.33        28  65  6.7 0.30  0.7  0.7 B1
 10203  144 59.20 34-21.30  52-49.02  31.77        27  64 12.2 0.28  0.7  0.5 B1
 10203  146  9.32 34-17.97  52-45.92  27.75        28  79  7.7 0.30  0.6  0.7 B1
 10203  147 19.37 34-13.50  52-44.89  26.18        26 108 12.7 0.28  0.7  0.6 B1
 10203  148 29.58 34-37.44  52-41.47  17.46        26  72 18.3 0.22  0.4  0.4 B1
 10203  149 39.26 34-13.59  52-46.85  32.40        28  95 11.7 0.26  0.6  0.6 B1
 10203  150 49.45 34-17.13  52-40.50  19.92        26 102  4.9 0.25  0.6  0.4 B1
 10203  151 59.79 34-28.36  52-41.85  20.35        26 118 16.1 0.20  0.5  0.6 B1
 10203  153  9.09 34-16.03  52-49.66  33.56        26  88 13.7 0.31  0.8  0.5 B1
 10203  154 19.42 34-11.21  52-39.43  21.83        29 102 15.9 0.26  0.5  0.5 B1
 10203  155 29.27 34-32.56  52-51.66  32.58        30  92 26.7 0.30  0.7  0.6 C1
 10203  156 39.67 34-23.41  52-39.90  17.34        26  61  7.2 0.25  0.5  0.5 B1
 10203  157 49.19 34- 5.19  52-47.22  33.86        26 111  9.9 0.28  0.7  0.6 B1
 10203  158 59.72 34-29.69  52-36.99  10.76        27  61 19.7 0.19  0.3  0.3 B1
 10203  2 0  9.42 34-11.19  52-42.06  24.98        28 102 15.7 0.31  0.7  0.7 C1
 10203  2 1 20.00 34-14.87  52-34.74  13.10        26 104 28.6 0.15  0.3  0.4 B1
 10203  2 2 29.62 34-35.61  52-41.49  16.66        26  61 21.4 0.17  0.3  0.4 B1
 10203  2 3 39.45 34- 7.11  52-39.72  22.13        27 108 19.0 0.28  0.6  0.7 B1
 10203  2 4 49.20 34-24.07  52-49.17  31.49        26  69 14.5 0.29  0.7  0.5 B1
 10203  2 5 59.80 34-11.14  52-34.20  14.00        29 101 19.2 0.23  0.4  0.6 B1
 10203  2 7  9.13 34-24.25  52-49.33  33.00        26  69 14.9 0.31  0.7  0.6 B1
 10203  2 8 19.35 34-35.69  52-48.72  27.66        30  91 20.0 0.28  0.6  0.6 B1
 10203  2 9 29.14 34- 9.85  52-47.70  33.84        26 104  6.7 0.33  0.8  0.7 C1
 10203  210 39.29 34-14.08  52-45.72  30.15        28  97 12.3 0.30  0.7  0.7 B1
 10203  211 49.24 34-43.00  52-50.97  30.15        30 126  9.1 0.27  0.6  0.5 B1
 10203  212 59.83 34-28.43  52-37.73  14.26        26  58 17.1 0.21  0.4  0.5 B1
 10203  214  9.67 34-39.46  52-40.62  15.92        27  57 15.7 0.21  0.4  0.4 B1
 10203  215 19.34 34-40.44  52-47.23  24.40        26  94 11.0 0.25  0.6  0.5 B1
 10203  216 29.27 34-39.21  52-48.75  27.22        27 101 13.7 0.27  0.6  0.6 B1
 10203  217 39.42 34- 9.50  52-38.81  21.31        27 104 19.2 0.30  0.6  0.6 B1
 10203  218 49.49 34-27.99  52-42.56  19.51        28  61 15.5 0.23  0.4  0.4 B1
 10203  219 59.48 34- 7.26  52-40.55  23.44        27 108 17.7 0.29  0.7  0.8 B1
 10203  221  9.83 34-20.97  52-36.08  12.49        28  89  8.4 0.18  0.3  0.3 B1
 10203  222 19.21 34-26.68  52-49.31  31.94        30  74 17.8 0.30  0.6  0.6 B1
 10203  223 29.45 34-33.06  52-43.14  19.71        28  66 24.9 0.23  0.5  0.5 B1
 10203  224 39.34 34-40.09  52-47.07  23.06        26  92 11.6 0.25  0.6  0.5 B1
 10203  225 49.25 34-27.71  52-50.36  31.84        28  78 20.3 0.30  0.7  0.6 B1
 10203  226 59.35 34-19.78  52-45.08  26.69        30  76  5.7 0.31  0.6  0.6 B1
 10203  228  9.35 34- 8.04  52-41.66  24.51        30 107 15.8 0.33  0.7  0.8 C1
 10203  229 19.60 34-13.88  52-35.03  14.89        26  98 14.4 0.21  0.4  0.4 B1
 10203  230 29.66 34-28.97  52-40.68  18.31        27  58 17.2 0.23  0.4  0.5 B1
 10203  231 39.20 34-30.91  52-52.69  33.22        28  99 27.1 0.32  0.7  0.8 C1
 10203  232 49.29 34-38.35  52-48.76  26.73        28  98 15.2 0.26  0.5  0.6 B1
 10203  233 59.88 34-24.15  52-37.91  15.56        28  74  9.8 0.23  0.4  0.5 B1
 10203  235  9.37 34-29.97  52-45.05  22.99        29  69 19.9 0.26  0.5  0.6 B1
 10203  236 19.73 34-21.10  52-38.16  17.46        27  87  5.5 0.22  0.4  0.4 B1
 10203  237 29.89 34-22.64  52-37.27  14.25        29  84  8.3 0.22  0.4  0.4 B1
 10203  238 39.36 34-18.68  52-44.42  25.44        26  85  5.1 0.28  0.6  0.6 B1
 10203  239 49.44 34-36.82  52-43.17  19.52        30  68 18.4 0.23  0.4  0.4 B1
 10203  240 59.48 34-25.18  52-46.68  28.54        26  87 13.1 0.24  0.6  0.6 B1
 10203  242  9.84 34- 7.96  52-34.52  16.41        26 106 26.8 0.21  0.4  0.6 B1
 10203  243 19.16 34- 6.73  52-48.01  33.81        30 109  7.2 0.29  0.7  0.6 B1
 10203  244 29.47 34-29.18  52-48.71  29.72        28  77 32.0 0.24  0.5  0.6 B1
 10203  245 39.68 34-19.78  52-37.98  17.01        28  91  5.2 0.25  0.5  0.5 B1
 10203  246 49.49 34-24.61  52-44.29  24.28        27  67 10.2 0.33  0.7  0.7 B1
 10203  247 59.12 34-15.03  52-46.98  29.32        26  86 12.2 0.26  0.6  0.5 B1
 10203  249  9.63 34-39.36  52-41.11  15.37        26  86 15.5 0.17  0.4  0.4 B1
 10203  250 19.21 34-28.20  52-51.45  33.30        29  81 22.1 0.32  0.7  0.6 B1
 10203  251 29.42 34- 9.27  52-38.69  21.36        27 105 19.7 0.29  0.6  0.5 B1
 10203  252 39.51 34-41.63  52-48.55  27.72        26 121 42.1 0.21  0.5  0.7 B1
 10203  253 49.13 34-11.42  52-49.72  35.09        25 102  5.8 0.28  0.7  0.5 B1
 10203  254 59.13 34-36.24  52-55.66  34.61        27 113 23.3 0.32  0.8  0.7 C1
 10203  256  9.77 34-31.36  52-37.68  12.74        27  52 22.3 0.22  0.4  0.5 B1
 10203  257 19.82 34-31.11  52-38.23  13.93        28  53 21.7 0.19  0.3  0.5 B1
 10203  258 29.69 34-36.11  52-39.48  13.98        30  54 21.9 0.22  0.4  0.5 B1
 10203  259 39.46 34-13.47  52-39.47  19.08        15 125 11.8 0.21  0.8  0.7 B1
 10203  3 0 49.61 34-10.80  52-36.59  17.46        27 102 18.0 0.22  0.4  0.6 B1
 10203  3 1 59.48 34-10.78  52-39.11  21.08        28 103 16.8 0.27  0.6  0.6 B1
 10203  3 3  9.39 34-33.72  52-44.22  21.36        30  70 23.7 0.27  0.5  0.5 B1
 10203  3 4 19.14 34-13.43  52-48.53  32.64        27  86  9.9 0.30  0.7  0.5 B1
 10203  3 5 29.63 34-17.91  52-37.03  16.29        28  93  7.4 0.22  0.4  0.4 B1
 10203  3 6 39.57 34-36.53  52-42.35  18.39        30  64 19.3 0.19  0.4  0.4 B1
 10203  3 7 49.19 34- 6.84  52-46.47  32.36        28 109  9.2 0.31  0.8  0.7 C1
 10203  3 8 59.63 34- 9.05  52-36.44  17.69        26 116 21.1 0.20  0.4  0.5 B1
 10203  310  9.46 34-43.07  52-43.50  18.73        26  87  7.8 0.26  0.7  0.4 B1
 10203  311 19.75 34-12.34  52-34.43  12.75        29 100 17.2 0.24  0.4  0.4 B1
 10203  312 29.47 34-38.52  52-43.53  18.94        29  69 15.3 0.23  0.5  0.4 B1
 10203  313 39.32 34-34.24  52-49.42  30.33        29  90 22.8 0.28  0.6  0.6 B1
 10203  314 49.25 34-33.42  52-53.05  33.24        27  99 25.9 0.26  0.6  0.6 B1
 10203  315 59.59 34-29.47  52-41.44  19.30        27  60 18.1 0.22  0.4  0.4 B1
 10203  317  9.54 34-42.39  52-42.84  17.23        28  85  9.4 0.27  0.6  0.4 B1
 10203  318 19.87 34-22.06  52-34.97  11.14        26  92 10.7 0.20  0.4  0.3 B1
 10203  319 29.17 34- 9.55  52-47.16  31.02        27 105  7.4 0.29  0.7  0.5 B1
 10203  320 39.70 34-28.69  52-39.87  17.32        26  62 16.8 0.22  0.4  0.4 B1
 10203  321 49.19 34-10.15  52-48.20  32.65        28 104  6.2 0.28  0.7  0.5 B1
 10203  322 59.27 34-26.84  52-47.17  26.97        26 112 16.0 0.29  0.6  0.6 B1
 10203  324  9.72 34-34.54  52-39.74  15.20        27  56 24.3 0.19  0.4  0.5 B1
 10203  325 19.78 34-20.31  52-37.67  15.49        30  90  5.7 0.23  0.4  0.4 B1
 10203  326 29.17 34-26.77  52-52.47  33.78        28  79 21.5 0.31  0.7  0.6 B1
 10203  327 39.34 34- 5.64  52-43.69  28.70        30 111 14.0 0.33  0.7  0.7 C1
 10203  328 49.83 34-20.51  52-36.88  14.56        26  90  7.0 0.18  0.4  0.4 B1
 10203  329 59.10 34-17.84  52-47.20  30.59        26  76  9.6 0.30  0.7  0.6 B1
 10203  331  9.47 34-27.28  52-41.90  20.55        29  60 14.1 0.27  0.5  0.4 B1
 10203  332 19.40 34-11.25  52-43.52  24.06        26 112 13.6 0.25  0.6  0.6 B1
 10203  333 29.79 34-16.75  52-36.76  17.25        26 101  8.9 0.18  0.4  0.4 B1
 10203  334 39.59 34-32.46  52-42.01  18.77        26  63 23.6 0.20  0.4  0.4 B1
 10203  335 49.47 34-24.46  52-44.39  25.35        26  69 10.0 0.31  0.6  0.7 B1
 10203  336 59.10 34-22.20  52-49.80  33.26        26 113 13.8 0.30  0.7  0.6 C1
 10203  338  9.15 34-35.34  52-52.90  34.17        28 105 22.6 0.28  0.6  0.6 B1
 10203  339 19.65 34-43.98  52-40.48  14.27        27  88 10.4 0.32  0.7  0.6 B1
 10203  340 29.35 34-36.73  52-45.11  22.20        28  76 18.0 0.27  0.5  0.6 B1
 10203  341 39.68 34-37.38  52-37.47  11.14        30  58 21.7 0.25  0.4  0.4 B1
 10203  342 49.67 34- 9.48  52-36.57  18.80        27 104 20.2 0.22  0.5  0.6 B1
 10203  343 59.68 34-19.50  52-39.57  19.99        26  90 27.3 0.23  0.5  0.5 B1
 10203  345  9.66 34-39.04  52-40.86  16.12        30  55 16.2 0.20  0.4  0.4 B1
 10203  346 19.26 34-29.69  52-51.18  32.30        26  86 23.9 0.28  0.7  0.6 B1
 10203  347 29.41 34-34.92  52-43.80  20.17        28  70 21.6 0.25  0.5  0.4 B1
 10203  348 39.80 34-12.44  52-35.82  15.15        27 100 25.6 0.14  0.3  0.4 B1
 10203  349 49.26 34- 7.05  52-45.02  30.67        26 108 11.1 0.29  0.7  0.7 B1
 10203  350 59.35 34-14.70  52-45.92  28.95        27  93 11.6 0.21  0.5  0.6 B1
 10203  352  9.78 34- 7.81  52-34.66  14.92        27 106 24.2 0.22  0.5  0.6 B1
 10203  353 19.52 34-25.87  52-41.20  19.64        29  57 11.4 0.24  0.5  0.4 B1
 10203  354 29.34 34- 4.83  52-39.91  23.94        26 112 19.9 0.30  0.6  0.9 C1
 10203  355 39.36 34-33.18  52-44.43  21.83        26  71 24.6 0.26  0.5  0.5 B1
 10203  356 49.34 34-35.42  52-52.28  32.47        27 103 22.0 0.25  0.6  0.5 B1
 10203  357 59.20 34- 7.66  52-46.74  32.17        29 107  8.2 0.29  0.7  0.6 B1
 10203  359  9.30 34-28.16  52-46.95  27.55        27 107 17.9 0.30  0.6  0.6 B1
 10203  4 0 19.60 34-32.14  52-40.70  19.34        26  59 23.1 0.20  0.4  0.4 B1
 10203  4 1 29.18 34-34.88  52-54.54  34.20        26 109 34.6 0.28  0.7  0.7 B1
 10203  4 2 39.40 34-42.85  52-46.25  21.54        28  88  6.6 0.28  0.7  0.4 B1
 10203  4 3 49.59 34-13.37  52-35.78  16.94        28  99 14.4 0.23  0.5  0.5 B1
 10203  4 4 59.08 34-15.99  52-49.48  33.33        26  69 13.7 0.31  0.7  0.6 B1
 10203  4 6  9.67 34-38.47  52-44.38  22.91        28 111 35.0 0.20  0.4  0.7 B1
 10203  4 7 19.65 34-23.09  52-39.60  17.99        27  66  6.8 0.27  0.5  0.5 B1
 10203  4 8 29.32 34-38.59  52-46.80  24.88        26  88 14.4 0.24  0.5  0.5 B1
 10203  4 9 39.68 34-35.35  52-39.76  14.80        29  55 22.9 0.22  0.4  0.5 B1
 10203  410 49.41 34-16.38  52-39.62  20.23        27  95  6.7 0.31  0.7  0.5 C1
 10203  411 59.47 34-39.76  52-42.43  15.98        28  81 13.8 0.24  0.5  0.5 B1
 10203  413  9.07 34-19.88  52-50.89  34.13        27  65 14.6 0.33  0.8  0.6 B1
 10203  414 19.43 34-10.93  52-38.11  20.25        28 118 16.9 0.26  0.5  0.5 B1
 10203  415 29.24 34-15.97  52-48.89  33.10        26  96 13.5 0.27  0.8  0.7 B1
 10203  416 39.78 34-26.50  52-42.05  20.39        26  88 35.9 0.24  0.5  0.7 B1
 10203  417 49.63 34- 9.58  52-36.19  16.00        30 104 20.3 0.24  0.4  0.5 B1
 10203  418 59.27 34-28.95  52-50.10  30.94        26  79 21.8 0.28  0.6  0.6 B1
 10203  420  9.76 34-41.65  52-40.01  13.78        28  71 13.4 0.22  0.4  0.5 B1
 10203  421 19.40 34-36.55  52-44.39  20.56        29  73 18.5 0.24  0.5  0.4 B1
 10203  422 29.67 34- 9.84  52-35.03  14.02        29 103 20.6 0.24  0.5  0.5 B1
 10203  423 39.65 34-29.61  52-41.44  18.29        27  92 18.4 0.18  0.3  0.4 B1
 10203  424 49.19 34- 7.09  52-46.67  32.00        29 108  8.7 0.30  0.8  0.6 B1
 10203  425 59.57 34-26.74  52-42.21  19.18        26  91 13.1 0.24  0.5  0.4 B1
 10203  427  9.35 34-19.78  52-45.80  28.55        28  79  6.8 0.28  0.6  0.6 B1
 10203  428 19.31 34-13.52  52-40.93  21.32        27  99 11.4 0.29  0.6  0.5 B1
 10203  429 29.13 34- 8.79  52-46.88  32.58        26 106  7.7 0.29  0.7  0.6 B1
 10203  430 39.39 34-42.09  52-47.28  22.89        26  99  8.0 0.23  0.5  0.4 B1
 10203  431 49.40 34-39.86  52-44.39  20.13        26  77 12.5 0.24  0.5  0.4 B1
 10203  432 59.41 34-23.17  52-45.69  26.75        27  66  9.3 0.32  0.7  0.7 B1
 10203  434  9.27 34- 7.15  52-44.44  28.79        28 108 11.9 0.28  0.7  0.6 B1
 10203  435 19.56 34-37.86  52-41.29  17.26        26  90 17.7 0.18  0.4  0.4 B1
 10203  436 29.31 34- 8.06  52-41.61  23.11        26 107 15.9 0.31  0.7  0.7 C1
 10203  437 39.72 34-38.55  52-39.55  14.99        27  57 18.1 0.22  0.4  0.5 B1
 10203  438 49.47 34-32.32  52-42.89  19.33        26  65 23.5 0.21  0.4  0.4 B1
 10203  439 59.67 34-14.44  52-35.46  13.73        29  97 13.2 0.20  0.4  0.4 B1
 10203  441  9.26 34-24.11  52-48.27  30.40        28  68 13.4 0.27  0.6  0.5 B1
 10203  442 19.39 34-18.18  52-39.72  19.00        26  93  3.7 0.29  0.6  0.5 B1
 10203  443 29.84 34-20.71  52-36.86  14.69        28  89  7.1 0.20  0.4  0.4 B1
 10203  444 39.43 34-19.21  52-40.90  20.25        27  88  1.1 0.30  0.6  0.5 B1
 10203  445 49.33 34-41.59  52-47.56  25.18        27 100  9.0 0.27  0.6  0.5 B1
 10203  446 59.32 34-33.27  52-49.88  31.15        26  89 24.8 0.28  0.7  0.7 B1
 10203  448  9.57 34-41.66  52-42.50  16.30        29  60 10.8 0.28  0.6  0.5 B1
 10203  449 19.27 34-38.46  52-51.27  30.74        27 149 16.3 0.27  0.7  0.5 C1
 10203  450 29.71 34- 7.54  52-41.51  30.05        25 108 22.4 0.22  0.5  0.7 B1
 10203  451 39.83 34-25.37  52-38.87  15.44        27  61 11.2 0.22  0.4  0.5 B1
 10203  452 49.18 34-39.57  52-53.09  32.36        27 120 16.0 0.28  0.7  0.6 B1
 10203  453 59.64 34-25.20  52-40.14  18.46        28  55 10.4 0.25  0.5  0.4 B1
 10203  455  9.37 34-24.30  52-46.89  28.04        29  66 12.1 0.28  0.6  0.6 B1
 10203  456 19.12 34-13.29  52-50.43  34.21        26  83  8.5 0.32  0.8  0.5 B1
 10203  457 29.17 34-10.04  52-48.91  33.70        30 104  5.1 0.30  0.7  0.5 C1
 10203  458 39.70 34-37.07  52-38.36  10.93        27  55 21.3 0.23  0.4  0.4 B1
 10203  459 49.98 34-22.99  52-50.25  10.00         4 289 15.0 0.00           C1
 10203  5 0 59.15 34-13.09  52-48.87  31.48        27  86  9.1 0.29  0.7  0.5 B1
 10203  5 2  9.13 34-14.17  52-46.95  30.33        28  91 12.4 0.29  0.7  0.5 B1
 10203  5 3 19.32 34-24.20  52-47.02  28.77        30  66 12.1 0.28  0.6  0.5 B1
 10203  5 4 29.18 34-21.79  52-49.68  31.55        27  66 13.4 0.28  0.6  0.5 B1
 10203  5 5 39.24 34-38.15  52-52.93  31.72        28 116 18.0 0.28  0.6  0.6 B1
 10203  5 6 49.50 34-10.21  52-38.28  19.13        29 103 18.1 0.22  0.4  0.4 B1
 10203  5 7 59.39 34-26.31  52-47.05  27.70        29  69 15.1 0.27  0.6  0.6 B1
 10203  5 9  9.63 34-38.74  52-37.08  10.86        26  64 20.3 0.18  0.3  0.3 B1
 10203  510 19.52 34-36.84  52-47.26  27.79        26 109 33.0 0.23  0.5  0.8 B1
 10203  511 29.67 34-29.42  52-37.31  11.17        26  57 19.0 0.21  0.4  0.3 B1
 10203  512 39.33 34-37.22  52-46.21  21.77        26  82 16.9 0.29  0.6  0.6 B1
 10203  513 49.73 34-21.00  52-38.83  17.11        28  86  4.6 0.24  0.5  0.5 B1
 10203  514 59.11 34-13.54  52-48.57  31.97        27  85 10.0 0.28  0.7  0.5 B1
 10203  516  9.78 34-39.46  52-38.70  11.71        28  63 17.6 0.30  0.5  0.5 B1
 10203  517 19.30 34-34.35  52-46.13  23.04        28  78 22.3 0.27  0.5  0.7 B1
 10203  518 29.22 34- 5.14  52-46.21  31.96        26 111 11.1 0.30  0.7  0.7 C1
 10203  519 39.47 34- 9.62  52-37.60  20.00        30 104 19.5 0.27  0.5  0.5 B1
 10203  520 49.45 34-23.37  52-45.51  26.61        28  63  9.4 0.30  0.6  0.7 B1
 10203  521 59.86 34-24.18  52-36.88  13.97        28  80 10.8 0.22  0.4  0.5 B1
 10203  523  9.45 34-35.31  52-43.27  19.37        27 101 21.1 0.24  0.5  0.4 B1
 10203  524 19.37 34-11.95  52-40.16  21.86        27 101 14.4 0.31  0.7  0.6 C1
 10203  525 29.94 34-17.92  52-35.73  13.41        27  93  9.2 0.21  0.4  0.5 B1
 10203  526 39.94 34-24.06  52-37.28  13.18        26  79 10.2 0.18  0.3  0.5 B1
 10203  527 49.40 34-31.46  52-44.62  21.78        28  70 22.4 0.28  0.5  0.5 B1
 10203  528 59.49 34-41.88  52-42.53  16.72        27  92 10.4 0.28  0.7  0.5 B1
 10203  530  9.62 34-15.06  52-38.29  19.54        28  97 23.8 0.22  0.4  0.6 B1
 10203  531 19.81 34-35.19  52-40.97  17.80        28 102 28.7 0.20  0.4  0.6 B1
 10203  532 29.43 34-16.26  52-44.62  26.72        26  90  8.1 0.32  0.7  0.7 B1
 10203  533 39.48 34-26.16  52-43.51  22.27        28  62 12.4 0.32  0.6  0.6 B1
 10203  534 49.12 34-20.88  52-49.18  32.14        28  64 12.2 0.32  0.7  0.6 B1
 10203  535 59.21 34-23.64  52-49.52  31.13        30  69 14.5 0.29  0.6  0.5 B1
 10203  537  9.35 34-12.70  52-42.09  23.48        26 100 13.0 0.33  0.7  0.7 C1
 10203  538 19.17 34-16.16  52-47.12  31.25        28  80 11.0 0.28  0.7  0.5 B1
 10203  539 29.47 34-26.63  52-42.14  21.06        29  60 12.9 0.28  0.5  0.4 B1
 10203  540 39.35 34-25.00  52-47.06  28.74        30  67 13.2 0.28  0.6  0.5 B1
 10203  541 49.37 34-39.63  52-46.01  21.75        26  84 12.5 0.28  0.6  0.5 B1
 10203  542 59.82 34-33.13  52-41.12  18.02        28  99 24.9 0.20  0.4  0.5 B1
 10203  544  9.49 34-37.39  52-42.70  19.95        28  65 17.7 0.23  0.4  0.4 B1
 10203  545 19.80 34- 7.43  52-34.62  14.76        28 119 24.9 0.26  0.5  0.6 B1
 10203  546 29.18 34-21.83  52-48.31  30.48        26  89 11.4 0.29  0.7  0.6 B1
 10203  547 39.10 34-20.19  52-49.26  32.09        30  63 12.2 0.32  0.7  0.6 B1
 10203  548 49.17 34-38.71  52-54.13  33.83        28 118 18.2 0.29  0.7  0.6 B1
 10203 -159 59.44 34-56.78  53-10.44  41.17        26 206 41.1 0.49  1.8  5.3 D1
 10203  0 1  9.51 34-58.11  52-54.44  27.33        26 169 24.8 0.19  0.5  0.7 C1
 10203  0 2 19.57 34-47.85  52-49.49  21.25        26 136  5.2 0.20  0.4  0.5 C1
 10203  0 3 29.98 35-11.90  52-49.19  24.81        26 196 47.3 0.32  1.3  1.6 D1
 10203  0 4 39.48 35- 7.04  53- 1.54  35.62        25 202 44.4 0.36  1.3  1.2 D1
 10203  0 5 49.64 35- 8.44  52-56.84  31.56        28 198 43.7 0.40  1.5  1.2 D1
 10203  0 7  0.57 35-22.00  52-53.14  33.20        27 241 66.6 0.45  1.9  1.7 D1
 10203  0 8  9.74 35- 6.97  53- 0.27  36.35        29 200 43.4 0.44  1.6  3.1 D1
 10203  0 9 19.04 34-45.03  53- 2.73  34.60        27 143 24.7 0.34  0.9  0.8 C1
 10203  010 29.38 34-45.58  52-54.36  27.81        28 136 11.9 0.24  0.6  0.7 C1
 10203  011 39.26 34-57.56  53- 3.04  36.56        26 181 32.5 0.40  1.3  1.6 D1
 10203  012 49.48 34-53.45  52-54.46  28.15        27 157 17.7 0.19  0.5  0.6 C1
 10203  013 58.96 34-48.61  53- 2.32  30.57        27 154 24.3 0.41  0.8  1.0 C1
 10203  015  9.28 34-59.25  52-56.85  29.60        28 175 28.5 0.30  1.0  1.0 C1
 10203  016 19.37 35- 2.12  53- 2.43  35.77        28 192 37.8 0.41  1.3  1.1 D1
 10203  017 29.48 34-50.88  52-54.54  27.60        27 150 14.7 0.18  0.4  0.6 C1
 10203  018 39.61 35-11.18  52-56.66  31.96        28 205 48.3 0.39  1.5  1.2 D1
 10203  019 49.76 35- 5.18  52-45.42  17.73        26 172 34.8 0.18  0.6  0.7 C1
 10203  020 59.49 35-10.55  52-47.26  19.13        25 190 44.7 0.40  1.5  1.1 D1
 10203  022  9.35 34-47.54  52-55.48  28.91        26 142 13.7 0.26  0.7  0.8 C1
 10203  023 19.16 34-56.89  53- 1.05  32.64        25 176 29.3 0.34  0.9  0.9 C1
 10203  024 30.12 35-27.86  52-52.04  30.59        30 244 50.1 0.50  2.0  1.5 D1
 10203  025 39.79 34-58.24  52-41.95  13.52        26 150 23.1 0.19  0.4  0.6 C1
 10203  026 49.59 35- 2.01  52-53.21  26.96        28 177 30.6 0.22  0.6  0.9 C1
 10203  027 59.27 35- 9.16  52-59.46  32.86        25 204 46.4 0.42  1.7  1.2 D1
 10203  029  9.30 35- 4.95  53- 9.93  41.02        26 211 49.4 0.52  1.9538.2 D1
 10203  030 20.03 35-18.39  52-53.25  30.56        27 220 52.6 0.38  1.7  1.3 D1
 10203  031 30.26 35- 4.36  52-49.53  29.29        26 206 33.5 0.26  0.9  0.8 C1
 10203  032 40.05 35-17.03  52-50.78  28.15        25 213 49.6 0.31  1.4  1.1 D1
 10203  033 49.79 35- 9.78  52-57.07  31.61        27 202 46.1 0.45  2.1  1.7 D1
 10203  035  0.60 35-16.75  52-41.55  19.99        26 225 56.7 0.45  2.0  2.2 D1
 10203  036  9.70 35- 3.04  52-49.54  24.69        26 173 31.1 0.20  0.6  0.9 C1
 10203  037 19.52 35- 5.97  52-46.13  17.44        28 175 36.2 0.26  0.8  0.9 C1
 10203  038 29.90 34-56.28  53- 3.06  38.45        26 200 49.7 0.38  1.4  2.4 D1
 10203  039 39.79 34-57.73  52-55.65  31.10        26 196 25.1 0.25  0.9  0.6 C1
 10203  040 49.52 34-45.54  52-52.00  23.91        26 161  8.4 0.20  0.5  0.5 C1
 10203  041 59.85 35- 6.22  52-51.43  27.40        25 185 37.4 0.28  1.0  0.9 C1
 10203  043  9.06 34-45.76  53- 9.93  37.99        29 154 31.5 0.40  1.2  1.5 C1
 10203  044 19.64 35- 5.08  52-53.96  28.40        25 186 36.3 0.28  1.0  0.9 C1
 10203  045 29.59 35- 2.87  52-52.54  27.21        25 178 31.8 0.23  0.8  1.0 C1
 10203  046 39.26 34-58.02  52-57.76  29.21        26 173 27.4 0.30  0.9  0.9 C1
 10203  047 49.37 34-53.62  52-56.07  28.54        28 159 19.7 0.22  0.6  0.6 C1
 10203  048 59.61 34-49.77  52-50.44  23.55        28 142  8.6 0.19  0.4  0.5 C1
 10203  050  9.87 35-20.37  52-54.60  30.73        25 226 54.0 0.32  1.4  1.0 D1
 10203  051 19.85 35- 9.23  52-44.43  18.32        27 181 42.4 0.29  0.9  0.9 C1
 10203  052 29.80 35- 3.34  52-40.52  11.65        25 159 32.7 0.20  0.4  0.5 C1
 10203  053 39.57 34-54.73  52-53.42  26.44        25 159 18.6 0.18  0.5  0.7 C1
 10203  054 50.02 35- 4.39  52-56.76  32.73        26 212 66.5 0.37  1.8  1.9 D1
 10203  055 59.31 34-52.05  53-11.14  38.10        28 179 35.1 0.52  1.4  1.7 D1
 10203  057  9.40 35- 0.13  53- 4.26  38.25        28 190 37.0 0.42  1.4  1.9 D1
 10203  058 19.28 35- 4.94  52-59.68  31.71        26 194 63.9 0.42  2.1  1.8 D1
 10203  059 30.04 35-18.90  53- 0.55  38.21        23 229 63.3 0.35  1.6  2.7 D1
 10203  1 0 39.65 34-57.08  52-46.72  20.25        25 154 19.8 0.25  0.6  0.7 C1
 10203  1 1 49.11 34-58.37  53- 0.44  29.62        29 179 30.6 0.44  1.2  1.2 C1
 10203  1 2 59.18 34-53.70  53- 2.82  35.02        25 170 28.2 0.31  1.0  0.9 C1
 10203  1 4  9.96 34-59.28  52-53.86  28.71        28 198 26.3 0.23  0.8  0.6 C1
 10203  1 5 19.26 34-57.88  53- 1.60  34.87        26 179 31.2 0.35  1.1  1.0 C1
 10203  1 6 29.36 34-47.99  52-55.99  28.74        29 144 14.6 0.23  0.5  0.6 C1
 10203  1 7 39.63 35- 2.02  52-35.31   5.72        26 146 33.7 0.28  0.6  0.7 C1
 10203  1 8 49.40 34-58.64  53- 5.54  38.85        28 188 36.7 0.45  1.4  1.8 D1
 10203  1 9 59.16 34-55.16  52-58.73  30.66        28 167 24.6 0.35  1.0  1.0 C1
 10203  111  9.24 34-59.93  52-58.41  28.87        25 179 30.8 0.40  1.6  1.6 C1
 10203  112 19.60 35- 0.97  52-53.37  26.78        28 174 28.9 0.21  0.6  0.8 C1
 10203  113 29.68 34-58.58  52-50.92  24.62        27 164 23.5 0.18  0.4  0.7 C1
 10203  114 39.74 34-56.98  52-43.36  14.66        26 149 20.2 0.16  0.3  0.5 C1
 10203  115 49.72 35-12.17  53- 1.92  37.79        27 215 53.1 0.39  1.6  2.8 D1
 10203  116 59.50 34-50.34  52-57.49  32.00        25 178 18.1 0.19  0.6  0.5 C1
 10203  118  9.83 35-15.44  52-49.16  23.21        28 206 48.1 0.39  1.6  1.5 D1
 10203  119 19.92 35- 9.91  52-49.59  26.70        28 191 43.7 0.39  1.3  1.6 D1
 10203  120 29.39 35- 7.37  53- 3.26  37.90        26 206 46.3 0.34  1.4  2.1 D1
 10203  121 39.43 35- 3.81  52-37.03   7.66        28 153 35.4 0.33  0.8  0.7 C1
 10203  122 49.41 35- 5.31  52-46.72  18.23        27 175 35.0 0.29  0.8  0.9 C1
 10203  123 59.51 35-14.04  53- 3.44  37.14        27 226 57.2 0.50  2.1  4.0 D1
 10203  125  9.73 35- 5.20  52-39.58  11.31        25 162 36.4 0.25  0.7  0.7 C1
 10203  126 19.67 35- 0.60  52-49.21  22.46        25 167 26.6 0.22  0.7  0.9 C1
 10203  127 29.64 35- 2.67  52-49.69  24.11        26 173 30.5 0.22  0.6  1.0 C1
 10203  128 40.61 35-14.17  52-46.72  28.64        26 224 51.4 0.40  1.6  1.3 D1
 10203  129 49.57 35-12.24  53- 1.90  37.91        25 221 53.2 0.38  1.7  2.8 D1
 10203  130 59.14 34-59.51  52-59.36  31.86        27 180 31.1 0.44  1.6  1.3 C1
 10203  132  9.69 35- 3.05  52-52.62  26.41        25 178 32.1 0.19  0.6  0.9 C1
 10203  133 18.07 34-58.78  53- 1.09  19.57        26 181 31.8 1.41  1.6  1.3 D1
 10203  134 29.84 34-52.37  52-41.67  13.04        26 136 13.4 0.23  0.5  0.6 C1
 10203  135 39.40 35-13.67  53- 5.40  39.44        27 223 58.0 0.38  1.6  2.6 D1
 10203  136 49.24 34-47.47  52-59.24  31.87        27 147 19.4 0.28  0.7  0.7 C1
 10203  137 59.79 35- 3.53  52-50.60  26.48        27 176 32.3 0.22  0.8  1.2 C1
 10203  139  9.73 34-55.83  52-42.11  13.10        25 144 18.8 0.19  0.4  0.6 C1
 10203  140 19.70 35- 5.92  52-55.79  30.97        30 191 38.7 0.40  1.4  1.1 D1
 10203  141 29.93 35- 7.54  52-49.14  23.65        26 184 39.3 0.43  1.4  1.6 D1
 10203  142 39.55 34-51.47  52-51.95  27.14        27 148 12.4 0.19  0.5  0.6 C1
 10203  143 49.32 34-59.43  53- 5.40  37.47        26 190 50.6 0.43  1.6  3.1 D1
 10203  144 59.62 35- 5.04  52-54.05  29.98        27 186 63.6 0.34  1.3  1.2 D1
 10203  146  9.63 34-54.61  52-48.48  20.68        25 173 15.5 0.23  0.6  0.6 C1
 10203  147 19.35 35- 0.71  52-58.68  31.11        25 182 32.2 0.36  1.2  0.9 D1
 10203  148 29.33 35- 2.40  53- 6.52  38.06        28 199 42.4 0.42  1.5  2.0 D1
 10203  149 39.60 34-59.36  52-51.65  25.78        25 167 25.2 0.19  0.5  0.8 C1
 10203  150 49.49 35- 0.17  52-59.40  34.33        30 182 32.1 0.39  1.2  0.9 D1
 10203  151 59.68 35- 9.35  52-55.96  31.63        30 199 44.8 0.40  1.4  1.1 D1
 10203  153  9.59 34-59.25  52-52.14  25.85        28 168 25.2 0.20  0.5  0.8 C1
 10203  154 19.60 35- 1.03  52-45.47  16.13        26 162 27.1 0.20  0.6  0.9 C1
 10203  155 29.27 34-49.98  52-59.71  31.83        28 181 21.0 0.33  1.0  0.7 D1
 10203  156 39.49 34-58.31  52-54.90  28.22        27 170 25.4 0.23  0.7  0.8 C1
 10203  157 49.31 34-49.50  52-59.40  31.08        27 153 20.3 0.21  0.6  0.6 C1
 10203  158 59.73 35- 4.55  52-50.79  26.36        28 179 34.2 0.21  0.7  1.0 C1
 10203  2 0  9.64 34-52.42  53-12.52  41.17        28 183 33.9 0.81  2.8  5.5 D1
 10203  2 1 19.11 34-47.08  53- 5.60  36.30        26 153 29.0 0.35  1.0  1.6 C1
 10203  2 2 29.43 34-58.52  52-54.26  28.10        25 169 25.3 0.25  0.8  0.9 C1
 10203  2 3 39.71 34-54.54  52-51.05  25.04        27 155 16.5 0.16  0.4  0.6 C1
 10203  2 4 49.50 34-45.49  52-46.41  17.55        28  87  1.7 0.28  0.6  0.4 B1
 10203  2 5 59.66 35- 6.78  52-52.28  29.54        25 187 38.7 0.30  1.1  0.9 D1
 10203  2 7  9.73 34-51.66  52-50.79  24.49        26 176 11.7 0.18  0.5  0.5 C1
 10203  2 8 19.56 35- 2.64  53- 3.13  37.45        29 194 39.2 0.42  1.5  2.6 D1
 10203  2 9 29.66 35- 5.17  52-53.74  29.45        28 185 36.4 0.33  1.1  0.9 D1
 10203  210 39.50 34-58.28  53- 5.03  37.99        27 186 35.7 0.45  1.4  1.8 D1
 10203  211 49.46 35- 0.53  52-56.89  30.39        28 195 30.5 0.36  1.2  0.9 D1
 10203  212 59.49 35- 5.99  52-59.63  32.98        26 197 41.3 0.45  1.7  1.2 D1
 10203  214  9.69 35- 7.53  52-55.15  31.30        29 194 41.2 0.37  1.3  1.1 D1
 10203  215 19.15 35- 6.91  53-22.86  41.47        28 234 49.4 1.07  4.0 47.7 D1
 10203  216 29.79 35- 3.95  52-53.94  28.37        27 183 34.3 0.30  0.9  0.9 D1
 10203  217 39.17 34-53.26  53- 9.02  39.72        29 179 36.4 0.40  1.3  1.6 C1
 10203  218 49.83 35-11.27  52-52.22  28.56        26 199 46.8 0.30  1.2  1.0 C1
 10203  219 59.07 34-46.71  53- 2.80  34.80        25 149 24.7 0.36  1.2  0.9 C1
 10203  221  9.76 34-51.29  53- 3.10  35.46        28 186 26.7 0.40  1.4  0.9 D1
 10203  222 19.60 34-55.98  52-54.07  27.23        24 163 21.1 0.21  0.6  0.7 C1
 10203  223 29.15 34-54.78  52-58.85  29.06        27 167 24.3 0.35  0.8  1.0 C1
 10203  224 39.22 34-58.83  52-58.55  31.58        27 177 29.3 0.38  1.3  1.1 C1
 10203  225 49.31 35- 1.33  52-46.72  18.35        26 165 27.6 0.32  0.8  0.9 C1
 10203  226 59.40 34-57.73  53- 4.37  35.68        29 183 34.2 0.47  1.3  1.0 D1
 10203  228  9.72 35-17.47  52-39.53  13.01        27 199 33.2 0.47  2.2  1.6 D1
 10203  229 19.66 34-56.38  52-48.18  19.95        25 155 18.6 0.22  0.5  0.7 C1
 10203  230 29.92 35-15.19  52-51.22  28.02        26 208 51.2 0.32  1.3  1.2 D1
 10203  231 39.58 35- 2.25  52-58.05  31.45        25 185 34.1 0.38  1.4  1.1 D1
 10203  232 49.34 35- 4.39  53-11.74  38.61        27 213 50.7 0.65  1.9  2.6 D1
 10203  233 59.64 35- 2.67  52-54.71  28.55        25 181 32.5 0.27  0.9  0.8 C1
 10203  235 10.15 35- 5.09  52-54.40  32.61        27 211 36.6 0.30  1.1  0.9 D1
 10203  236 19.52 34-45.91  52-59.25  32.29        26 167 19.3 0.24  0.7  0.7 C1
 10203  237 29.41 35- 7.37  52-46.72  18.69        25 180 38.8 0.38  1.1  1.1 D1
 10203  238 39.69 35- 4.37  53- 4.02  39.62        28 220 42.5 0.45  1.8  2.1 D1
 10203  239 49.39 35- 8.06  53- 0.79  33.01        26 203 45.5 0.45  1.7  1.3 D1
 10203  240 59.58 35- 7.15  52-47.53  19.44        29 181 38.4 0.40  1.1  1.0 D1
 10203  242  9.39 35- 1.42  52-57.43  32.62        27 182 32.3 0.41  1.4  1.1 D1
 10203  243 19.35 34-54.77  52-55.85  28.64        26 162 20.9 0.21  0.5  0.6 C1
 10203  244 29.64 35- 4.86  52-54.12  28.14        25 185 36.0 0.30  1.0  1.0 D1
 10203  245 39.61 34-56.35  52-54.59  26.99        26 164 22.1 0.16  0.4  0.6 C1
 10203  246 49.65 35- 0.87  52-45.32  16.24        26 161 26.9 0.17  0.5  0.6 C1
 10203  247 59.32 34-48.98  53-15.68  42.69        27 178 26.2 0.65  2.3  3.3 D1
 10203  249  9.63 35- 4.47  53- 1.24  37.15        28 195 40.2 0.48  1.7  2.7 D1
 10203  250 19.59 35- 1.56  52-47.14  19.24        25 166 28.1 0.27  0.7  1.0 C1
 10203  251 30.04 34-54.63  52-47.68  23.18        24 150 65.3 0.17  0.4  1.0 C1
 10203  252 39.75 35-13.14  52-58.42  32.40        28 212 52.6 0.39  1.5  1.2 D1
 10203  253 49.40 35- 3.27  52-36.32   7.74        26 151 34.9 0.31  0.8  0.7 C1
 10203  254 59.82 35- 3.65  53- 4.97  37.87        26 220 42.4 0.45  1.7  2.3 D1
 10203  256  9.54 35- 3.20  53- 0.81  35.88        27 192 37.9 0.42  1.5  1.3 D1
 10203  257 19.33 34-54.53  52-56.16  29.09        27 162 20.9 0.23  0.6  0.7 C1
 10203  258 30.84 35-17.07  52-57.89  38.09        26 237 59.3 0.60  2.6  5.0 D1
 10203  259 39.67 35- 2.85  52-43.04  13.17        10 162 30.9 0.11  0.5  0.6 B1
 10203  3 0 49.81 35-14.89  52-49.12  23.90        24 205 48.4 0.30  1.2  1.3 C1
 10203  3 1 59.57 35- 6.37  52-58.55  33.15        27 196 41.2 0.52  2.0  1.4 D1
 10203  3 3  9.10 34-57.34  53-15.69  41.87        30 205 37.3 0.87  2.8  7.0 D1
 10203  3 4 19.50 34-59.23  52-55.05  27.64        26 172 27.0 0.25  0.8  0.9 C1
 10203  3 5 29.52 35- 0.03  53- 6.78  38.21        26 194 39.8 0.43  1.5  1.9 D1
 10203  3 6 39.71 34-54.47  52-49.63  23.27        25 152 15.6 0.22  0.6  0.8 C1
 10203  3 7 49.78 35- 3.46  52-51.97  26.60        25 178 32.6 0.21  0.7  1.0 C1
 10203  3 8 59.91 35- 9.23  53- 5.25  39.26        28 213 50.9 0.50  1.8  3.0 D1
 10203  310  9.60 34-59.56  52-59.49  33.69        28 180 31.3 0.34  1.1  0.8 D1
 10203  311 19.68 35-10.11  53- 2.54  38.40        30 211 50.1 0.46  1.7  2.7 D1
 10203  312 29.73 34-54.24  52-51.13  23.04        25 154 16.1 0.17  0.4  0.7 C1
 10203  313 39.67 35-15.19  52-54.15  32.78        26 212 54.5 0.38  1.5  1.2 D1
 10203  314 49.67 34-58.07  52-49.39  23.13        25 161 22.0 0.21  0.5  0.9 C1
 10203  315 59.72 35- 1.92  53- 0.97  35.81        29 189 36.1 0.42  1.3  1.7 D1
 10203  317 10.19 35- 7.32  52-57.28  35.39        26 219 42.0 0.38  1.5  1.1 D1
 10203  318 19.13 34-49.31  53- 6.41  36.57        25 162 30.7 0.39  1.2  1.6 C1
 10203  319 29.46 34-56.46  53- 8.17  41.29        26 187 37.8 0.50  1.7  4.1 D1
 10203  320 39.60 35- 2.15  53- 1.75  37.53        30 190 37.2 0.42  1.3  1.8 D1
 10203  321 49.06 34-45.25  53-12.64  40.34        27 156 27.3 0.45  1.6  1.7 C1
 10203  322 59.46 34-58.13  52-54.53  27.84        26 169 24.8 0.24  0.7  0.9 C1
 10203  324  9.61 35- 0.34  53- 0.55  36.57        26 199 33.4 0.42  1.6  2.2 D1
 10203  325 19.79 35- 6.91  52-53.82  29.53        27 190 39.5 0.28  1.0  0.9 C1
 10203  326 29.09 35- 8.78  53-10.58  40.94        28 220 55.2 0.53  2.0  6.3 D1
 10203  327 39.66 34-59.30  52-49.61  23.94        25 164 24.3 0.19  0.5  0.7 C1
 10203  328 49.04 34-42.17  53- 7.91  36.84        28 138 33.4 0.35  1.1  1.5 C1
 10203  329 59.07 34-47.98  53- 3.22  34.86        27 153 25.5 0.34  1.0  0.9 C1
 10203  331  9.68 34-43.87  52-41.97  13.37        26  82  8.5 0.25  0.7  0.5 B1
 10203  332 19.74 34-59.44  52-48.97  21.23        26 164 24.4 0.21  0.6  0.7 C1
 10203  333 29.73 35- 0.94  52-44.66  15.87        26 160 27.1 0.18  0.4  0.6 C1
 10203  334 39.53 34-44.61  52-44.50  14.76        28  72  4.6 0.28  0.6  0.4 B1
 10203  335 49.84 35- 6.04  52-43.84  15.98        24 172 36.6 0.21  0.6  1.0 C1
 10203  336 59.74 35-12.31  52-44.44  20.37        29 190 44.1 0.32  1.0  0.8 D1
 10203  338  9.74 34-52.22  52-48.27  21.16        25 145 11.1 0.20  0.5  0.6 C1
 10203  339 19.61 34-59.38  52-48.12  20.02        28 162 24.1 0.27  0.6  0.9 C1
 10203  340 29.45 35- 7.64  53-10.69  40.94        30 218 53.7 0.69  2.6  8.5 D1
 10203  341 39.62 35- 1.70  52-53.30  26.99        24 176 30.1 0.23  0.7  1.0 C1
 10203  342 49.62 35- 3.86  53- 1.36  36.07        27 194 39.3 0.41  1.5  2.6 D1
 10203  343 59.86 35- 7.45  52-49.33  22.41        26 184 39.2 0.36  1.2  1.4 D1
 10203  345  9.61 35- 7.11  52-57.48  32.24        28 196 41.7 0.46  1.7  1.3 D1
 10203  346 19.75 35- 5.46  52-54.35  29.19        26 187 63.6 0.35  1.3  1.3 D1
 10203  347 30.07 35-13.80  52-51.23  27.94        26 204 51.2 0.31  1.4  1.2 D1
 10203  348 39.57 35- 2.43  52-56.02  30.37        29 182 33.0 0.33  1.0  0.8 D1
 10203  349 49.07 34-57.77  53- 0.56  31.17        28 177 54.4 0.41  1.5  1.4 D1
 10203  350 59.67 34-52.29  52-49.79  21.41        24 147 12.0 0.17  0.4  0.4 C1
 10203  352  9.83 35-17.38  52-46.32  20.24        27 209 42.9 0.33  1.5  1.1 D1
 10203  353 19.70 35- 7.48  53- 1.31  37.23        29 203 45.0 0.48  1.8  3.3 D1
 10203  354 29.25 34-52.23  52-59.85  32.80        27 161 22.9 0.30  0.9  0.8 C1
 10203  355 39.44 35- 1.51  52-58.98  31.72        26 184 33.7 0.49  1.7  1.4 D1
 10203  356 49.73 35- 3.21  53- 5.51  40.23        29 199 42.4 0.45  1.7  2.6 D1
 10203  357 59.13 34-45.41  53- 2.49  34.80        27 167 24.3 0.37  1.1  0.9 C1
 10203  359  9.65 35- 6.66  52-49.47  22.42        26 196 37.8 0.37  1.3  1.4 D1
 10203  4 0 19.89 35- 4.84  52-51.12  27.54        28 181 34.8 0.28  0.9  0.9 C1
 10203  4 1 29.91 35- 5.32  52-41.42  13.59        23 166 35.9 0.19  0.6  0.8 C1
 10203  4 2 40.10 35- 4.31  53-25.50  42.49        29 233 43.9 1.25  4.4 14.3 D1
 10203  4 3 49.32 34-55.97  52-57.19  28.21        27 167 24.0 0.25  0.7  0.8 C1
 10203  4 4 59.68 34-53.04  53- 0.65  34.31        26 189 24.7 0.36  1.3  0.9 D1
 10203  4 6  9.55 35- 3.65  52-56.37  30.61        28 186 35.2 0.34  1.2  1.0 D1
 10203  4 7 19.33 34-48.91  52-56.63  29.22        25 148 16.0 0.25  0.6  0.8 C1
 10203  4 8 29.25 35- 3.14  53-10.37  39.11        26 208 47.6 0.71  2.0  2.6 D1
 10203  4 9 39.26 35- 4.45  52-48.16  18.60        26 175 57.1 0.34  1.3  1.5 D1
 10203  410 49.85 35- 4.99  52-52.02  27.73        25 182 35.4 0.29  0.9  0.9 C1
 10203  411 59.56 35-17.64  52-59.38  32.51        25 225 61.0 0.30  1.3  0.9 C1
 10203  413  9.64 34-54.08  52-52.65  26.71        28 156 16.9 0.17  0.4  0.6 C1
 10203  414 19.47 34-52.11  52-54.26  27.40        27 153 15.7 0.19  0.5  0.6 C1
 10203  415 29.42 35- 6.84  52-59.24  33.20        27 198 42.4 0.44  1.6  1.2 D1
 10203  416 39.64 35- 4.33  52-56.45  31.03        28 188 36.4 0.39  1.4  1.1 D1
 10203  417 49.68 34-58.55  52-49.68  22.88        25 162 23.0 0.18  0.4  0.7 C1
 10203  418 59.34 34-54.61  52-56.34  29.11        26 162 21.2 0.23  0.6  0.7 C1
 10203  420  9.24 34-58.75  53- 9.72  40.70        26 196 42.0 0.56  2.0  2.2 D1
 10203  421 19.98 35-24.43  52-45.10  18.79        27 230 39.1 0.46  2.4  1.5 D1
 10203  422 29.70 34-56.17  52-47.38  20.08        26 153 18.1 0.22  0.5  0.7 C1
 10203  423 39.49 35- 8.92  53- 4.73  38.31        28 211 50.0 0.47  1.9  2.9 D1
 10203  424 49.54 35- 2.86  52-53.76  28.08        26 180 32.4 0.27  1.0  1.1 C1
 10203  426  0.04 35- 5.43  52-57.31  34.61        27 215 38.8 0.38  1.4  1.2 D1
 10203  427  9.07 34-52.38  53- 4.17  33.21        27 168 29.0 0.43  1.0  0.9 C1
 10203  428 19.80 35-19.26  52-48.84  22.31        24 225 45.7 0.36  1.8  1.6 D1
 10203  429 29.52 34-57.11  53-10.02  41.65        29 192 40.8 0.54  2.0  6.4 D1
 10203  430 39.46 34-44.40  52-52.27  23.47        26 131  9.4 0.21  0.4  0.6 B1
 10203  431 49.71 34-56.80  52-50.37  22.25        26 159 20.1 0.21  0.5  0.8 C1
 10203  432 59.15 35-18.59  52-36.84   6.59        26 200 28.6 0.58  2.6  1.8 D1
 10203  434  9.40 34-50.12  52-55.56  28.96        26 149 15.3 0.21  0.5  0.7 C1
 10203  435 19.52 35- 1.19  52-58.19  31.46        30 182 32.6 0.40  1.3  1.1 D1
 10203  436 29.55 35-11.30  52-59.28  32.92        26 209 49.9 0.51  2.0  1.5 D1
 10203  437 39.51 35- 2.84  53- 6.19  39.69        27 200 42.6 0.43  1.5  1.8 D1
 10203  438 49.65 35- 7.22  52-56.77  31.19        27 195 41.5 0.37  1.4  1.0 D1
 10203  439 59.50 34-54.72  53-11.00  40.51        27 187 38.4 0.63  2.3  3.0 D1
 10203  441  9.41 34-50.52  53- 5.74  37.81        26 187 30.1 0.43  1.4  1.6 D1
 10203  442 19.48 35- 5.27  52-45.69  17.39        25 173 34.9 0.26  0.8  1.0 C1
 10203  443 29.54 34-56.38  52-45.92  16.80        26 152 18.5 0.24  0.5  0.7 C1
 10203  444 39.08 34-53.83  53- 5.61  34.57        26 175 32.1 0.42  1.2  1.0 C1
 10203  445 49.50 35- 8.45  53- 2.77  37.59        28 207 47.6 0.42  1.6  2.7 D1
 10203  446 59.42 34-58.64  52-56.04  28.31        28 172 26.8 0.24  0.7  0.8 C1
 10203  448 10.06 35-19.08  53- 5.01  40.09        26 234 66.6 0.45  2.4  7.3 D1
 10203  449 19.65 35- 0.15  52-45.02  16.08        26 159 25.6 0.25  0.7  1.1 C1
 10203  450 28.31 34-59.13  53- 0.08  20.72        28 180 31.2 1.15  1.4  1.5 D1
 10203  451 39.60 35- 8.95  52-53.01  29.24        25 194 42.9 0.29  1.2  1.0 C1
 10203  452 49.64 34-52.06  52-52.14  24.54        25 174 13.5 0.15  0.4  0.5 B1
 10203  453 59.73 34-53.82  53- 4.23  37.92        27 195 30.2 0.38  1.4  1.5 D1
 10203  455  9.72 35- 1.17  52-47.93  21.90        24 166 27.4 0.29  0.7  1.0 C1
 10203  456 19.53 35- 6.12  53- 1.34  37.64        26 200 42.8 0.49  1.9  3.1 D1
 10203  457 29.27 34-57.04  53- 1.39  35.25        26 177 29.9 0.38  1.2  1.0 C1
 10203  458 39.61 34-55.34  53-12.06  41.90        28 191 38.0 0.73  2.5  6.7 D1
 10203  5 0 59.14 34-49.97  53- 9.47  41.41        26 169 35.2 0.37  1.3  2.5 C1
 10203  5 2  9.78 35- 2.61  52-56.68  31.81        27 184 33.7 0.29  1.0  0.9 C1
 10203  5 3 19.54 35- 8.75  52-58.35  32.68        28 201 45.0 0.49  1.8  1.3 D1
 10203  5 4 29.65 34-50.36  52-53.07  27.00        26 175 12.3 0.19  0.6  0.6 C1
 10203  5 5 39.26 34-53.74  52-57.21  29.03        26 161 21.1 0.24  0.6  0.7 C1
 10203  5 6 49.77 35- 6.03  53- 2.71  38.65        28 202 43.8 0.44  1.6  2.4 D1
 10203  5 7 59.56 35- 1.62  52-47.42  20.84        27 166 28.2 0.29  0.8  1.0 C1
 10203  5 9  9.65 35- 8.65  52-54.57  31.21        29 196 42.9 0.36  1.3  1.0 D1
 10203  510 19.59 34-57.38  53- 4.13  37.59        28 182 33.6 0.40  1.3  1.7 D1
 10203  511 29.16 34-57.04  52-59.03  30.20        26 173 27.3 0.35  1.0  1.0 C1
 10203  512 39.58 34-50.49  52-52.26  24.30        26 146 11.5 0.19  0.4  0.6 C1
 10203  513 49.29 35-15.29  52-36.81   6.46        26 187 31.3 0.57  1.9  1.1 D1
 10203  514 59.85 35- 6.91  52-59.15  34.73        27 198 42.5 0.36  1.3  1.2 D1
 10203  516  9.27 34-57.38  53- 9.67  39.90        30 192 40.6 0.53  1.7  1.9 D1
 10203  517 19.63 35-10.33  52-54.19  31.48        27 199 45.8 0.37  1.4  1.1 D1
 10203  518 29.49 35- 3.96  53- 2.26  37.00        28 196 40.3 0.40  1.3  2.4 D1
 10203  519 39.74 35-14.21  52-58.51  34.22        28 215 54.5 0.45  1.8  1.4 D1
 10203  520 49.73 35- 7.40  53- 3.85  39.15        30 207 46.9 0.44  1.6  2.4 D1
 10203  521 59.61 34-58.10  52-52.26  26.05        27 165 23.3 0.19  0.6  0.9 C1
 10203  523 10.02 35-11.41  52-41.72  18.21        24 183 41.5 0.21  0.7  0.7 C1
 10203  524 19.22 34-52.03  53- 0.33  33.90        27 161 23.4 0.30  0.8  0.8 C1
 10203  525 29.07 35- 2.46  53-11.94  40.87        28 209 48.3 0.68  2.0  2.3 D1
 10203  526 39.59 35- 3.44  53- 6.08  40.41        26 201 43.3 0.47  1.7  2.0 D1
 10203  527 49.77 35- 0.29  52-49.67  25.64        24 167 64.0 0.18  0.6  1.2 C1
 10203  528 59.59 35- 1.92  53- 6.55  41.11        26 198 41.8 0.51  1.8  6.5 D1
 10203  530  9.46 34-45.43  52-57.89  31.17        26 164 17.3 0.27  0.8  0.7 C1
 10203  531 19.63 35-12.87  52-46.49  20.18        25 195 46.3 0.39  1.5  1.0 D1
 10203  532 29.83 34-56.99  52-47.61  20.67        26 156 19.7 0.24  0.6  0.9 C1
 10203  533 39.22 34-55.24  52-56.95  29.86        28 165 22.7 0.29  0.8  0.8 C1
 10203  534 50.00 35- 9.43  52-51.06  27.61        26 192 43.2 0.29  1.0  1.0 C1
 10203  535 59.63 34-59.46  52-47.20  19.57        28 161 24.2 0.25  0.6  0.8 C1
 10203  537  9.07 34-56.25  53-12.34  38.40        29 194 38.9 0.65  1.9  2.3 D1
 10203  538 19.20 34-54.93  52-58.97  29.65        29 167 24.6 0.31  0.8  0.9 C1
 10203  539 29.12 34-55.84  53- 0.60  32.72        27 172 27.6 0.38  1.0  1.0 C1
 10203  540 39.58 35- 3.06  52-52.63  26.94        27 178 32.2 0.20  0.6  0.8 C1
 10203  541 50.16 35-20.80  53- 1.05  37.86        27 234 63.6 0.49  2.3  3.8 D1
 10203  542 59.54 35- 3.24  53- 2.50  37.58        30 194 39.5 0.41  1.4  2.2 D1
 10203  544  9.70 35-16.46  52-58.60  31.85        27 221 58.5 0.47  1.9  1.5 D1
 10203  545 19.39 35- 3.37  53- 5.88  39.27        25 200 43.0 0.43  1.6  2.1 D1
 10203  546 29.49 34-45.02  52-54.34  28.09        25 135 50.9 0.22  0.6  0.9 B1
 10203  547 39.25 35- 0.54  52-59.04  31.84        28 197 32.3 0.43  1.5  1.2 D1
 10203  548 49.78 35- 4.88  52-51.77  27.56        26 182 35.1 0.29  1.0  1.0 C1
