 DATE    ORIGIN    LAT N    LONG E    DEPTH    MAG NO GAP DMIN  RMS  ERH  ERZ QM
 10203 -159 59.86 33-51.06  52-36.73  21.24        19 159 40.4 0.15  0.4  0.6 C1
 10203  0 1  9.91 33-29.41  52-41.26  24.39        21 185 79.1 0.20  1.0  1.3 C1
 10203  0 2 19.81 33-52.74  52-54.46  30.86        14 208 67.4 0.29  1.3  1.3 C1
 10203  0 3 30.20 34- 0.32  52-31.51  20.62        15 118 53.4 0.18  0.7  1.2 C1
 10203  0 4 40.39 33-40.26  52-31.95  22.45        17 161 69.9 0.20  0.8  1.5 C1
 10203  0 5 49.90 33-54.51  52-40.33  22.59        17 150 32.0 0.18  0.6  1.0 C1
 10203  0 7  0.32 33-49.49  52-32.20  22.86        16 184 52.8 0.16  0.7  1.2 C1
 10203  0 8  9.98 33-31.34  52-42.24  27.81        17 203 71.0 0.22  1.1  1.5 C1
 10203  0 9 20.06 33-37.39  52-39.35  25.40        16 192 61.3 0.17  0.8  1.5 C1
 10203  010 29.80 34- 7.07  52-32.01  18.30        19 142 27.4 0.20  0.6  0.5 C1
 10203  011 39.46 33-57.84  52-55.29  29.98        15 174 21.1 0.20  1.1  0.9 C1
 10203  012 49.95 33-24.82  52-32.54  18.21        13 198 73.8 0.28  2.0  2.8 C1
 10203  014  0.13 33-46.02  52-34.90  21.72        18 168 49.7 0.18  0.6  1.2 C1
 10203  015 10.20 33-47.38  52-38.67  28.08        15 145 44.7 0.13  0.5  0.7 B1
 10203  016 19.81 33-34.14  52-27.98  19.91        16 228 57.2 0.12  0.8  0.8 C1
 10203  017 29.80 33-36.39  52-48.85  27.54        13 214 83.7 0.19  1.2  1.1 C1
 10203  018 39.88 33-40.56  52-46.24  28.05        16 159 77.4 0.08  0.3  0.5 C1
 10203  019 50.19 33-43.73  52-28.93  19.17        15 171 58.4 0.13  0.5  0.8 C1
 10203  021  0.05 33-48.84  52-46.42  29.34        18 188 38.0 0.12  0.5  0.4 C1
 10203  022 10.20 33-47.93  52-34.37  20.69        19 143 47.2 0.16  0.5  0.8 C1
 10203  023 19.29 34- 1.43  52-51.72  26.97        18 117 13.8 0.27  0.8  1.1 B1
 10203  024 30.02 33-16.97  52-32.10  18.66        13 215 78.7 0.10  0.8  0.9 C1
 10203  025 39.47 34- 2.69  52-56.47  30.88        18 114 52.8 0.18  0.8  1.1 B1
 10203  026 50.12 33-45.73  52-33.12  20.72        18 148 51.7 0.19  0.6  1.1 C1
 10203  028  0.40 33-48.88  52-13.79  10.03        18 134 47.3 0.29  0.8  1.1 C1
 10203  029  9.56 34- 7.79  52-51.86  28.46        18 107  2.0 0.19  0.6  0.8 B1
 10203  030 20.09 33-42.71  52-43.16  28.91        18 154 50.2 0.10  0.4  0.7 C1
 10203  031 30.19 33-42.50  52-31.05  22.86        16 204 54.0 0.14  0.7  0.9 C1
 10203  032 39.97 33-28.42  52-33.77  22.87        15 209 70.7 0.09  0.4  0.7 C1
 10203  033 50.09 33-37.86  52-12.69  13.82        21 221 35.1 0.28  1.4  1.2 C1
 10203  035  0.02 33-23.73  52-45.48  22.45        18 219 90.4 0.31  2.5  2.5 D1
 10203  036  9.42 33-59.26  52-44.60  24.26        18 141 21.0 0.21  0.7  1.2 C1
 10203  037 19.92 34- 7.58  52-25.07  13.08        17 188 33.5 0.28  1.0  1.0 C1
 10203  038 29.49 33-48.40  52-58.00  32.56        19 139 63.3 0.19  0.7  0.9 C1
 10203  039 40.90 33-26.65  52-26.13  33.26        16 229 63.3 0.42  4.5  4.3 D1
 10203  040 50.01 33-51.59  52-36.82  21.63        13 157 52.4 0.14  0.6  1.3 C1
 10203  042  0.21 33-46.46  52-38.41  25.56        19 168 61.6 0.15  0.5  1.0 C1
 10203  043 10.10 33-39.94  52-28.36  18.52        16 213 52.1 0.19  1.5  1.2 C1
 10203  044 19.90 33-55.79  52-40.54  23.74        14 148 29.8 0.11  0.4  0.5 B1
 10203  045 30.36 33-40.66  52-49.31  33.45        15 256 52.3 0.34  2.4  1.9 D1
 10203  046 40.26 33-42.32  52-26.85  16.61        18 156 48.1 0.16  0.6  1.0 C1
 10203  047 50.20 33-59.92  52-26.28  16.14        14 117 43.2 0.14  0.6  0.8 B1
 10203  049  0.20 33-48.73  52-34.90  21.19        16 161 45.5 0.13  0.5  1.4 B1
 10203  050 10.02 33-26.35  52-51.65  33.72        17 215 78.6 0.33  3.1  4.6 D1
 10203  051 20.11 33-38.45  52-34.80  21.68        19 165 62.1 0.14  0.4  0.8 C1
 10203  052 29.55 33-58.41  52-41.80  20.62        17 142 24.8 0.19  0.8  0.7 C1
 10203  053 39.90 33-42.06  52-46.56  29.41        18 176 50.3 0.10  0.4  0.6 C1
 10203  054 50.26 33-42.37  52-31.87  23.26        13 240 70.5 0.12  0.7  0.8 C1
 10203  056  0.26 33-42.08  52-33.96  25.37        14 241 56.7 0.17  1.2  1.1 C1
 10203  057 10.31 33-41.81  52-40.53  28.83        16 180 53.0 0.18  0.9  1.1 C1
 10203  058 20.13 33-39.26  52-36.13  23.34        12 221 59.9 0.10  0.6  0.8 C1
 10203  059 30.11 33-56.34  52-24.17  14.74        15 145 40.8 0.15  0.5  0.7 B1
 10203  1 0 39.74 33-50.31  52-48.14  29.56        17 156 34.8 0.16  0.6  0.9 C1
 10203  1 1 50.33 33-41.05  52-31.23  22.24        15 208 55.2 0.15  0.9  1.1 C1
 10203  1 3  0.19 33-52.53  52-18.59  10.76        20 128 31.5 0.19  0.6  0.7 C1
 10203  1 4  9.97 33-49.78  52-39.16  25.45        19 161 40.4 0.11  0.4  0.7 B1
 10203  1 5 20.04 33-58.77  52-35.59  20.99        18 122 39.7 0.17  0.5  0.8 B1
 10203  1 6 29.70 33-49.05  52-49.35  28.27        19 164 57.9 0.16  0.5  0.8 C1
 10203  1 7 40.03 33-32.04  52-41.64  28.50        15 225 69.9 0.17  1.1  1.0 C1
 10203  1 8 50.18 34- 6.82  52-27.89  16.25        14 108 53.0 0.16  0.5  1.0 C1
 10203  1 9 59.95 33-32.55  52-32.95  20.89        18 179 71.5 0.17  0.7  1.0 C1
 10203  111  9.74 33-30.67  52-42.53  26.22        18 204 79.5 0.16  0.8  1.1 C1
 10203  112 19.94 33-50.10  52-17.54  11.19        15 170 30.2 0.11  0.5  0.5 B1
 10203  113 30.04 33-48.35  52-36.09  21.30        17 163 58.5 0.10  0.4  1.0 C1
 10203  114 39.48 34-10.13  52-47.03  22.03        18 114  7.8 0.21  0.7  0.6 B1
 10203  115 49.77 33-56.94  52-42.07  24.12        21 146 26.8 0.21  0.6  1.1 C1
 10203  116 59.90 33-35.90  52-31.31  19.35        17 171 59.7 0.09  0.4  0.6 C1
 10203  118 10.04 33-47.57  52-33.16  20.08        17 144 74.2 0.15  0.5  1.1 C1
 10203  119 20.09 33-43.05  52-29.73  17.72        17 154 51.8 0.07  0.2  0.3 C1
 10203  120 30.01 33-45.29  52-29.65  17.11        16 168 65.7 0.18  0.7  1.0 C1
 10203  121 40.03 33-49.24  52-14.83  10.35        14 150 26.4 0.17  0.8  0.8 C1
 10203  122 49.91 33-44.16  52-45.25  26.59        16 151 46.8 0.10  0.4  0.8 B1
 10203  123 59.45 33-33.98  52-56.02  31.36        13 171 78.8 0.20  1.4  2.1 C1
 10203  125 10.05 33-46.69  52-39.42  24.17        15 167 61.1 0.06  0.2  0.8 C1
 10203  126 19.96 33-57.84  52-25.13  13.80        17 121 42.8 0.09  0.3  0.5 B1
 10203  127 29.89 33-48.42  52-37.84  22.57        13 142 81.6 0.10  0.4  1.0 C1
 10203  128 39.71 33-52.72  52-37.31  20.35        14 133 37.4 0.13  0.6  0.7 B1
 10203  129 49.47 33-58.41  52-48.29  26.18        17 122 20.1 0.23  0.9  0.9 B1
 10203  130 59.98 33-34.85  52-31.95  20.15        19 174 61.5 0.11  0.4  0.6 C1
 10203  132 10.62 33-43.14  52-24.19  18.00        20 189 43.7 0.34  1.4  1.9 D1
 10203  133 19.80 33-56.12  52-34.43  19.04        18 145 35.8 0.15  0.4  0.6 B1
 10203  134 30.30 33-44.20  52-30.98  20.06        17 180 52.9 0.14  0.6  0.8 C1
 10203  135 40.36 33-36.64  52-10.81  10.96        18 187 35.2 0.31  1.2  1.0 D1
 10203  136 50.20 34- 0.54  52-25.73  14.85        18 133 43.1 0.15  0.4  0.6 C1
 10203  137 59.99 33-51.03  52-40.22  24.80        15 158 53.0 0.12  0.4  1.6 C1
 10203  139 10.00 33-41.32  52-30.75  19.09        14 223 54.4 0.17  0.9  0.8 C1
 10203  140 20.19 33-55.17  52-30.45  20.06        17 145 41.6 0.10  0.5  0.4 B1
 10203  141 29.86 33-44.04  52-46.62  29.76        20 151 76.4 0.10  0.3  0.5 C1
 10203  142 40.41 33-54.35  52-23.21  16.42        13 152 38.8 0.15  0.6  0.7 C1
 10203  143 50.64 33-49.39  52-19.70  14.61        18 153 33.7 0.33  1.1  1.7 C1
 10203  145  0.09 33-54.88  52-37.17  24.22        17 129 46.3 0.18  0.6  1.2 B1
 10203  146  9.86 33-48.28  52-44.79  25.11        16 162 58.3 0.11  0.4  0.9 C1
 10203  147 20.57 33-52.32  52-25.45  19.95        17 159 42.1 0.19  0.6  0.6 C1
 10203  148 30.11 33-40.63  52-29.55  19.81        19 179 53.2 0.16  0.5  0.8 C1
 10203  149 39.78 33-21.82  52-46.39  25.55        16 201 92.4 0.23  2.5  3.5 C1
 10203  150 50.35 33-40.07  52-27.77  18.59        16 194 51.1 0.23  1.0  1.2 C1
 10203  151 59.87 33-43.66  52-23.82  12.15        19 152 42.8 0.16  0.5  0.7 C1
 10203  153 10.17 33-18.41  52-45.78  30.13        17 262 93.8 0.26  3.3  4.5 D1
 10203  154 20.35 33-53.71  52-24.61  16.52        17 171 40.9 0.23  0.8  1.1 C1
 10203  155 29.99 33-45.26  52-41.58  25.64        14 149 46.5 0.04  0.2  0.3 B1
 10203  156 39.43 33-56.35  52-50.88  28.51        12 154 66.8 0.21  0.9  1.2 C1
 10203  157 49.73 34- 4.47  52-36.51  19.35        17 112 25.0 0.15  0.6  0.7 B1
 10203  159  0.02 33-45.01  52-37.46  22.94        13 150 79.6 0.12  0.5  1.0 C1
 10203  2 0  9.55 34- 5.57  52-52.13  30.31        15 122 75.9 0.19  0.6  1.0 C1
 10203  2 1 20.44 33-41.02  52-25.83  19.27        19 177 47.7 0.21  0.9  1.1 C1
 10203  2 2 30.01 34- 5.58  52-13.75  11.09        14 158 32.8 0.08  0.4  0.4 B1
 10203  2 3 40.08 33-43.91  52-36.32  21.49        17 152 52.0 0.10  0.3  0.6 C1
 10203  2 4 49.99 33-51.20  52-39.29  21.72        14 172 38.0 0.08  0.3  0.6 B1
 10203  2 6  0.02 33-41.19  52-32.69  20.06        19 159 57.2 0.09  0.3  0.5 C1
 10203  2 7 10.16 33-43.41  52-28.74  19.46        18 172 50.1 0.17  0.6  1.0 C1
 10203  2 8 20.24 33-49.25  52-10.76   9.76        14 232 73.3 0.22  1.1  1.0 C1
 10203  2 9 30.17 33-45.95  52-28.20  16.95        16 147 55.9 0.15  0.6  1.1 C1
 10203  210 39.51 33-52.41  52-57.32  30.72        19 131 31.6 0.15  0.5  0.7 B1
 10203  211 50.14 33-35.27  52-39.24  28.90        18 197 65.1 0.16  0.8  0.9 C1
 10203  212 59.77 33-52.30  52-43.57  24.63        17 153 33.2 0.15  0.5  0.8 C1
 10203  214  9.40 34- 2.44  52-45.13  22.64        14 116 15.8 0.19  0.7  0.7 B1
 10203  215 20.50 33-50.06  52-27.16  17.19        21 165 45.0 0.20  0.7  0.9 C1
 10203  216 29.85 33-40.60  52-50.33  30.41        12 158 73.6 0.07  0.3  0.6 C1
 10203  217 40.11 34- 1.83  52-28.52  18.37        14 169 38.3 0.04  0.2  0.1 B1
 10203  218 50.24 33-35.66  52-42.58  31.28        17 213 63.1 0.21  1.1  1.0 C1
 10203  220  0.15 33-56.06  52-37.70  22.60        13 181 44.0 0.11  0.5  0.7 C1
 10203  221 10.51 33-55.08  52-21.20  14.39        16 141 53.7 0.20  0.7  0.9 C1
 10203  222 20.03 33-50.52  52-17.64  12.17        17 168 30.3 0.10  0.4  0.3 B1
 10203  223 29.76 33-36.85  53- 0.21  38.68        19 163 60.6 0.16  0.6  1.6 C1
 10203  224 39.92 33-54.87  52-33.26  19.98        18 147 47.5 0.16  0.5  0.7 C1
 10203  225 49.72 34- 7.42  52-31.35  17.55        19 122 27.4 0.13  0.4  0.4 B1
 10203  227  0.12 33-54.83  52-23.70  14.88        16 167 39.6 0.15  0.7  0.8 B1
 10203  228 10.08 33-39.53  52-32.85  20.46        13 163 58.7 0.14  0.8  1.0 C1
 10203  229 20.68 33-41.73  52-23.10  17.93        18 157 56.7 0.30  1.2  1.7 C1
 10203  230 30.01 33-59.53  52-35.82  21.19        13 137 38.2 0.10  0.3  0.4 B1
 10203  231 39.82 33-47.05  52-46.07  27.78        15 188 41.3 0.11  0.4  0.5 C1
 10203  232 50.09 33-46.13  52-29.23  18.25        17 191 54.7 0.20  0.8  0.8 C1
 10203  233 59.97 33-45.01  52-45.86  29.13        15 169 45.1 0.05  0.2  0.4 B1
 10203  235 10.28 33-37.09  52-24.96  18.51        14 187 58.8 0.19  1.0  1.4 C1
 10203  236 19.50 33-57.36  53- 0.36  34.98        18 146 55.0 0.19  0.6  1.0 C1
 10203  237 30.10 33-43.96  52-37.35  24.46        18 152 51.2 0.10  0.3  0.7 C1
 10203  238 39.86 33-51.33  52-43.27  26.31        15 136 52.5 0.12  0.4  1.0 C1
 10203  239 50.06 33-55.20  52-11.10   7.79        20 145 20.6 0.13  0.5  0.5 B1
 10203  240 59.63 34-11.81  52-32.48  15.85        16 100 19.9 0.12  0.3  0.4 B1
 10203  242  9.99 33-48.09  52-43.45  24.90        16 188 40.6 0.18  1.0  1.2 C1
 10203  243 19.52 34- 0.05  52-49.32  25.71        13 168 38.3 0.16  0.7  1.6 C1
 10203  244 30.18 33-53.99  52-23.15  15.33        15 170 38.7 0.15  0.6  0.7 B1
 10203  245 39.81 33-58.04  52-34.80  19.10        18 123 33.1 0.17  0.5  0.7 B1
 10203  246 50.05 33-56.82  52-21.60  13.29        15 143 37.1 0.16  0.7  1.0 C1
 10203  248  0.12 33-43.87  52-31.93  19.93        18 152 55.5 0.16  0.5  1.1 C1
 10203  249  9.82 33-48.23  52-44.86  26.17        19 142 39.7 0.11  0.4  0.7 B1
 10203  250 20.05 33-50.57  52-12.11   8.26        17 159 46.7 0.10  0.5  0.5 B1
 10203  251 30.04 33-46.61  52-41.79  25.79        13 146 44.0 0.09  0.3  0.7 B1
 10203  252 40.20 34- 4.95  52-28.55  19.28        19 109 52.2 0.21  0.6  0.8 C1
 10203  253 50.24 33-56.64  52-25.73  15.61        14 180 43.2 0.16  0.7  0.8 C1
 10203  254 59.78 33-58.40  52-34.89  19.04        18 122 32.6 0.15  0.4  0.5 B1
 10203  256 10.20 33-19.39  52-38.10  28.44        13 228 85.3 0.32  3.4  4.2 D1
 10203  257 19.55 33-50.40  52-53.30  30.30        19 136 34.2 0.18  0.6  0.7 C1
 10203  258 29.68 34- 6.29  52-36.59  19.99        17 126 24.0 0.17  0.5  0.5 B1
 10203  259 39.78 33-54.11  52-45.94  25.45         8 183 28.8 0.06  0.5  0.9 C1
 10203  3 0 50.09 33-48.74  52-32.11  19.73        18 141 48.1 0.19  0.7  0.8 C1
 10203  3 2  0.04 33-31.55  52-28.62  22.14        17 202 60.9 0.15  1.0  1.2 C1
 10203  3 3 10.29 33-31.52  52-25.99  18.97        14 223 77.6 0.35  3.0  3.1 D1
 10203  3 4 19.63 33-52.55  52-48.08  27.09        19 133 30.7 0.14  0.5  0.7 B1
 10203  3 5 30.06 33-30.00  52-26.23  19.61        18 245 60.0 0.27  1.7  1.9 C1
 10203  3 6 37.90 33-23.16  52-12.83  42.42        13 213 47.1 1.84  6.2 37.0 D1
 10203  3 7 50.05 33-39.87  52-33.26  21.02        19 162 59.0 0.13  0.5  0.8 C1
 10203  3 8 59.41 34- 1.85  52-46.68  22.35        19 131 15.3 0.22  0.7  0.8 B1
 10203  310 10.23 33-56.36  52-29.58  17.83        15 143 41.4 0.14  0.5  0.5 B1
 10203  311 19.79 33-46.23  52-46.54  28.51        12 166 42.7 0.18  1.3  1.5 C1
 10203  312 30.78 33-48.26  52-23.19  18.22        13 175 58.4 0.22  1.0  1.0 C1
 10203  313 39.93 33-38.56  52-13.45  13.31        19 218 34.9 0.26  1.6  1.4 C1
 10203  314 50.07 33-36.88  52-34.45  21.82        15 169 63.0 0.08  0.3  0.5 C1
 10203  315 59.33 33-46.98  53- 4.04  33.41        20 171 44.6 0.27  1.0  1.3 C1
 10203  317 10.11 33-43.00  52-32.30  20.21        16 154 55.5 0.14  0.5  0.9 C1
 10203  318 19.26 33-54.15  52-54.61  28.62        18 144 27.5 0.26  0.8  1.1 C1
 10203  319 29.39 33-57.83  52-54.26  27.82        18 122 20.8 0.20  0.6  0.9 B1
 10203  320 39.57 33-50.64  52-54.18  30.15        15 136 33.9 0.15  0.6  0.7 B1
 10203  321 50.35 33-44.95  52-26.52  17.30        18 149 45.9 0.19  0.6  0.9 C1
 10203  322 59.71 33-55.27  52-40.42  20.65        19 171 30.7 0.14  0.4  0.6 B1
 10203  324  9.71 33-46.40  52-52.26  29.73        17 171 41.6 0.11  0.4  0.5 B1
 10203  325 19.86 33-58.76  52-43.43  24.56        14 263 22.8 0.29  2.0  1.0 C1
 10203  326 30.09 33-34.28  52-47.30  32.83        13 172 64.3 0.10  0.5  0.8 C1
 10203  327 39.78 33-53.50  52-20.51   9.77        21 144 34.5 0.25  0.7  0.7 C1
 10203  328 50.24 33-38.96  52-34.18  25.92        15 230 61.0 0.14  0.9  1.2 C1
 10203  330  0.19 33-43.79  52-38.73  24.49        16 176 50.6 0.09  0.3  0.6 C1
 10203  331 10.29 33-43.35  52-26.61  17.45        19 153 47.0 0.15  0.6  0.9 B1
 10203  332 19.91 33-51.46  52-42.17  24.72        19 157 35.5 0.10  0.3  0.8 B1
 10203  333 29.70 33-57.19  52-39.89  20.63        18 125 28.4 0.18  0.6  0.8 B1
 10203  334 40.48 33-34.67  52-30.76  22.54        17 205 60.1 0.26  1.4  2.0 C1
 10203  335 50.08 33-41.22  52-25.21  23.69        14 244 46.7 0.23  2.2  2.6 C1
 10203  337  0.18 33-52.74  52- 7.62   8.07        18 118 14.6 0.18  1.0  1.0 B1
 10203  338 10.05 33-30.28  52-41.52  30.71        17 183 73.1 0.20  0.8  0.9 C1
 10203  339 20.43 33-38.63  52-19.43  18.99        17 217 61.1 0.20  1.0  1.3 C1
 10203  340 30.14 33-32.65  52-32.50  20.51        13 233 73.4 0.21  1.4  1.5 C1
 10203  341 39.50 34- 8.21  52-17.67   9.59        20 106 39.6 0.20  0.5  0.4 C1
 10203  342 49.59 33-54.13  52-44.22  21.95        14 152 29.7 0.12  0.4  0.5 B1
 10203  344  0.58 33-43.17  52-24.48  16.43        18 189 59.2 0.41  1.8  2.3 D1
 10203  345 10.14 33-50.85  52-31.30  19.61        14 180 51.2 0.14  0.6  0.8 C1
 10203  346 19.91 34- 3.40  52-28.54  17.78        16 112 37.3 0.12  0.4  0.4 B1
 10203  347 30.22 33-48.83  52-29.41  17.86        14 141 48.7 0.18  0.6  1.0 C1
 10203  348 39.90 33-35.35  52-43.64  29.23        16 171 63.3 0.11  0.5  0.8 C1
 10203  349 49.75 33-50.87  52-45.04  28.01        13 156 34.9 0.08  0.4  0.6 B1
 10203  351  0.37 33-52.47  52-28.57  19.25        16 194 46.9 0.33  1.3  0.8 D1
 10203  352 10.30 33-48.27  52-33.14  23.00        19 187 47.8 0.25  0.9  1.2 C1
 10203  353 19.79 33-37.07  52-54.51  36.80        16 247 58.9 0.29  2.5  5.1 D1
 10203  354 30.62 33-49.41  52-24.06  14.75        14 138 56.0 0.30  1.0  1.5 D1
 10203  355 40.11 33-50.37  52-19.94  12.79        19 184 33.8 0.16  0.6  0.6 C1
 10203  356 50.17 33-51.38  52-30.89  19.49        17 154 45.8 0.12  0.5  0.5 B1
 10203  357 59.65 34- 2.34  52-41.81  24.99        14 176 19.7 0.21  0.8  1.0 C1
 10203  359 10.12 33-54.16  52-39.85  26.09        14 170 47.2 0.13  0.6  0.9 B1
 10203  4 0 20.07 33-51.92  52-38.69  23.65        20 135 51.5 0.12  0.3  0.8 C1
 10203  4 1 29.80 33-34.86  52-32.35  19.42        15 194 62.0 0.12  1.0  1.1 C1
 10203  4 2 40.56 33-30.75  52-32.04  26.76        18 204 70.6 0.25  1.2  1.6 C1
 10203  4 3 49.51 34- 1.37  52-59.68  32.16        17 115 18.3 0.18  0.6  0.7 B1
 10203  4 4 59.96 33-40.86  52-14.28   9.78        18 189 32.8 0.29  1.0  0.9 C1
 10203  4 6  9.85 33-38.85  52-44.10  27.41        17 163 56.8 0.12  0.5  0.9 C1
 10203  4 7 20.06 33-55.69  52-25.58  13.25        14 160 50.5 0.17  0.6  0.9 C1
 10203  4 8 30.01 33-49.40  52-37.45  22.07        15 140 42.3 0.07  0.2  0.5 B1
 10203  4 9 40.18 33-51.08  52-34.68  21.85        18 137 56.4 0.16  0.5  0.9 C1
 10203  410 50.02 33-51.78  52-36.60  22.56        15 157 52.1 0.09  0.4  0.7 C1
 10203  412  0.03 33-29.02  52-17.16  14.67        12 236 73.3 0.09  0.7  0.8 C1
 10203  413  9.48 33-47.36  53- 0.54  32.90        14 156 42.0 0.16  0.8  0.7 C1
 10203  414 20.02 34- 0.65  52-23.94  14.08        19 115 42.6 0.11  0.3  0.5 B1
 10203  415 29.68 33-50.56  52-47.41  25.72        14 137 34.6 0.16  0.5  0.9 C1
 10203  416 40.06 33-46.13  52-41.70  26.65        15 147 44.9 0.11  0.4  0.7 B1
 10203  417 49.95 33-34.96  52-34.29  22.58        18 194 68.3 0.15  0.7  1.1 C1
 10203  418 59.97 33-50.31  52-36.93  21.38        20 138 41.4 0.13  0.3  0.5 B1
 10203  420  9.87 33-47.32  52-43.71  26.56        16 165 41.8 0.16  0.6  0.9 C1
 10203  421 19.88 34- 1.72  52-39.74  22.09        18 117 33.3 0.21  0.6  1.2 B1
 10203  422 30.40 33-29.54  52-24.33  25.35        16 246 78.8 0.25  1.6  1.5 C1
 10203  423 39.83 33-50.13  52-46.15  29.38        12 157 55.1 0.09  0.4  0.6 C1
 10203  424 50.25 33-24.60  52-30.35  19.45        13 231 91.8 0.37  4.1  3.9 D1
 10203  426  0.03 33-44.19  52-41.92  27.06        17 151 48.2 0.10  0.4  0.6 B1
 10203  427  9.78 34- 2.88  52-38.34  20.24        15 129 23.6 0.14  0.6  0.6 B1
 10203  428 20.35 33-47.55  52-44.28  30.58        13 247 41.1 0.20  1.4  0.9 C1
 10203  429 30.03 33-36.75  52-40.81  26.31        13 168 61.8 0.10  0.5  1.4 C1
 10203  430 40.17 33-34.85  52-34.49  22.57        20 201 64.9 0.25  1.1  1.5 C1
 10203  431 49.42 34- 7.89  52-41.24  21.25        19 107 16.5 0.29  0.8  0.7 B1
 10203  433  0.09 33-39.59  52-34.96  23.93        13 234 74.8 0.14  0.8  1.0 C1
 10203  434 10.25 33-53.05  52-31.58  21.32        13 193 51.6 0.18  1.0  1.3 C1
 10203  435 20.11 33-31.01  52-39.25  21.06        16 214 90.0 0.24  1.6  2.0 C1
 10203  436 29.68 34-10.01  52-34.86  19.76        19 103 26.3 0.22  0.6  0.7 B1
 10203  437 40.34 33-47.35  52-29.50  18.57        17 144 49.3 0.17  0.6  0.8 C1
 10203  438 50.08 33-37.81  52-39.35  27.43        13 188 60.6 0.07  0.4  0.5 C1
 10203  440  0.10 33-47.06  52-33.27  20.35        20 202 49.5 0.19  0.8  0.7 C1
 10203  441  9.54 33-54.42  52-46.39  25.59        18 130 28.1 0.18  0.6  1.0 B1
 10203  442 20.28 33-45.05  52-34.11  22.69        17 170 65.0 0.16  0.5  1.1 C1
 10203  443 30.04 33-49.92  52-38.06  23.30        16 161 61.7 0.08  0.3  0.6 C1
 10203  444 40.48 33-42.37  52-24.27  21.08        17 226 44.4 0.29  2.0  1.4 C1
 10203  445 50.19 33-50.92  52-37.02  23.97        21 137 40.3 0.17  0.5  1.0 C1
 10203  446 59.96 33-41.15  52-41.74  24.87        19 181 53.6 0.10  0.4  0.7 C1
 10203  448  9.97 34- 3.32  52-23.82  12.86        16 110 40.5 0.22  0.6  0.9 C1
 10203  449 19.89 33-50.44  52-41.91  24.35        19 138 37.4 0.15  0.5  1.1 C1
 10203  450 30.30 33-49.84  52-26.77  19.71        14 221 52.3 0.15  0.8  0.6 C1
 10203  451 39.95 33-48.14  52-44.42  27.47        19 143 40.0 0.14  0.4  0.7 B1
 10203  452 50.15 33-39.61  52-21.39  14.10        15 180 43.0 0.23  0.9  1.4 C1
 10203  454  0.21 33-51.46  52-16.61  11.69        18 164 28.5 0.16  0.6  0.5 C1
 10203  455 10.19 33-38.34  52-28.85  20.08        17 197 54.1 0.27  1.7  1.8 C1
 10203  456 19.74 33-32.26  52-27.86  17.81        15 181 63.7 0.20  1.1  1.3 C1
 10203  457 29.94 33-34.18  52-39.14  25.88        17 196 67.1 0.10  0.6  0.8 C1
 10203  458 39.88 33-50.54  52-44.19  28.68        13 192 81.6 0.08  0.4  0.5 C1
 10203  459 50.15 33-46.00  52-41.51  27.66        18 147 62.3 0.14  0.5  0.8 C1
 10203  5 1  0.07 33-50.27  52-42.90  32.27        14 158 69.2 0.10  0.7  1.0 C1
 10203  5 2 10.33 33-43.59  52-30.86  21.74        14 195 56.9 0.23  1.0  1.4 C1
 10203  5 3 20.52 33-46.11  52-34.95  27.14        18 206 49.5 0.29  1.7  1.7 C1
 10203  5 4 30.15 33-31.85  52-26.55  19.04        13 183 58.1 0.20  0.9  1.1 C1
 10203  5 5 40.02 33-48.54  52-41.62  26.39        19 142 40.8 0.12  0.4  0.6 B1
 10203  5 6 49.80 33-55.95  52-44.14  25.52        20 165 26.7 0.16  0.5  0.8 C1
 10203  5 7 59.32 33-33.00  52-59.63  31.73        14 172 67.4 0.19  1.1  1.8 C1
 10203  5 9  9.82 33-47.13  52-47.95  29.97        20 144 40.7 0.10  0.3  0.5 B1
 10203  510 20.13 33-52.38  52-37.10  23.14        17 155 50.9 0.13  0.5  0.8 C1
 10203  511 29.82 34- 2.60  52-34.03  19.04        14 115 33.5 0.17  0.6  0.7 B1
 10203  512 40.91 33-48.15  52-26.03  21.18        14 159 55.3 0.32  1.2  1.8 D1
 10203  513 50.23 33-34.64  52-14.79  19.68        19 225 41.8 0.28  2.4  1.8 C1
 10203  515  0.11 33-46.51  52-18.74  10.86        13 176 33.6 0.22  1.0  0.7 C1
 10203  516 10.40 33-47.40  52- 9.85  10.50        15 135 39.1 0.20  0.7  0.8 C1
 10203  517 20.09 33-52.70  52-31.97  19.35        18 188 42.9 0.29  1.0  0.8 C1
 10203  518 30.01 33-34.18  52-24.22  14.78        16 177 57.8 0.18  0.8  1.1 C1
 10203  519 40.65 33-44.39  52-34.27  28.14        17 191 57.7 0.27  1.2  1.5 C1
 10203  520 49.40 34- 1.49  52-47.88  25.06        17 117 15.0 0.33  1.1  1.2 C1
 10203  522  0.20 33-48.97  52-32.47  19.13        16 166 47.4 0.10  0.4  0.5 B1
 10203  523 10.26 33-28.75  52-37.19  26.82        19 187 74.6 0.26  1.5  2.0 C1
 10203  524 20.34 33-36.92  52-27.57  22.46        14 221 53.8 0.15  0.9  1.1 C1
 10203  525 29.88 33-47.93  52-44.37  25.80        15 143 40.4 0.09  0.3  0.6 B1
 10203  526 39.98 33-39.60  52-39.40  24.55        18 186 68.0 0.16  0.7  1.1 C1
 10203  527 49.84 33-47.85  52-44.46  28.52        18 166 40.5 0.15  0.5  0.6 B1
 10203  529  0.09 33-26.60  52-28.21  16.86        14 248 86.8 0.10  0.8  0.8 C1
 10203  530 10.07 33-43.11  52-44.24  29.47        17 153 49.1 0.06  0.3  0.4 B1
 10203  531 19.73 33-41.25  52-48.86  27.66        17 156 51.3 0.16  0.6  1.1 C1
 10203  532 29.79 33-36.90  52-39.18  23.24        15 168 69.6 0.16  1.0  1.6 C1
 10203  533 39.94 33-36.04  52-40.76  27.81        20 192 63.1 0.18  0.8  0.9 C1
 10203  534 50.19 33-43.79  52-30.00  19.42        18 172 57.4 0.16  0.6  0.9 C1
 10203  536  0.47 33-40.61  52-22.29  18.66        16 231 69.4 0.42  2.2  2.4 D1
 10203  537 10.09 33-34.31  52-35.99  25.29        19 201 67.4 0.21  0.9  1.4 C1
 10203  538 19.80 33-51.11  52-33.76  19.57        17 160 43.1 0.13  0.5  0.6 B1
 10203  539 30.38 33-29.59  52-26.22  30.41        14 239 60.6 0.16  2.7  3.5 D1
 10203  540 40.04 33-50.22  52-36.00  21.22        17 158 42.3 0.11  0.4  0.6 B1
 10203  541 50.14 33-25.71  52-21.72  14.74        18 200 57.4 0.10  0.6  0.6 C1
 10203  542 59.92 34- 2.89  52-28.86  16.73        16 113 37.1 0.16  0.5  0.7 C1
 10203  544  9.90 33-46.44  52-32.87  17.55        13 173 54.7 0.18  1.0  1.3 C1
 10203  545 20.27 33-53.29  52- 6.99   7.85        20 116 13.7 0.24  0.8  0.8 B1
 10203  546 29.63 34- 5.17  52-39.50  20.73        13 124 20.3 0.19  0.9  0.8 B1
 10203  547 40.08 33-51.65  52-38.99  25.72        17 156 37.5 0.19  0.8  1.1 C1
 10203  548 50.55 33-39.91  52-25.22  19.65        17 162 47.8 0.27  1.0  1.3 C1
 10203 -159 59.44 34-26.02  52-43.45  19.63        15 118 34.2 0.19  0.6  0.7 B1
 10203  0 1  9.41 34-43.13  52-47.01  23.49        18  99  6.0 0.19  0.7  0.5 B1
 10203  0 2 19.82 34-15.66  52-36.47  17.31        16  96 58.9 0.09  0.3  0.5 C1
 10203  0 3 29.28 34-33.00  52-46.86  24.44        16 117 24.7 0.25  0.9  1.1 B1
 10203  0 4 39.26 34-39.47  52-53.00  33.29        16 172 40.7 0.27  1.1  1.3 C1
 10203  0 5 49.66 34- 8.16  52-36.94  17.94        14 134 22.3 0.16  0.5  0.6 B1
 10203  0 6 59.13 34- 9.82  52-48.61  33.29        14 139  5.3 0.28  1.3  0.6 C1
 10203  0 8  9.58 34-22.67  52-42.18  19.93        19  82  5.7 0.19  0.6  0.4 B1
 10203  0 9 19.71 34-38.75  52-46.36  26.82        16 113 36.1 0.23  0.7  1.3 B1
 10203  010 29.43 34-18.07  52-41.44  21.32        14 115  3.0 0.22  0.8  0.6 B1
 10203  011 39.26 34- 9.57  52-46.36  29.58        16 130  8.6 0.20  0.9  0.6 B1
 10203  012 49.65 34-27.60  52-41.29  19.50        17  90 38.2 0.19  0.6  0.7 B1
 10203  013 59.41 34-25.28  52-51.34  36.08        13 134 18.5 0.21  1.0  1.3 B1
 10203  015  9.68 34-21.52  52-36.67  13.78        13 102  7.9 0.16  0.5  0.4 B1
 10203  016 19.44 34-20.91  52-41.10  20.58        14 149  2.3 0.17  0.8  0.3 C1
 10203  017 29.31 34-35.14  52-46.29  23.45        15 115 20.8 0.22  0.8  0.6 B1
 10203  018 39.80 34-40.80  52-45.00  23.80        20 116 39.4 0.10  0.3  0.6 B1
 10203  019 49.57 34- 8.01  52-38.48  19.31        17 107 20.7 0.16  0.5  0.6 B1
 10203  020 59.36 34-40.15  52-47.30  23.11        18 128 11.6 0.23  0.9  0.7 B1
 10203  022  9.31 34-41.94  52-53.72  34.60        15 162 45.3 0.26  1.1  1.3 C1
 10203  023 19.35 34-30.31  52-46.11  25.03        20  72 21.0 0.21  0.6  0.7 B1
 10203  024 29.34 34-26.80  52-47.86  30.22        19  71 16.5 0.24  0.7  0.6 B1
 10203  025 38.71 34-24.59  52-49.82  24.99        14 116 40.6 0.46  0.7  1.5 C1
 10203  026 49.61 34-13.35  52-33.75  11.20        13 113 16.5 0.17  0.6  0.5 B1
 10203  027 59.44 34-27.76  52-44.73  24.26        14 125 15.8 0.20  0.7  0.8 B1
 10203  029  9.69 34-18.81  52-34.77  12.16        15  98 10.2 0.22  0.7  0.4 B1
 10203  030 20.27 34- 9.20  52-34.05  18.06        14 150 63.4 0.16  0.6  1.2 C1
 10203  031 29.34 34-29.99  52-46.35  28.05        17 108 20.5 0.27  0.8  0.7 B1
 10203  032 39.19 34-21.81  52-49.72  32.27        19  66 13.4 0.28  0.8  0.6 B1
 10203  033 50.02 34-33.66  52-38.18  14.09        16 127 26.8 0.20  0.7  1.1 B1
 10203  034 59.54 34-23.35  52-41.44  20.40        18  56  6.8 0.25  0.8  0.4 B1
 10203  036  9.35 34-30.18  52-48.47  28.93        18  78 22.3 0.26  0.8  0.8 B1
 10203  037 19.36 34-18.54  52-45.99  28.81        13 163  7.4 0.39  2.3  1.1 C1
 10203  038 29.80 34- 8.10  52-36.31  20.61        17 136 22.8 0.19  0.7  0.8 C1
 10203  039 39.55 34-30.20  52-49.12  30.09        17  97 39.6 0.20  0.7  0.8 B1
 10203  040 49.21 34- 7.00  52-47.53  32.92        18 127  7.6 0.29  1.1  0.8 B1
 10203  041 59.53 34-15.48  52-43.49  23.89        15 105  8.4 0.17  0.7  0.6 B1
 10203  043  9.24 34- 4.85  52-47.62  32.11        18 112  9.9 0.22  0.8  0.7 B1
 10203  044 19.59 34-20.77  52-41.48  19.74        14 133  2.0 0.18  0.7  0.5 B1
 10203  045 29.27 34-38.61  52-48.36  27.41        13  97 14.6 0.31  1.2  1.1 C1
 10203  046 39.38 34-37.59  52-45.78  23.90        18 115 16.3 0.16  0.6  0.5 B1
 10203  047 49.69 34-15.20  52-36.64  15.93        17  96 11.0 0.21  0.6  0.6 B1
 10203  048 59.29 34-38.14  52-48.08  26.20        19  94 15.4 0.28  0.8  0.7 B1
 10203  050  9.38 34- 8.84  52-49.58  36.39        16 123 56.8 0.27  1.0  3.0 B1
 10203  051 19.44 34-14.61  52-45.50  27.35        18 104 11.3 0.26  0.9  0.8 B1
 10203  052 30.09 34-21.60  52-35.22  12.50        13 105 75.4 0.07  0.2  0.3 C1
 10203  053 39.37 34- 9.73  52-45.34  32.04        20 104 19.4 0.22  0.8  0.9 B1
 10203  054 49.84 34-12.57  52-34.16  12.03        14  99 28.1 0.09  0.3  0.3 B1
 10203  055 59.69 34-20.54  52-38.81  16.77        16  93  4.2 0.15  0.5  0.4 B1
 10203  057  9.54 34- 6.77  52-43.14  30.63        20 109 24.0 0.23  0.7  0.7 B1
 10203  058 20.07 34-43.14  52-40.23  14.74        18 116 65.8 0.18  0.5  0.9 C1
 10203  059 29.15 34-12.01  52-47.64  29.65        17 104  8.7 0.25  0.8  0.6 B1
 10203  1 0 39.40 34-11.25  52-46.87  34.04        17 127  8.9 0.25  0.8  0.9 B1
 10203  1 1 49.38 34-36.72  52-49.94  30.28        20  99 18.6 0.29  0.9  0.9 B1
 10203  1 2 59.45 34-38.93  52-52.01  31.60        14 155 39.2 0.15  0.8  0.9 C1
 10203  1 4  9.29 34-35.08  52-47.57  23.87        17 123 20.9 0.26  0.8  0.9 B1
 10203  1 5 19.50 34-11.78  52-44.47  27.22        13 119 12.6 0.27  1.7  1.4 B1
 10203  1 6 30.48 34-42.94  52-40.27  15.55        14 168 43.0 0.18  0.8  0.9 C1
 10203  1 7 39.62 34-14.44  52-47.66  33.80        15 121 57.0 0.18  0.8  1.0 B1
 10203  1 8 49.55 34-35.79  52-50.40  32.03        19 148 49.8 0.16  0.7  0.7 C1
 10203  1 9 59.26 34-37.99  52-48.65  27.39        14 133 15.8 0.22  0.8  0.7 B1
 10203  111  9.74 34-32.24  52-41.95  20.61        18  98 23.2 0.13  0.4  0.5 B1
 10203  112 19.36 34-11.79  52-41.15  21.65        18 117 14.6 0.23  0.7  0.5 B1
 10203  113 30.13 34-26.83  52-37.26  16.02        20  74 38.9 0.19  0.5  0.6 C1
 10203  114 39.59 34- 8.53  52-45.70  33.76        18 106 62.6 0.15  0.5  0.8 B1
 10203  115 50.01 34-27.06  52-40.13  18.79        15 111 37.1 0.07  0.2  0.3 B1
 10203  116 59.41 34-35.38  52-42.68  18.92        16  98 21.2 0.33  1.0  1.2 C1
 10203  118  9.45 34-13.47  52-36.98  17.55        20  99 13.3 0.23  0.6  0.7 B1
 10203  119 19.75 34-41.97  52-41.12  12.87        18 101 11.7 0.19  0.6  0.4 B1
 10203  120 29.86 34-12.95  52-34.72  12.16        20 107 27.5 0.16  0.4  0.4 C1
 10203  121 39.47 34-11.26  52-41.02  22.57        14 137 17.3 0.23  1.0  1.0 C1
 10203  122 49.44 34-14.19  52-44.83  28.77        19 107 11.5 0.16  0.5  0.6 B1
 10203  124  0.33 34-41.68  52-41.59  19.82        18 115 40.7 0.20  0.5  0.6 C1
 10203  125  9.67 34-33.93  52-50.75  32.06        16 171 30.0 0.19  0.7  0.6 C1
 10203  126 19.29 34-28.68  52-49.53  31.39        17  78 20.8 0.24  0.9  0.7 B1
 10203  127 29.74 34-37.34  52-41.36  17.62        16 143 32.6 0.12  0.4  0.7 B1
 10203  128 39.38 34- 6.76  52-43.55  24.70        17 109 13.4 0.16  0.6  0.5 B1
 10203  129 49.50 34- 7.71  52-42.62  27.09        18 107 14.4 0.30  0.9  1.0 C1
 10203  130 59.60 34-21.42  52-43.36  22.36        18  96 26.6 0.22  0.7  0.9 B1
 10203  132  9.86 34-43.07  52-45.51  25.62        14 152 86.0 0.16  0.8  1.3 C1
 10203  133 19.69 34-42.88  52-39.93  12.32        16 113 12.1 0.21  0.7  0.5 B1
 10203  134 29.63 34-35.73  52-40.82  17.16        16 100 21.6 0.13  0.4  0.5 B1
 10203  135 39.61 34-24.00  52-40.45  18.39        20  84  8.1 0.27  0.7  0.6 B1
 10203  136 49.24 34- 7.03  52-46.54  32.51        17 126  8.9 0.21  0.8  0.6 B1
 10203  137 59.46 34- 7.05  52-39.21  21.91        21 108 19.8 0.24  0.7  0.6 B1
 10203  139  9.46 34-16.94  52-40.52  21.13        19  94  5.2 0.33  0.9  0.8 C1
 10203  140 19.66 34-33.11  52-37.37  11.42        16  83 25.6 0.28  0.7  0.5 C1
 10203  141 29.77 34-10.23  52-33.72  10.76        14 189 21.0 0.24  0.8  0.5 C1
 10203  142 39.94 34- 7.96  52-32.75  14.74        17 117 25.4 0.12  0.3  0.4 B1
 10203  143 49.50 34-21.71  52-43.83  23.80        18  81  5.4 0.28  0.8  0.7 B1
 10203  144 59.14 34-21.45  52-48.31  31.43        14  69 11.2 0.28  1.0  0.7 B1
 10203  146  9.32 34-17.97  52-45.40  27.00        15  93  7.0 0.31  1.1  1.0 C1
 10203  147 19.30 34-13.79  52-44.31  26.07        20 104 11.8 0.31  0.9  0.7 C1
 10203  148 29.76 34-37.15  52-41.41  18.57        14 138 54.7 0.15  0.6  0.7 C1
 10203  149 39.68 34-13.99  52-46.92  37.14        18 107 58.2 0.20  0.6  1.7 B1
 10203  150 49.38 34-17.10  52-40.46  19.43        18 109  4.9 0.31  0.9  0.6 C1
 10203  151 59.62 34-28.85  52-42.08  18.66        13 114 33.1 0.18  0.6  0.7 B1
 10203  153  9.27 34-16.58  52-50.08  34.24        17  64 14.5 0.22  0.8  0.7 B1
 10203  154 19.50 34-11.21  52-39.53  21.42        16 112 19.5 0.23  0.8  0.6 B1
 10203  155 29.31 34-32.48  52-51.93  32.42        21 128 28.7 0.27  0.8  0.9 B1
 10203  156 39.85 34-23.42  52-39.93  18.19        20  83 32.6 0.13  0.3  0.4 B1
 10203  157 49.34 34- 5.82  52-47.08  34.60        16 122  9.3 0.19  0.7  0.6 B1
 10203  158 59.79 34-29.44  52-37.20  10.61        19  68 19.1 0.14  0.3  0.3 B1
 10203  2 0  9.96 34-11.88  52-42.25  29.80        17 163 64.1 0.09  0.3  0.4 C1
 10203  2 1 19.65 34-15.41  52-34.73  11.73        19 117 12.8 0.16  0.4  0.3 B1
 10203  2 2 29.80 34-35.35  52-41.44  17.31        17 135 29.0 0.10  0.3  0.6 B1
 10203  2 3 39.40 34- 7.07  52-39.23  22.39        17 108 23.5 0.28  0.8  1.2 B1
 10203  2 4 49.39 34-23.39  52-48.98  31.94        18 143 13.6 0.26  1.0  0.7 C1
 10203  2 5 59.56 34-11.49  52-34.47  12.40        18 116 18.4 0.16  0.4  0.3 B1
 10203  2 7  9.17 34-24.29  52-49.82  32.94        16  86 15.6 0.30  1.0  0.8 B1
 10203  2 8 19.60 34-35.44  52-49.22  30.11        17 134 49.3 0.16  0.6  0.9 B1
 10203  2 9 29.28 34- 9.49  52-48.17  33.77        16 105 21.6 0.22  1.1  0.9 B1
 10203  210 39.64 34-13.79  52-45.86  33.58        15  99 59.9 0.17  0.7  1.0 B1
 10203  211 49.22 34-42.85  52-51.60  29.46        15 160 10.0 0.20  0.8  0.6 C1
 10203  213  0.12 34-28.71  52-37.18  16.10        18  81 35.7 0.18  0.5  0.7 C1
 10203  214 10.15 34-38.71  52-40.51  17.99        16 170 35.2 0.12  0.4  0.5 B1
 10203  215 19.66 34-40.47  52-47.58  27.70        19 117 64.3 0.17  0.6  0.9 C1
 10203  216 29.27 34-39.24  52-48.48  26.76        19 136 13.5 0.25  0.9  0.6 C1
 10203  217 39.46 34-10.02  52-38.74  20.02        14 147 18.3 0.20  0.8  0.5 C1
 10203  218 49.55 34-27.97  52-42.50  19.43        15  61 15.4 0.16  0.5  0.4 B1
 10203  219 59.86 34- 7.70  52-40.28  27.74        14 136 72.2 0.10  0.5  0.9 C1
 10203  221  9.88 34-20.79  52-36.14  12.50        21  89  8.2 0.17  0.4  0.3 B1
 10203  222 19.07 34-26.93  52-49.27  32.02        18  80 18.1 0.29  0.8  0.7 B1
 10203  223 29.66 34-32.66  52-43.04  20.95        14 127 46.0 0.16  0.5  0.7 C1
 10203  224 39.59 34-39.88  52-46.99  25.81        13 150 38.3 0.18  0.8  1.2 C1
 10203  225 49.33 34-27.56  52-50.61  31.80        19  78 20.3 0.26  0.8  0.7 B1
 10203  226 59.58 34-19.78  52-44.76  30.41        16 132  5.3 0.26  1.0  1.0 B1
 10203  228  9.82 34- 7.81  52-41.24  29.26        18 124 69.5 0.16  0.5  0.7 C1
 10203  229 19.59 34-13.91  52-34.92  13.79        20 117 14.5 0.18  0.4  0.4 B1
 10203  230 29.59 34-29.02  52-40.52  17.08        16 102 17.3 0.16  0.5  0.5 B1
 10203  231 39.27 34-31.29  52-52.80  33.20        21 100 27.7 0.28  0.8  0.8 B1
 10203  232 49.53 34-37.73  52-49.31  29.62        21 113 35.5 0.22  0.6  0.8 B1
 10203  234  0.20 34-24.49  52-37.90  17.73        14 104 42.6 0.14  0.4  0.6 B1
 10203  235  9.92 34-29.57  52-44.82  29.04        16 128 63.3 0.06  0.2  0.4 C1
 10203  236 19.54 34-20.46  52-37.94  17.42        16  90  5.4 0.22  0.6  0.4 B1
 10203  237 29.87 34-22.16  52-37.28  13.81        16 106  7.7 0.16  0.5  0.3 B1
 10203  238 39.52 34-18.76  52-44.52  24.10        13 102 21.5 0.23  0.8  1.0 B1
 10203  239 49.54 34-37.18  52-43.35  20.01        19  68 17.7 0.22  0.5  0.5 B1
 10203  240 59.38 34-25.66  52-47.16  26.99        18 131 14.2 0.19  0.8  0.6 B1
 10203  242  9.80 34- 8.10  52-34.49  16.61        17 106 26.8 0.20  0.6  0.7 B1
 10203  243 19.32 34- 7.16  52-49.29  33.59        17 165  5.1 0.29  1.2  0.7 C1
 10203  244 29.48 34-29.13  52-48.23  28.60        21  76 20.4 0.22  0.6  0.6 B1
 10203  245 39.98 34-19.63  52-37.60  19.17        15  91 29.6 0.20  0.8  1.1 B1
 10203  246 49.64 34-25.57  52-43.85  28.74        14 137 38.7 0.16  1.1  1.7 C1
 10203  247 59.25 34-15.35  52-46.90  29.80        16  85 14.2 0.21  0.8  0.7 B1
 10203  249  9.67 34-39.40  52-41.29  15.31        15  88 15.3 0.11  0.4  0.4 A1
 10203  250 19.09 34-28.60  52-51.20  33.41        18 106 22.4 0.31  0.9  0.8 C1
 10203  251 29.36 34- 8.92  52-38.99  21.08        14 223 20.2 0.29  1.8  0.9 C1
 10203  252 39.58 34-41.58  52-48.50  27.59        17 121 41.9 0.15  0.5  0.7 B1
 10203  253 49.32 34-12.50  52-49.44  37.20        16 100 18.2 0.21  0.6  1.4 B1
 10203  254 59.21 34-36.23  52-54.80  33.64        20 112 22.5 0.24  0.8  0.8 B1
 10203  256  9.73 34-31.58  52-37.52  12.34        20  52 22.8 0.15  0.3  0.4 B1
 10203  257 19.81 34-30.79  52-38.70  14.63        15  79 31.3 0.24  0.8  1.1 C1
 10203  258 30.33 34-35.70  52-39.83  18.15        17 102 52.9 0.20  0.5  0.8 C1
 10203  259 39.52 34-13.75  52-40.01  19.42        10 122 11.2 0.16  0.8  0.7 B1
 10203  3 0 50.07 34-10.73  52-36.07  20.77        17 102 67.9 0.12  0.4  0.7 C1
 10203  3 1 59.46 34-10.20  52-39.79  21.41        17 120 18.8 0.25  1.0  0.8 B1
 10203  3 3  9.55 34-33.36  52-44.25  22.54        18 138 25.7 0.27  0.7  1.2 C1
 10203  3 4 19.37 34-12.62  52-48.08  32.91        18  95  9.1 0.19  0.8  0.7 B1
 10203  3 5 29.43 34-17.53  52-36.65  15.56        15  93  8.2 0.24  0.9  0.5 B1
 10203  3 6 39.47 34-36.43  52-42.77  18.50        18 116 19.3 0.17  0.6  0.4 B1
 10203  3 7 49.33 34- 7.56  52-45.45  32.92        15 168 23.3 0.32  1.3  1.2 C1
 10203  3 8 59.65 34- 9.47  52-35.92  17.63        14 155 20.6 0.23  0.9  1.0 C1
 10203  310 10.13 34-41.48  52-41.99  22.25        13 146 62.2 0.12  0.5  0.8 C1
 10203  311 20.19 34-12.22  52-34.03  15.25        19 100 65.8 0.12  0.3  0.5 C1
 10203  312 29.68 34-38.12  52-43.26  19.34        15 171 34.2 0.16  0.6  0.7 C1
 10203  313 39.41 34-33.78  52-49.71  30.20        16 104 29.0 0.18  0.6  0.7 B1
 10203  314 49.24 34-33.82  52-53.49  32.97        19 101 25.5 0.24  0.7  0.6 B1
 10203  315 59.56 34-29.74  52-41.62  18.17        18  61 18.6 0.15  0.4  0.4 B1
 10203  317  9.38 34-44.16  52-42.55  19.18        14 191  7.4 0.25  1.8  0.9 C1
 10203  318 20.09 34-22.11  52-34.64  12.41        14 107 73.5 0.10  0.3  0.4 C1
 10203  319 29.20 34- 9.71  52-47.43  31.58        20 115  7.0 0.26  0.8  0.7 B1
 10203  320 39.84 34-28.75  52-39.77  18.26        19  91 16.9 0.18  0.5  0.6 B1
 10203  321 49.66 34-10.83  52-48.21  38.91        14 127 57.7 0.16  0.7  1.7 B1
 10203  322 59.39 34-27.16  52-47.34  24.70        14 106 16.6 0.25  0.8  0.8 B1
 10203  324  9.61 34-34.24  52-40.00  14.71        16  88 24.6 0.23  0.6  0.6 B1
 10203  325 20.00 34-20.15  52-37.57  16.98        21  90 30.3 0.18  0.4  0.8 B1
 10203  326 29.25 34-26.16  52-52.21  35.12        18 129 31.9 0.30  1.0  0.9 B1
 10203  327 39.56 34- 5.17  52-43.34  32.48        18 152 68.2 0.24  0.8  1.0 C1
 10203  328 49.81 34-20.54  52-36.94  13.99        19 103  6.9 0.13  0.3  0.3 B1
 10203  329 59.11 34-18.32  52-47.23  31.68        13 157  9.4 0.32  1.4  1.0 C1
 10203  331  9.48 34-27.48  52-42.36  20.44        17  99 14.5 0.24  0.7  0.5 B1
 10203  332 19.33 34-11.67  52-43.46  23.84        13 122 14.0 0.19  0.8  0.5 B1
 10203  333 29.66 34-17.14  52-36.53  16.62        17  94  8.8 0.15  0.4  0.4 B1
 10203  334 39.49 34-32.47  52-42.96  19.66        14 130 23.8 0.18  0.6  0.5 B1
 10203  335 49.38 34-23.80  52-43.18  25.29        13 117  8.1 0.19  0.8  0.6 B1
 10203  336 59.19 34-22.09  52-49.69  32.37        17 101 24.7 0.25  0.8  0.7 B1
 10203  338  9.44 34-34.32  52-52.67  36.44        15 132 57.8 0.31  1.6  4.9 C1
 10203  339 19.56 34-44.24  52-40.12  13.46        14  91 10.7 0.15  0.5  0.5 B1
 10203  340 29.45 34-36.53  52-44.71  23.04        19  74 18.4 0.18  0.5  0.7 B1
 10203  341 40.06 34-36.65  52-37.80  12.69        18 102 31.8 0.19  0.4  0.7 C1
 10203  342 49.53 34- 9.18  52-36.86  17.56        20 105 20.6 0.19  0.5  0.6 B1
 10203  343 59.55 34-19.55  52-39.71  19.76        19  89  2.5 0.26  0.7  0.6 B1
 10203  345  9.66 34-38.96  52-41.13  15.65        16  90 16.1 0.14  0.4  0.4 B1
 10203  346 19.34 34-28.96  52-50.88  32.96        20  95 22.5 0.28  0.8  0.7 B1
 10203  347 29.43 34-34.89  52-43.79  20.81        15 121 21.7 0.16  0.5  0.4 B1
 10203  348 39.91 34-12.66  52-35.85  15.72        14 108 25.6 0.12  0.4  0.5 B1
 10203  349 49.39 34- 7.58  52-44.34  32.57        19 125 11.9 0.29  0.9  1.0 B1
 10203  350 59.32 34-15.13  52-45.93  28.35        14 120 11.0 0.29  1.2  1.3 B1
 10203  352 10.13 34- 7.91  52-34.38  16.78        16 106 62.7 0.19  0.6  0.9 C1
 10203  353 19.85 34-26.46  52-41.33  21.27        18  88 37.7 0.20  0.5  0.7 B1
 10203  354 29.74 34- 6.95  52-40.90  23.03        14 212 17.3 0.18  1.2  0.7 C1
 10203  355 39.50 34-33.01  52-44.08  23.55        16 103 25.0 0.22  0.7  0.9 B1
 10203  356 49.34 34-35.47  52-52.80  32.25        20 110 34.1 0.22  0.7  0.7 B1
 10203  357 59.32 34- 7.01  52-46.49  31.19        14 126  9.0 0.21  1.0  0.7 B1
 10203  359  9.39 34-28.59  52-47.17  26.14        14 108 18.7 0.23  0.7  1.0 B1
 10203  4 0 19.56 34-32.13  52-40.65  19.53        19  90 23.0 0.23  0.6  0.5 B1
 10203  4 1 29.13 34-35.16  52-53.92  35.45        13 166 23.5 0.40  2.6  1.4 C1
 10203  4 2 39.36 34-42.68  52-45.52  21.62        21  79  7.0 0.23  0.7  0.4 B1
 10203  4 3 49.68 34-13.17  52-35.83  17.54        15 125 14.7 0.20  0.7  0.7 B1
 10203  4 4 59.23 34-14.46  52-49.60  32.75        13 150 10.9 0.19  1.2  0.5 C1
 10203  4 6  9.46 34-39.01  52-44.30  20.91        19  73 14.1 0.22  0.6  0.5 B1
 10203  4 7 19.73 34-23.30  52-39.80  17.29        17  68  7.1 0.14  0.3  0.4 A1
 10203  4 8 29.31 34-38.61  52-46.90  24.31        19  88 14.4 0.21  0.6  0.5 B1
 10203  4 9 40.07 34-34.42  52-39.78  16.14        16 210 27.4 0.23  0.9  0.9 C1
 10203  410 49.54 34-16.52  52-40.38  21.36        16 118 22.6 0.20  0.6  0.6 B1
 10203  411 59.51 34-39.49  52-42.98  16.36        19  64 13.9 0.26  0.8  0.6 B1
 10203  413  9.29 34-20.68  52-51.21  37.17        16 111 48.0 0.25  1.2  4.1 B1
 10203  414 19.49 34-11.32  52-37.64  21.36        15 117 16.5 0.21  0.7  0.8 B1
 10203  415 29.12 34-16.40  52-48.81  32.88        14 110 13.0 0.28  1.0  0.9 B1
 10203  416 39.51 34-26.79  52-41.85  19.10        20  90 13.2 0.24  0.6  0.5 B1
 10203  417 49.63 34- 9.22  52-36.01  16.45        18 133 24.4 0.17  0.5  0.6 B1
 10203  418 59.24 34-29.23  52-50.12  31.84        20  80 22.2 0.28  0.9  0.9 B1
 10203  420 10.02 34-41.95  52-39.80  15.88        17 152 41.2 0.11  0.3  0.6 B1
 10203  421 19.43 34-36.90  52-44.06  21.29        16  74 18.0 0.24  0.8  0.7 B1
 10203  422 29.76 34- 9.36  52-35.37  13.90        16 174 21.2 0.16  0.6  0.6 C1
 10203  423 39.61 34-29.58  52-41.44  17.30        16  92 18.3 0.13  0.3  0.4 B1
 10203  424 49.40 34- 6.99  52-46.47  34.32        16 109 24.8 0.22  0.9  1.0 B1
 10203  425 59.72 34-26.56  52-42.37  19.68        18 120 12.8 0.19  0.6  0.6 B1
 10203  427  9.29 34-20.32  52-46.13  26.68        15 132  7.4 0.23  0.8  0.9 B1
 10203  428 19.29 34-14.06  52-40.68  20.32        16 120 10.4 0.21  0.7  0.5 B1
 10203  429 29.28 34- 8.84  52-46.16  33.73        13 123 21.4 0.25  1.0  1.1 B1
 10203  430 39.37 34-41.89  52-47.54  22.56        16 136  8.4 0.31  1.4  0.9 C1
 10203  431 49.62 34-39.89  52-44.45  21.53        17  73 12.4 0.24  0.7  0.7 B1
 10203  432 59.48 34-23.16  52-46.14  26.85        18  65  9.8 0.27  0.8  1.0 B1
 10203  434  9.47 34- 6.79  52-44.00  29.84        21 109 12.7 0.24  0.6  0.8 B1
 10203  435 19.65 34-37.78  52-41.10  17.75        19  79 18.0 0.17  0.5  0.4 B1
 10203  436 29.43 34- 7.20  52-41.62  22.89        19 108 16.1 0.26  0.8  0.9 B1
 10203  437 39.67 34-38.71  52-39.44  14.89        20  74 17.9 0.17  0.5  0.5 B1
 10203  438 49.66 34-31.80  52-42.74  20.17        17  97 22.5 0.15  0.5  0.5 B1
 10203  439 59.54 34-14.21  52-35.57  13.10        18  97 13.4 0.17  0.5  0.4 B1
 10203  441  9.19 34-24.85  52-48.83  29.31        14 114 29.9 0.28  1.0  0.9 B1
 10203  442 19.49 34-18.26  52-40.06  18.76        14 167  3.3 0.23  1.5  0.6 C1
 10203  443 30.18 34-20.31  52-36.55  17.69        15 111 31.7 0.14  0.5  0.7 B1
 10203  444 39.42 34-18.92  52-40.70  20.33        18  92  1.7 0.30  0.9  0.6 B1
 10203  445 49.43 34-41.77  52-48.15  25.99        18 107  8.8 0.24  0.8  0.9 B1
 10203  446 59.42 34-32.78  52-50.18  31.66        18 128 27.7 0.26  0.9  1.0 B1
 10203  448  9.35 34-40.05  52-42.34  13.44        16  83 13.4 0.20  0.9  0.9 B1
 10203  449 19.39 34-38.59  52-51.77  32.02        19 154 16.4 0.20  0.7  0.6 C1
 10203  450 29.42 34- 7.99  52-40.71  24.03        14 162 21.6 0.32  1.2  1.6 C1
 10203  451 39.93 34-25.25  52-39.23  16.65        20  83 10.8 0.21  0.5  0.7 B1
 10203  452 49.33 34-39.68  52-53.70  32.47        19 120 16.4 0.22  0.7  0.8 B1
 10203  453 59.92 34-25.88  52-40.14  19.75        15 114 39.2 0.11  0.4  0.4 B1
 10203  455  9.44 34-24.05  52-46.75  27.15        16 110 11.6 0.23  0.8  0.8 B1
 10203  456 19.36 34-13.34  52-50.34  37.22        19  99 18.1 0.24  0.9  2.0 B1
 10203  457 29.27 34-10.44  52-48.21  35.62        17 103 20.1 0.26  0.8  1.1 B1
 10203  458 40.44 34-36.86  52-38.29  14.19        16 134 55.8 0.26  0.7  1.2 C1
 10203  5 0 59.48 34-15.19  52-48.21  33.03        14 173 13.4 0.26  1.2  0.9 C1
 10203  5 2  9.22 34-13.94  52-46.85  31.03        19 119 13.6 0.29  1.2  0.9 B1
 10203  5 3 19.34 34-25.11  52-46.98  27.09        17 112 13.2 0.27  0.8  0.9 B1
 10203  5 4 29.12 34-22.06  52-48.49  31.91        14  99 11.8 0.28  1.1  0.8 B1
 10203  5 5 39.29 34-37.84  52-52.15  31.15        18 152 17.9 0.28  1.3  0.8 C1
 10203  5 6 49.45 34-10.16  52-38.11  18.80        19 135 18.3 0.25  0.7  0.6 C1
 10203  5 7 59.68 34-25.86  52-47.34  29.71        14 116 57.9 0.13  0.6  0.7 B1
 10203  5 9  9.76 34-38.42  52-37.44  11.91        17  72 20.3 0.31  0.9  0.7 C1
 10203  510 19.28 34-37.30  52-46.72  23.98        17 121 16.8 0.23  0.9  0.6 B1
 10203  511 29.72 34-29.40  52-37.63  10.95        20  67 18.8 0.21  0.4  0.4 B1
 10203  512 39.33 34-37.42  52-46.25  21.38        19 118 16.6 0.23  0.6  0.5 B1
 10203  513 49.76 34-21.07  52-39.10  16.51        18  91  4.3 0.13  0.3  0.3 B1
 10203  514 59.29 34-12.86  52-48.36  32.45        18  91  9.1 0.21  0.9  0.7 B1
 10203  516 10.05 34-39.43  52-38.28  12.36        14 107 60.2 0.10  0.3  0.5 C1
 10203  517 19.34 34-34.48  52-46.02  22.77        15 108 22.0 0.20  0.6  0.5 B1
 10203  518 29.23 34- 4.86  52-46.11  31.08        13 143 11.6 0.25  1.1  0.8 C1
 10203  519 39.46 34- 9.76  52-37.84  19.95        18 104 19.1 0.19  0.5  0.5 B1
 10203  520 49.46 34-24.44  52-44.60  26.12        16 111 10.1 0.20  0.7  0.9 B1
 10203  522  0.04 34-24.36  52-36.71  15.43        18  87 36.9 0.18  0.4  0.7 C1
 10203  523  9.76 34-34.79  52-42.89  21.08        17 103 28.0 0.19  0.6  0.8 B1
 10203  524 19.41 34-12.28  52-40.17  21.37        20 126 13.8 0.23  0.7  0.5 B1
 10203  525 30.00 34-17.85  52-35.61  13.88        18  93  9.4 0.20  0.6  0.7 B1
 10203  526 40.24 34-24.45  52-37.49  15.32        13 104 42.9 0.13  0.4  0.6 B1
 10203  527 49.36 34-31.56  52-44.48  20.56        19 103 22.5 0.21  0.6  0.5 B1
 10203  528 59.51 34-42.01  52-42.83  16.95        16 141  9.9 0.20  0.8  0.6 C1
 10203  530  9.92 34-14.62  52-38.48  20.93        15 122 70.9 0.12  0.4  0.7 C1
 10203  531 19.94 34-34.86  52-40.82  18.03        15 162 50.9 0.11  0.4  0.5 C1
 10203  532 29.19 34-16.56  52-43.94  26.80        13 113 18.7 0.26  1.0  1.1 B1
 10203  533 40.08 34-26.54  52-43.44  28.64        15 154 64.0 0.06  0.3  0.3 C1
 10203  534 48.95 34-22.29  52-47.37  27.76        18  83 25.7 0.39  1.7  2.3 B1
 10203  535 59.21 34-23.46  52-50.06  29.99        15  93 42.7 0.21  0.9  1.3 B1
 10203  537  9.29 34-12.92  52-42.85  24.91        14 134 15.8 0.29  1.1  0.9 B1
 10203  538 19.14 34-16.68  52-46.74  31.78        18 121 10.0 0.31  1.0  0.8 C1
 10203  539 29.58 34-27.41  52-42.36  21.56        18  99 14.4 0.24  0.7  0.7 B1
 10203  540 39.33 34-25.04  52-46.81  28.14        16  80 13.0 0.28  0.9  0.9 B1
 10203  541 49.40 34-38.92  52-46.34  20.22        17  85 13.8 0.20  0.6  0.5 B1
 10203  543  0.15 34-33.42  52-40.83  20.19        14 103 71.4 0.14  0.4  0.9 C1
 10203  544  9.53 34-37.48  52-42.97  20.97        17  77 17.4 0.24  1.0  0.8 B1
 10203  545 19.71 34- 6.93  52-34.62  14.16        17 108 26.8 0.16  0.5  0.6 B1
 10203  546 29.27 34-21.63  52-48.74  31.02        14 161 24.1 0.26  1.1  1.1 C1
 10203  547 39.19 34-19.78  52-49.47  32.35        18 102 12.5 0.33  1.1  0.8 C1
 10203  548 49.27 34-38.70  52-54.40  33.75        15 126 18.5 0.21  0.8  0.8 B1
 10203 -159 59.74 34-55.12  53- 9.80  40.69        20 206 38.9 0.44  2.3  1.7 D1
 10203  0 1  9.61 34-57.98  52-54.27  28.42        16 187 72.0 0.31  1.4  1.4 D1
 10203  0 2 20.12 34-47.21  52-47.83  27.25        13 161 71.1 0.11  0.7  0.7 C1
 10203  0 3 30.54 35-10.66  52-48.15  26.29        19 218 45.0 0.29  1.2  1.2 C1
 10203  0 4 39.71 35- 6.31  52-59.69  36.42        16 198 41.9 0.34  1.7  3.8 D1
 10203  0 5 49.96 35- 7.15  52-55.06  30.53        18 213 40.5 0.46  2.5  1.6 D1
 10203  0 6 59.66 35-23.31  52-53.67  27.13        20 238 52.1 0.20  1.7  1.6 C1
 10203  0 8  9.66 35- 7.64  53- 1.31  37.76        18 203 45.2 0.35  2.2  3.9 D1
 10203  0 9 19.06 34-45.78  53- 2.08  31.70        19 178 23.6 0.31  1.3  1.5 C1
 10203  010 29.44 34-42.95  52-54.04  26.43        16 155 13.0 0.35  1.6  1.2 C1
 10203  011 39.59 34-56.36  53- 3.21  35.90        20 200 31.3 0.22  1.0  0.7 C1
 10203  012 49.52 34-53.54  52-54.34  27.01        17 157 58.9 0.13  0.5  0.8 C1
 10203  013 59.16 34-47.99  53- 2.50  34.14        18 152 24.4 0.31  1.2  1.1 C1
 10203  015  9.89 34-57.56  52-57.54  33.03        17 197 58.0 0.26  1.4  1.6 C1
 10203  016 19.50 35- 1.54  53- 1.60  35.87        20 189 36.1 0.31  1.3  0.9 D1
 10203  017 29.62 34-50.66  52-54.58  28.38        15 150 56.6 0.14  0.7  0.8 C1
 10203  018 39.69 35-10.95  52-55.82  31.86        18 203 47.5 0.35  1.6  1.1 D1
 10203  019 50.29 35- 4.00  52-45.44  19.84        18 201 32.6 0.25  1.1  0.9 C1
 10203  020 59.79 35-10.79  52-47.99  24.85        17 203 45.2 0.52  3.2  4.6 D1
 10203  022  9.37 34-47.50  52-55.28  27.60        18 142 54.0 0.21  0.7  1.2 C1
 10203  023 19.95 34-55.62  53- 2.14  39.93        19 197 50.2 0.38  2.1  4.3 D1
 10203  024 30.73 35-26.06  52-51.55  32.12        17 251 73.8 0.36  1.9  1.6 D1
 10203  025 39.97 34-57.36  52-42.39  14.85        15 207 21.3 0.32  1.5  0.9 D1
 10203  026 50.27 35- 0.50  52-52.34  29.40        14 216 95.4 0.14  0.8  1.4 C1
 10203  027 59.13 35- 9.60  53- 0.29  32.60        17 215 47.7 0.42  2.5  1.5 D1
 10203  029  9.66 35- 3.85  53- 8.24  38.95        16 214 46.1 0.42  1.5  2.1 D1
 10203  030 19.64 35-19.75  52-54.34  30.48        16 236 53.8 0.36  2.4  1.3 D1
 10203  031 29.83 35- 5.16  52-48.54  25.11        18 177 34.8 0.26  1.2  2.0 C1
 10203  032 40.17 35-17.29  52-51.71  30.30        16 233 57.7 0.22  1.2  1.1 C1
 10203  033 49.47 35-11.57  52-58.69  33.26        18 209 64.2 0.45  3.5  3.1 D1
 10203  035  0.03 35-18.31  52-40.55  17.97        13 204 34.1 0.27  2.4  2.4 C1
 10203  036  9.71 35- 2.95  52-49.40  25.02        13 173 30.9 0.15  0.7  1.1 C1
 10203  037 19.53 35- 5.50  52-46.09  17.18        15 174 53.5 0.21  1.2  1.6 C1
 10203  038 30.26 34-54.73  53- 1.96  40.62        13 215 73.6 0.40  3.7 12.8 D1
 10203  039 39.38 34-58.75  52-55.18  27.30        14 189 72.1 0.21  1.1  1.1 C1
 10203  040 49.60 34-44.72  52-51.72  22.07        13 166  8.4 0.11  0.7  0.4 B1
 10203  041 59.85 35- 6.25  52-52.45  29.38        17 186 37.8 0.30  1.8  1.7 C1
 10203  043  9.41 34-43.58  53- 9.68  35.33        18 181 31.0 0.51  2.5  1.4 D1
 10203  044 19.50 35- 5.44  52-54.37  27.87        17 208 37.2 0.19  0.9  0.7 C1
 10203  045 29.53 35- 3.59  52-53.37  27.02        18 181 64.3 0.20  0.9  0.9 C1
 10203  046 39.44 34-58.31  52-57.37  30.06        13 192 27.5 0.21  1.1  0.7 C1
 10203  047 49.67 34-52.77  52-56.30  30.49        18 184 55.6 0.20  0.9  0.9 C1
 10203  048 59.71 34-49.93  52-50.62  24.10        16 174  9.0 0.20  0.8  1.1 C1
 10203  050 10.21 35-18.20  52-53.79  29.77        19 235 88.1 0.41  3.3  4.5 D1
 10203  051 19.96 35- 9.33  52-44.48  18.82        19 182 42.6 0.25  0.9  0.9 C1
 10203  052 30.12 35- 3.68  52-40.75  13.30        18 160 50.1 0.18  0.7  1.3 C1
 10203  053 39.71 34-54.40  52-52.87  25.88        16 186 17.6 0.14  0.6  0.5 C1
 10203  054 50.12 35- 2.90  52-55.08  30.74        16 207 66.7 0.36  2.4  3.0 D1
 10203  055 59.58 34-50.15  53-10.13  39.33        16 191 34.5 0.50  2.4  2.4 D1
 10203  057  9.50 34-59.76  53- 5.73  40.17        13 214 50.6 0.48  4.2  5.9 D1
 10203  058 19.43 35- 3.86  52-58.92  31.53        19 190 63.4 0.45  2.8  2.8 D1
 10203  059 29.78 35-18.32  53- 1.27  34.23        16 228 64.6 0.38  2.3  1.5 D1
 10203  1 0 40.11 34-54.33  52-45.19  21.43        12 183 14.9 0.16  1.8  0.6 C1
 10203  1 1 49.38 34-58.91  53- 3.94  39.52        17 186 51.6 0.32  1.8  3.2 D1
 10203  1 2 59.17 34-54.62  53- 5.47  39.53        14 177 44.9 0.36  3.0  4.1 C1
 10203  1 4  9.99 34-59.75  52-54.53  30.25        15 199 64.1 0.11  0.6  0.6 C1
 10203  1 5 19.47 34-57.66  53- 0.73  36.22        17 195 30.0 0.29  1.3  1.4 C1
 10203  1 6 29.30 34-47.91  52-55.97  28.40        17 173 14.5 0.22  1.0  0.6 C1
 10203  1 7 39.96 35- 1.05  52-35.48   6.41        17 205 32.0 0.23  0.9  0.8 C1
 10203  1 8 49.51 34-57.66  53- 3.59  38.14        14 198 77.4 0.39  1.8  4.4 D1
 10203  1 9 59.33 34-54.98  52-59.24  30.04        18 168 25.0 0.22  0.9  0.9 C1
 10203  111  9.44 35- 0.36  52-59.82  33.26        18 183 32.8 0.25  1.1  0.7 C1
 10203  112 19.56 35- 1.39  52-53.81  26.28        17 176 66.6 0.18  0.8  1.4 C1
 10203  113 30.25 34-56.21  52-49.84  25.94        20 208 18.8 0.35  1.7  1.1 D1
 10203  114 39.64 34-56.98  52-43.37  13.82        16 174 20.2 0.13  0.4  0.5 B1
 10203  115 50.19 35-10.19  53- 1.77  40.41        16 274 49.7 0.56  3.8  3.8 D1
 10203  116 59.28 34-51.56  52-56.64  30.38        18 180 63.4 0.28  1.0  1.1 C1
 10203  118  9.79 35-15.47  52-49.11  23.05        20 206 48.1 0.35  2.3  2.4 D1
 10203  119 20.32 35- 8.47  52-48.67  26.28        18 227 41.0 0.25  1.2  1.2 C1
 10203  120 29.44 35- 6.64  53- 2.96  38.25        17 203 45.0 0.33  1.6  2.2 D1
 10203  121 40.37 35- 1.21  52-36.43   9.75        16 210 31.5 0.23  1.2  0.6 C1
 10203  122 50.25 35- 3.28  52-46.09  21.67        16 202 31.3 0.20  1.0  0.8 C1
 10203  123 59.41 35-13.98  53- 3.08  35.67        14 226 56.8 0.43  3.1  3.6 D1
 10203  125  9.97 35- 3.88  52-37.43  13.00        14 171 35.3 0.18  1.0  0.8 C1
 10203  126 19.92 35- 1.35  52-49.60  27.07        19 169 62.5 0.25  1.1  1.6 C1
 10203  127 29.69 35- 2.21  52-48.61  24.96        13 170 29.4 0.12  0.7  0.8 B1
 10203  128 39.77 35-14.85  52-46.94  21.40        17 202 45.4 0.32  1.9  1.8 D1
 10203  129 47.38 35-19.94  53-10.48  42.30        13 242 78.0 1.21  4.0 38.0 D1
 10203  130 59.86 34-57.07  53- 1.00  36.48        16 202 29.5 0.31  1.7  1.5 D1
 10203  132  9.72 35- 3.10  52-52.60  26.50        18 178 32.2 0.18  1.0  1.3 C1
 10203  133 19.53 34-59.36  53- 2.50  35.27        19 185 34.1 0.19  0.8  0.5 C1
 10203  134 30.29 34-52.39  52-41.61  15.96        19 176 60.5 0.17  0.7  1.1 C1
 10203  135 39.51 35-12.71  53- 4.52  36.36        21 225 55.8 0.47  2.2  4.0 D1
 10203  136 49.34 34-47.34  52-59.27  30.46        19 146 19.4 0.19  0.7  0.9 C1
 10203  137 59.74 35- 3.47  52-50.17  24.31        17 175 60.6 0.20  0.9  1.6 C1
 10203  139  9.95 34-56.09  52-42.03  14.57        13 145 62.5 0.17  0.5  1.2 C1
 10203  140 19.46 35- 7.00  52-55.47  33.33        17 193 40.4 0.36  1.7  1.3 D1
 10203  141 29.72 35- 8.51  52-50.63  23.65        18 201 41.4 0.30  1.3  1.5 D1
 10203  142 39.53 34-51.76  52-52.00  25.74        15 149 12.9 0.15  0.4  0.6 B1
 10203  143 49.37 34-56.75  53- 3.07  34.26        13 179 50.2 0.46  3.7  3.2 D1
 10203  144 59.48 35- 5.63  52-54.33  29.07        16 200 63.4 0.22  1.2  1.1 C1
 10203  146 10.31 34-54.12  52-48.81  26.39        13 207 64.7 0.15  0.8  1.0 C1
 10203  147 19.85 34-58.65  52-59.14  34.58        13 201 57.1 0.25  2.1  1.7 C1
 10203  148 29.27 35- 2.12  53- 7.00  36.87        15 210 83.2 0.50  3.5  8.4 D1
 10203  149 39.66 34-58.90  52-51.52  25.59        16 166 24.3 0.14  0.6  0.7 B1
 10203  150 49.43 35- 0.03  52-59.13  32.28        17 181 58.6 0.29  1.6  1.7 C1
 10203  151 59.57 35-10.04  52-56.48  32.11        17 202 46.3 0.32  1.5  1.1 D1
 10203  153  9.63 35- 0.17  52-53.02  29.21        16 172 66.4 0.23  2.0  2.2 C1
 10203  154 19.61 35- 1.04  52-45.88  15.58        13 163 27.1 0.15  0.7  0.9 C1
 10203  155 29.69 34-48.98  52-59.28  33.09        15 208 60.7 0.26  1.3  1.2 C1
 10203  156 39.55 34-58.31  52-55.14  28.70        19 197 25.6 0.22  0.9  0.7 C1
 10203  157 49.63 34-48.39  52-59.76  33.12        17 212 20.4 0.16  0.7  0.5 C1
 10203  159  0.20 35- 3.22  52-50.95  29.28        18 206 31.8 0.31  1.3  1.1 D1
 10203  2 0  8.76 34-56.02  53-15.37  42.99        13 211 85.0 0.73  4.0 60.9 D1
 10203  2 1 19.85 34-44.65  53- 4.01  38.82        14 202 57.7 0.32  1.6  2.9 D1
 10203  2 2 29.83 34-56.37  52-53.29  28.58        16 190 62.5 0.28  1.6  1.5 C1
 10203  2 3 39.86 34-53.34  52-50.54  23.65        14 210 14.2 0.16  0.8  0.5 C1
 10203  2 4 49.49 34-45.28  52-46.92  17.63        17 142  2.1 0.29  1.2  0.5 C1
 10203  2 5 59.73 35- 6.76  52-52.18  28.33        12 187 38.6 0.15  0.8  0.9 C1
 10203  2 7  9.68 34-51.65  52-50.43  24.57        19 147 11.3 0.16  0.5  0.6 C1
 10203  2 8 19.20 35- 4.16  53- 4.39  38.61        15 200 57.9 0.41  3.8  6.6 D1
 10203  2 9 29.75 35- 4.34  52-51.88  28.99        16 180 34.2 0.36  1.9  1.8 D1
 10203  210 39.51 34-58.57  53- 5.15  36.56        19 187 36.1 0.30  1.3  1.8 D1
 10203  211 49.21 35- 1.53  52-58.12  29.69        19 198 33.0 0.37  2.0  1.5 D1
 10203  212 59.71 35- 6.20  53- 0.10  33.98        14 220 42.0 0.18  1.1  0.7 C1
 10203  214 11.09 35- 2.54  52-51.72  35.57        16 219 30.9 0.40  2.5  1.9 D1
 10203  215 19.28 35- 5.36  53-21.67  42.93        19 235 47.0 1.09  4.5 13.9 D1
 10203  216 30.23 35- 1.15  52-52.86  27.87        19 201 67.6 0.33  2.0  2.0 D1
 10203  217 39.58 34-52.11  53- 7.57  40.91        18 216 65.6 0.49  2.0  7.1 D1
 10203  218 49.83 35-11.75  52-51.75  29.25        19 200 47.5 0.22  1.1  0.9 C1
 10203  219 59.15 34-45.89  53- 2.23  33.20        17 145 43.0 0.26  1.3  1.7 C1
 10203  221  9.40 34-53.08  53- 3.35  35.71        15 194 28.4 0.32  1.9  0.9 D1
 10203  222 19.99 34-55.17  52-55.12  30.49        12 189 59.1 0.11  0.7  0.6 C1
 10203  223 29.31 34-54.56  52-58.82  29.17        13 166 53.5 0.18  0.8  1.0 C1
 10203  224 39.00 34-59.44  53- 1.41  33.97        14 207 33.0 0.46  2.7  1.7 D1
 10203  225 50.41 35- 0.38  52-47.02  28.02        16 243 74.4 0.28  2.2  2.2 C1
 10203  226 59.51 34-58.55  53- 4.67  40.99        16 201 80.2 0.42  1.8  6.3 D1
 10203  228  9.80 35-17.77  52-40.36  14.03        15 202 34.1 0.46  2.3  2.2 D1
 10203  229 20.19 34-55.97  52-48.19  23.31        19 185 67.9 0.18  0.7  1.0 C1
 10203  230 30.08 35-15.08  52-51.32  29.98        20 208 51.5 0.30  1.4  1.2 C1
 10203  231 39.88 35- 2.04  52-58.48  32.25        17 209 34.1 0.13  0.6  0.4 C1
 10203  232 49.95 35- 3.27  53-11.31  37.98        15 263 48.9 0.40  2.9  2.8 D1
 10203  234  0.03 35- 1.56  52-54.16  29.79        17 203 30.3 0.20  0.9  0.8 C1
 10203  235  9.47 35- 6.78  52-54.29  28.16        19 190 62.2 0.27  1.3  1.2 C1
 10203  236 19.33 34-47.30  52-58.31  31.38        20 145 17.9 0.21  0.7  0.6 C1
 10203  237 29.66 35- 6.92  52-45.54  19.06        15 177 38.0 0.23  1.3  1.1 C1
 10203  238 39.88 35- 3.58  53- 4.33  37.20        15 219 41.7 0.36  1.9  2.4 D1
 10203  239 49.79 35- 8.00  52-58.35  39.53        14 294 43.8 0.60  5.2  4.4 D1
 10203  240 59.27 35- 6.63  52-47.36  16.18        14 179 53.6 0.33  2.4  2.7 D1
 10203  242  9.99 34-58.79  52-57.78  31.97        14 242 59.0 0.43  4.3  3.9 D1
 10203  243 19.44 34-54.71  52-55.63  28.55        19 162 20.6 0.18  0.6  0.6 C1
 10203  244 29.54 35- 4.48  52-53.32  25.69        12 183 63.3 0.19  1.5  2.0 C1
 10203  245 39.65 34-56.76  52-54.35  27.32        15 193 22.5 0.12  0.6  0.6 C1
 10203  246 32.66 36- 8.37  53-27.01  40.41        14 298181.7 5.61 34.1 91.9 D1
 10203  247 59.25 34-50.14  53-16.16  39.09        18 184 26.9 0.64  2.6  2.0 D1
 10203  249  9.75 35- 3.26  53- 2.05  34.91        14 215 39.1 0.32  1.4  1.0 D1
 10203  250 19.32 35- 1.69  52-47.75  16.57        17 167 28.4 0.23  0.8  1.1 C1
 10203  251 29.71 34-54.40  52-48.07  19.99        16 150 15.0 0.20  0.7  1.0 C1
 10203  252 39.99 35-12.78  52-59.01  34.04        15 231 52.3 0.41  2.2  1.6 D1
 10203  253 50.13 35- 1.70  52-36.47  10.17        19 193 88.9 0.38  1.6  1.5 D1
 10203  254 59.46 35- 4.06  53- 2.91  32.16        17 208 41.0 0.54  3.0  1.9 D1
 10203  256  9.76 35- 2.54  53- 1.37  38.04        20 191 59.0 0.34  2.2  4.7 D1
 10203  257 19.44 34-54.19  52-56.43  29.25        16 161 56.5 0.17  0.8  1.0 C1
 10203  258 29.64 35-21.58  53- 0.57  38.21        18 238 62.8 0.48  2.7  4.2 D1
 10203  259 39.26 35-16.81  52-28.34  42.63         6 171 19.4 4.04  0.0  0.0 D1
 10203  3 0 50.12 35-15.09  52-50.78  29.30        19 245 53.5 0.25  1.3  1.3 C1
 10203  3 1 59.89 35- 6.44  52-59.65  36.38        14 231107.1 0.33  2.7  6.7 D1
 10203  3 3  8.84 34-57.55  53-16.74  42.00        18 239 50.3 1.01  4.5 19.0 D1
 10203  3 4 19.94 34-58.56  52-56.09  31.75        19 198 60.9 0.18  0.8  0.8 C1
 10203  3 5 29.33 35- 0.94  53- 6.72  37.72        14 196 51.1 0.42  3.4  6.5 D1
 10203  3 6 39.98 34-54.46  52-49.14  25.22        13 180 65.4 0.15  1.1  1.6 C1
 10203  3 7 49.78 35- 3.46  52-52.07  25.63        19 178 32.6 0.12  0.5  0.7 B1
 10203  3 8 59.49 35- 9.12  53- 6.08  41.61        14 245 96.0 0.72  3.9718.4 D1
 10203  310  9.27 34-58.49  52-57.33  27.73        15 174 59.2 0.33  3.1  3.7 D1
 10203  311 19.57 35-11.40  53- 2.52  37.54        14 220 52.2 0.20  2.0  4.2 C1
 10203  312 30.00 34-54.62  52-51.54  26.91        19 156 63.6 0.11  0.4  0.9 C1
 10203  313 38.99 35-16.82  52-53.76  33.44        14 242101.1 0.89  6.2  9.5 D1
 10203  314 49.61 34-58.19  52-49.28  22.78        19 161 22.2 0.14  0.4  0.7 B1
 10203  315 59.20 35- 2.94  53- 2.12  32.06        18 193 38.7 0.39  2.1  1.9 D1
 10203  317  9.76 35- 6.53  52-55.09  29.03        18 191 63.5 0.25  2.0  2.3 C1
 10203  318 19.55 34-48.58  53- 6.46  40.66        13 222 60.4 0.30  1.5  5.2 D1
 10203  319 29.43 34-57.11  53- 8.31  39.77        19 189 38.6 0.45  2.0  1.8 D1
 10203  320 39.61 35- 2.25  53- 2.91  39.62        17 238 85.6 0.44  2.9  8.3 D1
 10203  321 49.48 34-43.90  53-11.90  40.05        14 203 27.8 0.38  2.4  2.3 D1
 10203  323  0.58 34-55.57  52-55.15  34.16        13 284 69.6 0.21  3.2  3.7 D1
 10203  324  9.74 34-59.34  52-59.98  35.81        14 267 31.4 0.44  3.8  1.9 D1
 10203  325 20.34 35- 5.75  52-53.69  32.84        16 268 37.4 0.33  2.1  1.2 D1
 10203  326 29.54 35- 6.76  53- 8.86  39.07        18 213 57.5 0.31  2.0  3.4 D1
 10203  327 39.74 34-58.89  52-49.50  23.46        18 196 23.5 0.18  0.8  0.8 C1
 10203  328 49.06 34-41.84  53- 7.15  34.65        16 136 34.5 0.31  1.6  1.5 C1
 10203  329 59.12 34-48.22  53- 3.14  34.19        18 154 25.4 0.26  1.0  1.0 C1
 10203  331  9.96 34-43.54  52-41.36  14.83        19  83  9.6 0.31  0.9  0.9 B1
 10203  332 19.68 34-59.55  52-49.55  21.71        14 183 24.7 0.23  1.3  1.0 C1
 10203  333 29.66 35- 0.36  52-43.99  15.10        15 176 26.2 0.21  0.9  0.9 C1
 10203  334 39.52 34-44.69  52-44.28  14.66        19  76  4.7 0.33  1.1  0.6 B1
 10203  335 50.29 35- 5.52  52-45.49  21.03        13 226 35.4 0.14  0.7  0.5 C1
 10203  336 59.69 35-12.82  52-44.35  20.62        17 192 43.5 0.24  1.5  1.5 C1
 10203  338  9.80 34-52.16  52-48.09  21.30        18 145 10.9 0.18  0.6  0.8 C1
 10203  339 19.70 34-59.45  52-48.87  20.18        17 182 64.2 0.36  1.7  2.0 D1
 10203  340 29.69 35- 6.22  53- 7.94  37.22        18 217 49.0 0.67  4.4 11.9 D1
 10203  341 39.53 35- 2.61  52-54.53  28.76        13 180 66.8 0.26  2.9  1.9 D1
 10203  342 49.22 35- 4.54  53- 1.30  32.16        20 207 40.3 0.43  2.2  1.4 D1
 10203  343 59.51 35- 7.25  52-49.21  19.37        19 184 38.8 0.34  1.4  1.3 D1
 10203  345  9.47 35- 7.83  52-58.09  32.56        21 199 43.3 0.46  2.2  1.5 D1
 10203  346 19.76 35- 5.92  52-53.36  29.74        16 200 37.6 0.32  1.9  1.5 D1
 10203  347 30.21 35-14.13  52-52.64  30.48        19 228 83.5 0.24  1.8  1.9 C1
 10203  348 39.47 35- 2.98  52-56.16  29.46        17 184 34.0 0.22  0.9  0.8 C1
 10203  349 49.83 34-55.63  53- 1.49  36.10        16 196 28.4 0.34  1.9  1.5 D1
 10203  350 59.75 34-52.07  52-49.71  21.90        15 147 11.5 0.10  0.4  0.5 B1
 10203  352  9.60 35-17.96  52-47.14  20.16        21 220 43.8 0.29  1.6  1.0 C1
 10203  353 19.84 35- 7.27  53- 2.86  40.52        18 225 63.8 0.43  2.5  7.7 D1
 10203  354 29.13 34-52.77  52-59.75  29.56        18 162 50.8 0.37  1.5  1.6 D1
 10203  355 39.33 35- 1.32  52-59.33  31.32        14 184 59.8 0.47  3.4  3.3 D1
 10203  356 49.46 35- 4.60  53- 6.65  40.16        16 205 45.4 0.41  1.8  1.9 D1
 10203  357 59.61 34-42.91  52-59.59  35.81        14 195 20.8 0.27  1.9  0.9 C1
 10203  359  9.47 35- 6.82  52-51.27  24.62        13 207 38.4 0.31  1.7  1.4 D1
 10203  4 0 19.79 35- 5.04  52-51.14  26.63        14 203 35.2 0.18  0.9  0.9 C1
 10203  4 1 29.91 35- 5.25  52-41.52  13.54        18 166 35.8 0.21  0.9  1.3 C1
 10203  4 2 39.71 35- 6.78  53-29.60  42.23        20 253 48.0 0.98  4.2 13.0 D1
 10203  4 3 49.34 34-55.98  52-57.09  28.46        20 167 23.9 0.23  0.7  0.9 C1
 10203  4 4 59.05 34-55.45  53- 0.48  30.21        17 171 52.1 0.31  1.8  1.9 D1
 10203  4 6  9.84 35- 3.26  52-56.82  31.64        19 210 34.9 0.10  0.5  0.3 C1
 10203  4 7 19.37 34-49.01  52-56.65  28.83        16 148 52.7 0.22  0.8  1.3 C1
 10203  4 8 29.77 35- 2.23  53- 8.27  40.90        18 211 44.1 0.49  1.7  2.0 D1
 10203  4 9 39.79 35- 5.12  52-48.40  22.97        20 177 34.8 0.30  0.9  2.3 C1
 10203  410 50.03 35- 4.26  52-53.13  29.72        13 231 34.5 0.18  1.1  0.8 C1
 10203  411 59.79 35-17.56  52-59.78  34.16        17 244 61.0 0.17  0.9  0.7 C1
 10203  413  9.74 34-53.69  52-51.96  26.92        15 177 15.8 0.13  0.7  0.7 B1
 10203  414 19.56 34-52.42  52-54.34  29.30        20 154 58.1 0.19  0.6  0.8 C1
 10203  415 30.28 35- 3.55  52-58.40  38.30        14 212 36.5 0.27  1.4  1.6 C1
 10203  416 40.09 35- 3.25  52-56.78  33.12        15 211 34.8 0.21  1.2  0.7 C1
 10203  417 49.95 34-58.86  52-50.00  26.45        20 164 66.2 0.18  0.7  1.4 C1
 10203  418 59.72 34-53.81  52-56.78  31.65        16 190 55.7 0.19  1.1  1.3 C1
 10203  420  9.23 34-58.90  53-10.26  40.78        14 197 44.7 0.41  2.8  3.6 D1
 10203  421 20.78 35-26.73  52-46.01  29.97        15 253 74.6 0.50  3.0  2.7 D1
 10203  422 29.73 34-56.34  52-47.50  19.81        17 174 67.1 0.23  1.2  1.4 C1
 10203  423 36.53 35-14.82  53-19.52  42.75        15 245 64.8 1.78  3.2 25.3 D1
 10203  424 49.45 35- 2.43  52-53.30  25.17        14 178 65.5 0.19  0.9  1.5 C1
 10203  426  0.31 35- 4.33  52-57.61  36.55        14 275 37.2 0.52  4.7  5.2 D1
 10203  427  9.63 34-50.73  53- 3.66  34.55        18 188 27.2 0.30  1.5  1.0 D1
 10203  428 19.66 35-21.34  52-50.80  27.49        19 238 48.1 0.31  1.8  1.6 D1
 10203  429 29.32 34-58.10  53-11.55  40.91        18 217 42.3 0.46  2.4  2.0 D1
 10203  430 39.39 34-44.83  52-54.05  25.34        14 179 11.7 0.22  1.3  1.0 C1
 10203  431 49.55 34-56.71  52-50.46  20.15        14 179 20.0 0.22  0.9  0.7 C1
 10203  432 58.94 35-19.58  52-37.22   6.17        16 220 28.5 0.41  2.7  1.6 D1
 10203  434  9.47 34-50.41  52-55.40  29.89        17 150 15.3 0.18  0.8  0.8 C1
 10203  435 20.07 35- 0.32  52-58.01  33.85        16 222 31.1 0.21  1.1  0.7 C1
 10203  436 29.66 35- 9.48  52-57.39  30.22        13 211 63.9 0.31  2.9  2.3 D1
 10203  437 39.64 35- 2.53  53- 6.50  38.82        19 219 42.5 0.32  1.6  1.8 D1
 10203  438 49.64 35- 6.66  52-56.58  30.05        14 205 65.3 0.23  1.8  1.9 C1
 10203  439 59.32 34-56.99  53-13.30  38.67        13 199 39.0 0.22  1.0  1.0 C1
 10203  441  9.26 34-50.75  53- 5.96  38.98        19 166 40.6 0.34  1.2  2.2 C1
 10203  442 19.41 35- 5.69  52-46.22  17.06        19 175 53.4 0.25  1.4  1.6 C1
 10203  443 29.61 34-56.06  52-45.47  17.43        18 150 18.0 0.24  0.9  1.0 C1
 10203  444 39.15 34-54.48  53- 6.32  37.21        17 178 33.6 0.29  1.4  3.2 C1
 10203  445 49.77 35- 6.42  53- 2.92  40.10        16 240107.7 0.48  3.2  9.7 D1
 10203  446 59.37 34-58.78  52-56.02  29.64        17 173 27.0 0.22  0.8  1.0 C1
 10203  448  9.40 35-18.60  53- 4.97  29.95        14 236 70.0 0.36  6.6  6.7 D1
 10203  449 19.47 34-60.00  52-46.32  17.28        13 185 25.2 0.33  1.4  1.2 D1
 10203  450 30.00 34-59.31  53- 1.45  38.10        15 221 79.5 0.30  1.6  3.2 C1
 10203  451 39.58 35- 9.19  52-53.08  28.20        16 206 43.3 0.21  1.3  0.9 C1
 10203  452 49.57 34-52.21  52-51.87  24.19        19 207 13.4 0.19  0.8  0.5 C1
 10203  453 59.66 34-54.16  53- 5.01  36.45        20 197 31.5 0.29  1.2  1.5 C1
 10203  455  9.77 35- 1.88  52-49.32  22.79        19 187 61.6 0.31  1.4  1.8 D1
 10203  456 19.14 35- 5.04  53- 0.06  28.38        13 206 40.1 0.43  3.4  2.2 D1
 10203  457 29.17 34-57.26  52-59.94  31.52        16 175 54.6 0.36  3.1  3.2 D1
 10203  458 39.73 34-54.13  53-13.55  41.17        15 212 34.8 0.82  4.2  5.6 D1
 10203  459 49.72 35- 6.11  52-52.58  29.51        14 207 60.7 0.31  1.7  1.6 D1
 10203  5 0 59.22 34-50.24  53- 9.30  37.71        17 170 35.3 0.29  1.5  1.9 C1
 10203  5 2 10.05 35- 2.02  52-56.67  33.07        18 223 32.7 0.25  1.3  0.8 C1
 10203  5 3 19.78 35- 9.41  52-59.07  34.50        14 225 46.6 0.27  1.7  1.2 C1
 10203  5 4 29.58 34-50.99  52-53.01  27.48        18 174 12.9 0.13  0.5  0.5 B1
 10203  5 5 39.54 34-53.15  52-57.38  29.99        16 186 20.6 0.18  0.9  0.7 C1
 10203  5 6 49.59 35- 5.83  53- 4.72  38.54        18 241 45.3 0.55  2.9  3.4 D1
 10203  5 7 59.80 35- 2.59  52-49.93  26.72        16 196 61.4 0.34  1.8  2.0 D1
 10203  5 9  9.53 35- 6.68  52-54.10  28.62        18 202 62.0 0.50  3.4  3.7 D1
 10203  510 19.87 34-55.51  53- 3.69  39.29        16 199 48.1 0.48  3.4  5.7 D1
 10203  511 29.28 34-57.08  52-58.38  31.09        13 191 73.9 0.30  1.6  1.4 C1
 10203  512 40.02 34-50.25  52-52.19  27.85        17 200 58.9 0.12  0.5  0.6 C1
 10203  513 50.00 35-15.84  52-38.43  10.03        14 238 55.9 0.37  2.1  1.9 D1
 10203  514 59.40 35- 8.66  52-59.45  32.64        17 212 45.6 0.30  1.4  1.1 C1
 10203  516  9.44 34-55.69  53- 8.23  40.26        14 205 42.8 0.35  2.4  2.6 D1
 10203  517 19.90 35- 8.51  52-53.31  31.96        15 193 59.3 0.32  2.4  2.2 D1
 10203  518 29.82 35- 2.48  53- 1.82  36.76        15 215 37.7 0.49  2.7  3.0 D1
 10203  519 39.90 35-12.02  52-57.52  30.84        20 208 50.2 0.36  2.4  1.3 D1
 10203  520 49.40 35- 8.50  53- 4.83  36.55        18 211 63.7 0.35  3.4  6.5 D1
 10203  521 59.66 34-58.46  52-52.71  27.99        15 167 65.2 0.16  0.8  1.0 C1
 10203  523 10.52 35-10.07  52-40.89  20.77        13 212 44.7 0.22  1.2  0.8 C1
 10203  524 19.31 34-51.70  52-59.93  32.26        13 160 22.6 0.21  1.0  0.7 C1
 10203  525 29.92 34-59.97  53- 9.22  41.80        17 228 42.6 0.45  2.2  5.7 D1
 10203  526 39.44 35- 2.16  53- 2.46  28.63        16 192 57.3 0.36  2.7  2.5 D1
 10203  527 49.69 34-59.55  52-48.57  22.67        14 181 24.5 0.16  0.7  0.6 C1
 10203  528 59.79 35- 1.73  53- 7.36  37.11        13 255 42.5 0.22  1.6  1.6 C1
 10203  530  9.11 34-44.73  52-56.43  26.39        14 162 51.3 0.45  1.8  3.2 D1
 10203  531 19.72 35-12.87  52-45.84  20.21        18 194 45.5 0.25  1.3  0.9 C1
 10203  532 29.88 34-55.93  52-47.77  19.37        15 211 17.7 0.25  1.2  0.7 C1
 10203  533 39.25 34-55.39  52-56.92  28.61        15 196 70.2 0.26  1.4  1.2 C1
 10203  534 50.00 35- 9.27  52-50.82  27.34        16 192 42.8 0.24  1.2  1.2 C1
 10203  535 59.95 34-57.84  52-46.81  19.62        16 188 21.2 0.21  1.0  0.7 C1
 10203  537  9.82 34-53.24  53-10.04  41.81        18 230 66.2 0.74  3.0 56.4 D1
 10203  538 19.66 34-53.31  52-59.25  32.53        17 188 23.1 0.36  1.8  1.2 D1
 10203  539 29.33 34-54.78  53- 1.14  34.60        13 170 27.0 0.22  1.0  0.7 C1
 10203  540 39.58 35- 3.45  52-52.92  27.25        13 180 63.9 0.14  0.9  1.2 C1
 10203  541 50.14 35-20.20  53- 3.11  40.65        15 254 67.4 0.64  6.8 23.8 D1
 10203  542 59.77 35- 3.11  53- 3.13  38.79        16 216 57.8 0.23  1.5  3.3 C1
 10203  544  9.79 35-16.72  52-58.07  33.83        18 221 58.7 0.41  2.1  1.4 D1
 10203  545 19.26 35- 1.36  53- 2.95  30.62        17 190 55.8 0.38  2.6  2.3 D1
 10203  546 29.51 34-45.30  52-54.41  27.97        16 135 54.5 0.19  0.7  1.2 C1
 10203  547 39.93 34-58.53  52-59.27  34.65        21 203 29.6 0.34  1.8  1.3 D1
 10203  548 49.83 35- 4.65  52-51.19  26.53        16 194 34.5 0.28  1.4  1.7 C1
