 DATE    ORIGIN    LAT N    LONG E    DEPTH    MAG NO GAP DMIN  RMS  ERH  ERZ QM
120811 1223 15.32 38-25.04  46-48.37   1.92        27  44 23.4 0.39  1.0  2.4 C1
120811 1228 46.35 38-25.86  46-46.97  21.74        28  50 12.9 0.13  0.3  0.3 A1
120811 1249 15.78 38-23.13  46-41.48  11.10        21  83 31.6 0.39  1.3  2.0 C1
120811 1314  5.57 38-23.03  46-40.22   6.56        26  84 33.3 0.40  1.1  2.1 C1
120811 1323 15.09 38-29.50  46-43.66   8.65        28  54 28.2 0.17  0.4  0.6 C1
120811 1342 11.76 38-24.22  46-40.57  10.89        25  81 33.4 0.47  1.7  2.3 C1
120811 1414 53.78 38-29.95  46-42.34  26.28        28  55  3.3 0.18  0.4  0.6 B1
120811 1425 15.48 38-25.85  46-40.54  10.12        16 110 34.4 0.26  0.9  2.2 C1
120811 1455 57.30 38-25.72  46-44.47   6.20        27  43 10.5 0.18  0.4  0.6 B1
120811 1521 14.78 38-25.72  46-46.99  13.32        29 110 25.7 0.68  1.8  1.9 C1
120811 16 0 50.46 38-24.52  46-47.08  13.52        28  78 24.6 0.40  1.0  1.2 C1
120811 1615  4.14 38-25.50  46-39.99  14.91        28  50 34.3 0.20  0.5  0.6 C1
120811 1621 53.15 38-25.29  46-39.83  14.43        12 109 35.0 0.40  2.4  3.1 C1
120811 1634 32.64 38-26.47  46-39.56  13.53        30  40  7.0 0.28  0.6  0.9 B1
120811 1737 58.54 38-23.95  46-52.27  21.67        29  75 17.4 0.19  0.5  0.4 B1
120811 1745 44.51 38-24.34  46-47.35   8.00        30  45 15.2 0.25  0.5  0.8 B1
120811 1749 25.51 38-26.21  46-49.58  14.04        31  45 23.0 0.23  0.7  0.9 B1
120811 1758 33.31 38-22.73  46-47.84   7.60        29  80 17.9 0.26  0.5  0.9 C1
120811 1813  3.18 38-23.08  46-38.88   2.73        26  59 13.4 0.18  0.4  0.7 C1
120811 1821 44.70 38-26.41  46-42.62  18.98        31  55 30.2 0.20  0.4  0.6 B1
120811 1912  4.75 38-25.94  46-47.84  18.77        30  52 24.9 0.28  0.6  0.8 B1
120811 1929 29.48 38-26.35  46-47.64  26.32        27  67 23.1 0.12  0.3  0.4 A1
120811 1930 45.23 38-25.94  46-55.36  21.50        30  57 16.4 0.22  0.5  0.7 B1
120811 1940 17.32 38-26.06  46-48.26  20.22        28  74 14.2 0.19  0.5  0.4 B1
120811 2010 30.25 38-25.83  46-45.96  14.00        25  76 11.8 0.28  0.7  0.7 B1
120811 2029 18.38 38-23.11  46-51.08   0.47        28  47 18.3 0.19  0.4  0.7 C1
120811 2037 27.61 38-27.71  46-47.85  19.63        27  44 26.7 0.10  0.3  0.4 B1
120811 2045 46.65 38-24.67  46-41.05  11.71        29  50 10.4 0.43  1.0  1.1 B1
120811 2113 21.45 38-26.47  46-40.18  10.00        30  41  7.0 0.17  0.4  0.6 B1
120811 2118 35.13 38-26.40  46-43.14  18.40        28  52 31.3 0.25  0.6  0.8 B1
120811 2121 14.12 38-27.08  46-47.95  17.25        28  53 12.9 0.24  0.6  0.6 B1
120811 2133 50.85 38-27.09  46-51.20  18.32        29  97 17.2 0.28  0.7  0.6 B1
120811 22 4 32.42 38-24.59  46-42.28  14.11        29  52 31.2 0.35  0.9  1.3 C1
120811 2212 46.96 38-24.65  46-44.87  16.25        30  44 27.7 0.31  0.7  0.7 C1
120811 2340 52.89 38-28.65  46-48.00  14.55        26  61 11.9 0.11  0.3  0.3 A1
120811 2358 13.66 38-27.40  46-42.58  11.18        20  71 32.9 0.23  0.7  1.2 C1
120812  010 52.88 38-23.47  46-42.26   5.56        26  51 30.6 0.17  0.4  0.7 C1
120812  015 22.96 38-26.32  46-45.66  15.74        26  67 25.9 0.20  0.5  0.5 B1
120812  034 16.61 38-25.66  46-46.14  17.91        18 113 12.2 0.35  1.3  0.9 C1
120812  041 26.64 38-28.96  46-44.40  19.95        27  50  6.7 0.19  0.5  0.4 B1
120812  135 50.43 38-25.97  46-44.73   6.53        29  89 27.4 0.12  0.3  0.5 B1
120812  224 43.21 38-26.16  46-47.58   9.24        22 117 25.4 0.44  1.6  2.4 C1
120812  232 17.43 38-23.09  46-41.77  18.20        30  46 13.5 0.12  0.3  0.3 A1
120812  328  0.15 38-29.04  46-45.16   0.64        31  87 31.3 0.18  0.3  0.8 C1
120812  410 44.55 38-24.15  46-52.29  25.98        29  60 17.6 0.20  0.5  0.5 B1
120812  435 39.61 38-29.79  46-43.99  13.55        30  61  5.7 0.21  0.5  0.6 B1
120812  440 40.81 38-26.34  46-44.86   6.79        31  87 27.1 0.19  0.4  0.8 C1
120812  513 20.84 38-28.86  46-50.56   3.61        27  86 15.4 0.26  0.6  1.6 C1
120812  517 53.77 38-18.83  46-55.23  30.25        30  52 10.6 0.14  0.3  0.4 A1
120812  537 56.10 38-26.23  46-47.37   8.67        31  74 12.9 0.22  0.5  0.6 B1
120812  6 3 58.00 38-27.56  46-46.42   7.47        27  60 10.5 0.11  0.3  0.6 B1
120812  617 50.15 38-25.66  46-50.69   8.45        29  63 17.6 0.22  0.6  0.8 C1
120812  629 57.35 38-20.84  46-43.92  28.73        30  61 18.3 0.22  0.6  0.6 B1
120812  640 44.87 38-23.26  46-38.76   6.91        28  52 35.5 0.52  1.3  2.5 D1
120812  722 55.68 38-26.10  46-47.11  18.43        29  54 25.9 0.16  0.4  0.6 B1
120812  726 53.28 38-27.37  46-42.63  14.59        27  92  6.5 0.30  0.9  0.9 C1
120812  729 28.92 38-23.82  46-52.68  21.78        29  56 16.8 0.12  0.3  0.4 A1
120812  733  3.24 38-25.23  46-41.72   9.84        30  47 32.0 0.33  0.8  1.3 C1
120812  736 35.84 38-25.84  46-47.13  15.84        27  55 13.1 0.19  0.5  0.5 B1
120812  8 1 20.23 38-25.05  46-48.32  19.34        29  59 15.3 0.26  0.6  0.6 B1
120812  8 3 43.94 38-26.64  46-45.07  16.53        28  53  9.9 0.21  0.5  0.5 B1
120812 1015 33.65 38-25.91  46-45.03  18.76        29  66 10.8 0.27  0.6  0.6 B1
120812 1029 28.06 38-23.68  46-37.92   8.21        28  56 12.5 0.13  0.3  0.5 B1
120812 1121 16.36 38-26.32  46-43.15  17.88        27  66 31.2 0.11  0.3  0.3 B1
120812 1151 31.76 38-23.51  46-47.48  14.20        29  50 16.5 0.23  0.5  0.6 B1
120812 1419  9.00 38-25.95  46-47.49  17.28        30  43 23.5 0.25  0.6  0.6 B1
120812 1515 10.27 38-26.35  46-50.44  14.33        27  67 16.7 0.20  0.5  0.5 B1
120812 1559 25.52 38-26.47  46-47.85  14.13        26  62 13.3 0.19  0.5  0.5 B1
120812 1718 30.79 38-27.35  46-44.57  17.00        26  55  8.4 0.17  0.4  0.5 B1
120812 1844 22.21 38-24.88  46-51.12  16.73        28  48 18.9 0.16  0.4  0.4 B1
120812 1846 40.31 38-23.93  46-50.05  13.79        29  46 18.6 0.28  0.6  0.7 B1
120812 1928  4.71 38-26.86  46-48.04  19.34        28  52 13.2 0.31  0.8  0.7 B1
120812 1929 56.68 38-25.54  46-47.37  19.45        29  52 13.7 0.22  0.5  0.5 B1
120812 20 4 31.17 38-29.28  46-46.37  17.31        30  60  9.3 0.16  0.4  0.4 B1
120812 20 9 35.72 38-25.42  46-52.55  16.15        30  51 17.0 0.23  0.5  0.5 B1
120812 2011  2.44 38-26.41  46-41.32  11.49        30  71  7.3 0.27  0.6  0.6 B1
120812 2126 31.93 38-22.87  46-40.36   7.95        30  55 13.6 0.17  0.4  0.5 B1
120812 2133 17.95 38-26.95  46-47.71   5.11        28  43 12.7 0.23  0.5  0.9 C1
120812 22 1 16.05 38-27.34  46-42.94  13.92        29  49  6.8 0.23  0.6  0.6 B1
120812 22 5 43.18 38-26.42  46-47.59  15.29        29  52 13.0 0.27  0.7  0.7 B1
120812 2245 49.38 38-26.66  46-42.75  14.72        30  72  7.7 0.27  0.6  0.6 B1
120812 2257  7.73 38-29.74  46-54.79  18.02        31  52 12.0 0.24  0.6  0.6 B1
120812 23 2  3.99 38-23.09  46-50.59  18.94        28  61 18.9 0.32  0.7  0.7 B1
120812 2316 13.24 38-23.01  46-40.70   9.22        29  45 13.4 0.22  0.5  0.6 B1
120812 2358 41.70 38-27.50  46-54.05  14.79        30  56 19.9 0.20  0.5  0.5 B1
120813  0 7 54.23 38-25.00  46-40.49  17.92        28  42  9.7 0.19  0.4  0.5 B1
120813  018  2.82 38-26.28  46-53.57   8.88        29  58 18.6 0.27  0.7  1.2 C1
120813  022  8.70 38-25.37  46-41.97  18.84        28  56  9.4 0.28  0.6  0.5 B1
120813  1 2 22.73 38-26.59  46-47.67  19.06        30  48 12.9 0.16  0.4  0.3 B1
120813  129 26.68 38-29.05  46-46.34   3.44        29  60 24.3 0.17  0.3  0.7 C1
120813  138 46.92 38-26.78  46-50.78  15.64        28  52 16.8 0.23  0.6  0.6 B1
120813  156 10.17 38-26.73  46-41.02  13.81        17 111 34.4 0.41  1.7  1.9 C1
120813  358 28.88 38-28.74  46-52.22   1.76        28  54 15.8 0.19  0.4  0.6 C1
120813  415 52.63 38-24.47  46-40.10  14.16        12 126 34.1 0.41  1.9  2.5 C1
120813  522 29.00 38-23.02  46-39.72  19.24        27 108 13.4 0.09  0.3  0.3 B1
120813  658 22.24 38-26.47  46-40.59  15.36        28  50  7.0 0.18  0.4  0.5 B1
120813  728 30.68 38-23.02  46-46.74  16.05        30  61 24.1 0.14  0.3  0.4 B1
120813  750 54.22 38-24.92  46-38.47   2.69        28  53 10.1 0.19  0.4  0.7 C1
120813  816 49.95 38-26.47  46-53.47   5.67        29  82 19.0 0.51  1.2  2.1 D1
120813 1028 13.87 38-25.71  46-41.37   8.67        30  52  8.6 0.17  0.4  0.5 B1
120813 1029 31.07 38-24.71  46-37.93   1.25        29  69 37.3 0.15  0.4  0.6 C1
120813 1045 44.37 38-27.61  46-36.79  16.87        18 112 40.7 0.35  1.2  1.6 C1
120813 1147 52.46 38-26.51  46-51.17   3.84        27  66 21.5 0.09  0.2  0.4 B1
120813 12 7 37.36 38-25.99  46-34.57   2.39        29  46 11.2 0.14  0.3  0.5 B1
120813 1245 58.00 38-26.99  46-44.14  17.52        28  61 30.5 0.41  1.0  1.2 C1
120813 1253 47.37 38-26.33  46-42.31  10.77        28  48 32.3 0.25  0.6  0.9 C1
120813 1331 40.61 38-23.84  46-51.34  15.26        29  51 18.5 0.16  0.4  0.4 B1
120813 1357  3.10 38-27.00  46-42.62   0.94        29  64 32.5 0.18  0.4  1.0 C1
120813 14 2 43.10 38-21.25  46-43.02  14.47        29  52 17.2 0.24  0.5  0.7 B1
120813 15 6 34.50 38-24.72  46-40.77   2.20        31  59 10.3 0.23  0.4  0.7 C1
120813 1532 15.90 38-26.48  46-46.44  13.88        28 109 11.6 0.23  0.6  0.7 B1
120813 1614 40.70 38-30.05  46-40.36  19.95        29  66 33.0 0.14  0.4  0.5 B1
120813 1631 48.89 38-24.81  46-41.01   1.40        28  80 10.1 0.24  0.5  0.7 C1
120813 17 8 41.82 38-26.82  46-40.76   2.97        29  40  6.4 0.21  0.4  0.8 B1
120813 1831 10.84 38-25.03  46-48.00   2.04        29  61 23.4 0.16  0.3  0.7 C1
120813 1840  5.73 38-26.27  46-40.18  16.90        29  53 35.1 0.38  1.0  1.2 C1
120813 1943 22.17 38-26.01  46-38.08  18.24        29  50 36.9 0.28  0.6  0.8 C1
120813 1955 52.88 38-21.64  46-42.52  28.52        29  52 16.3 0.18  0.4  0.4 B1
120813 2012 42.97 38-24.78  46-52.49   9.08        29  51 18.0 0.22  0.5  0.6 B1
120813 2022 37.67 38-23.50  46-59.80   3.38        29  54  9.1 0.22  0.5  0.6 B1
120813 2029 51.99 38-32.29  46-46.42   2.46        27  75 10.0 0.25  0.6  1.0 B1
120813 2044 57.35 38-22.96  46-49.31   6.48        28  47 20.5 0.21  0.6  0.9 C1
120813 2057  7.42 38-23.66  46-38.71   1.38        30  65 35.7 0.15  0.3  0.9 C1
120813 21 1 40.05 38-23.62  46-40.55   0.59        29  57 33.1 0.22  0.4  1.1 C1
120813 2110 31.60 38-29.78  46-46.45  12.22        28  53 30.6 0.23  0.6  0.8 C1
120813 2118 46.10 38-23.13  46-47.26  17.40        28  49 23.5 0.09  0.2  0.3 B1
120813 2125 25.23 38-27.06  46-47.65  18.08        28  53 26.2 0.20  0.5  0.7 B1
120813 2129  6.40 38-24.67  46-50.86  21.12        30  51 19.8 0.19  0.5  0.6 B1
120813 2133 29.95 38-26.95  46-40.90  16.06        30  41 32.6 0.22  0.5  0.5 C1
120813 2237  4.64 38-23.12  46-41.13  18.04        23  63 32.1 0.24  0.7  0.8 B1
120813 2322 37.16 38-25.89  46-44.65   8.36        29  97 10.4 0.15  0.3  0.4 B1
120813 2343 33.94 38-23.02  46-50.91  12.22        28  47 18.4 0.19  0.5  0.6 B1
120814  132 41.92 38-26.81  46-42.05   7.57        29  68  7.0 0.23  0.5  0.8 B1
120814  139 59.45 38-28.04  46-42.40  18.86        27  47 30.2 0.14  0.4  0.4 B1
120814  149 20.37 38-24.97  46-41.65  16.14        29  81 10.0 0.31  0.7  0.6 B1
120814  2 0 50.95 38-28.84  46-41.84   4.19        28  56  3.6 0.20  0.4  0.7 B1
120814  237  7.18 38-25.49  46-48.02  14.36        27  73 14.5 0.11  0.3  0.3 B1
120814  346 54.55 38-25.88  46-47.81  17.28        30  56 13.8 0.15  0.3  0.3 A1
120814  4 8 43.24 38-27.64  46-39.09   1.83        28  38 37.6 0.18  0.4  0.9 C1
120814  452 17.88 38-25.89  46-38.78  19.20        28  53  8.3 0.17  0.4  0.3 B1
120814  528 13.30 38-26.50  46-47.60  16.56        26 110 12.9 0.28  0.7  0.8 B1
120814  658 45.74 38-23.75  46-38.93  15.88        30  43 35.4 0.22  0.5  0.6 C1
120814  811 49.21 38-22.83  46-39.07  14.68        29  83 34.9 0.17  0.4  0.4 C1
120814 1028 44.28 38-25.50  46-42.50  11.88        31  49 31.5 0.28  0.7  1.0 C1
120814 1050 24.91 38-29.42  46-48.22  14.21        28  80 28.3 0.17  0.5  0.7 B1
120814 1117 14.10 38-23.39  46-39.44   2.35        31  44 12.7 0.15  0.3  0.5 C1
120814 1144 11.89 38-26.42  46-41.23   3.40        29  41 33.8 0.16  0.3  1.0 C1
120814 1242 55.62 38-24.94  46-40.74  19.23        29  50 33.5 0.25  0.6  0.6 B1
120814 1331  3.64 38-26.57  46-42.39  16.76        29  64 32.4 0.20  0.5  0.6 B1
120814 14 2 26.10 38-27.97  46-46.23  18.02        30  45 28.9 0.38  0.8  1.1 C1
120814 1548 20.30 38-26.58  46-38.78  14.21        20 101 37.3 0.43  1.3  1.9 C1
120814 16 7  9.02 38-22.86  46-51.76  12.85        27  86 17.2 0.11  0.3  0.4 B1
120814 1630 46.32 38-24.49  46-46.11  16.89        27  60 13.8 0.18  0.5  0.5 B1
120814 1636 24.99 38-24.15  46-42.29  17.46        24 108 30.9 0.31  0.9  1.1 C1
120814 17 5 18.40 38-26.06  46-38.49   5.96        27  57  8.1 0.20  0.4  0.7 B1
120814 17 9  9.91 38-25.46  46-42.46  15.90        28  54 31.5 0.30  0.7  1.0 C1
120814 1716 26.00 38-26.41  46-46.46   2.20        31  50 24.8 0.15  0.3  0.8 B1
120814 1853 41.40 38-24.56  46-38.99  13.81        30  64 35.7 0.25  0.6  0.8 C1
120814 2020 33.48 38-25.21  46-39.33  14.33        27  69 35.4 0.30  0.7  0.8 C1
120814 2129  4.49 38-26.09  46-52.94  16.24        26  71 19.0 0.12  0.3  0.4 B1
120814 2132 40.38 38-25.30  46-46.59  15.72        28  51 13.2 0.17  0.4  0.4 B1
120814 2210 17.65 38-25.72  46-40.38   2.00        30  58  8.4 0.13  0.3  0.4 B1
120814 2241 54.80 38-22.73  46-42.94  10.99        30  51 14.5 0.21  0.4  0.6 B1
120814 23 7 42.94 38-22.77  46-45.07   2.17        29  47 26.3 0.12  0.2  0.7 B1
120814 2333 31.09 38-24.27  46-46.98  19.81        29  45 24.6 0.13  0.3  0.4 B1
120814 2342  5.71 38-23.78  46-42.98  12.16        27  50 29.8 0.20  0.5  0.7 C1
120815  042 47.37 38-23.14  46-43.53  17.14        30  64 14.1 0.14  0.3  0.4 A1
120815  135 40.14 38-26.82  46-40.49  18.96        27  79  6.4 0.22  0.6  0.5 B1
120815  143 13.28 38-23.03  46-42.36  17.98        29  47 13.7 0.20  0.4  0.4 B1
120815  3 3 30.74 38-30.48  46-37.54  19.06        27  68  3.7 0.11  0.3  0.3 A1
120815  341 30.76 38-25.99  46-48.19  17.06        23 102 22.5 0.27  0.7  0.7 B1
120815  429 40.16 38-24.06  46-48.98  10.66        31  59 21.8 0.35  0.8  0.9 C1
120815  526 26.92 38-26.54  46-46.63   7.48        27  64 24.5 0.28  0.8  1.4 C1
120815  539 51.28 38-27.05  46-41.33  14.71        30  40 34.2 0.17  0.4  0.6 C1
120815  712 14.45 38-24.60  46-39.32   2.47        30  47 10.5 0.14  0.3  0.4 B1
120815  839 21.72 38-25.66  46-50.73   5.69        30  48 21.0 0.27  0.5  1.1 C1
120815  9 3 48.22 38-26.73  46-42.30  18.73        30  48  7.2 0.21  0.5  0.5 B1
120815  937 47.24 38-21.41  46-40.76   5.20        27  48 16.4 0.20  0.5  1.1 C1
120815 1127  5.94 38-20.68  46-47.56  18.02        27  86 22.0 0.15  0.4  0.4 B1
120815 1139 30.14 38-22.48  46-42.13  10.85        29  57 30.4 0.25  0.5  0.7 C1
120815 1352 42.57 38-25.58  46-39.41   7.51        29  53  8.7 0.13  0.3  0.6 B1
120815 1358 28.32 38-30.02  46-47.63   5.48        27  77 22.5 0.19  0.4  0.9 C1
120815 16 1 22.07 38-23.54  46-41.30   7.02        30  84 32.0 0.09  0.2  0.4 B1
120815 1749  5.00 38-23.99  46-39.74  16.35        29  51 34.4 0.41  1.1  1.3 C1
120815 18 0  1.26 38-26.49  46-38.28  17.25        29  48  7.4 0.36  0.8  0.7 B1
120815 1816 27.58 38-26.75  46-43.21  18.48        26  47 31.5 0.21  0.6  0.7 B1
120815 1838 44.02 38-25.05  46-39.88  17.05        27  50  9.6 0.22  0.6  0.5 B1
120815 1923 58.03 38-24.57  46-39.02  14.83        29  53 10.6 0.21  0.5  0.4 B1
120815 2027 44.44 38-26.12  46-40.97  19.70        29  53 34.0 0.14  0.3  0.4 B1
120815 2126 47.61 38-24.18  46-40.47  19.61        29  44 11.2 0.21  0.5  0.5 B1
120815 23 1 19.66 38-23.13  46-39.22   2.31        30  84 13.2 0.18  0.3  0.7 C1
120816  015 16.49 38-25.91  46-38.96  14.57        27 103 35.7 0.34  0.8  1.1 C1
120816  032 52.17 38-26.29  46-38.75  14.72        29  54 35.8 0.19  0.7  0.8 C1
120816  131 21.09 38-26.83  46-45.62  19.24        28  55 25.8 0.17  0.4  0.5 B1
120816  226 38.43 38-23.94  46-51.39   1.74        28  46 18.5 0.12  0.3  0.4 B1
120816  3 1 38.57 38-29.71  46-46.16  26.36        29  66 24.6 0.18  0.4  0.5 B1
120816  310 48.32 38-24.09  46-50.50  17.63        27  46 18.9 0.20  0.5  0.5 B1
120816  533 55.90 38-26.14  46-40.36   0.78        28  86 33.6 0.19  0.4  1.2 C1
120816  539 31.11 38-22.80  46-41.24  19.20        27  46 31.8 0.19  0.5  0.6 B1
120816  633 56.69 38-28.85  46-46.02   2.89        28  48 30.1 0.18  0.4  0.9 C1
120816  856 53.75 38-25.63  46-42.77   2.47        25  48  9.4 0.18  0.4  0.7 B1
120816  927 46.96 38-26.20  46-42.39  16.97        28  42 32.1 0.18  0.4  0.6 B1
120816 1128 37.04 38-26.55  46-43.41  10.03        29  51  8.4 0.18  0.4  0.4 B1
120816 1320 15.24 38-25.50  46-42.45   2.10        30  47 30.8 0.19  0.4  0.8 C1
120816 1356 30.46 38-24.51  46-43.70  13.84        29  44 11.8 0.18  0.4  0.4 B1
120816 1515 35.12 38-27.06  46-43.74  15.89        19  58 31.1 0.24  0.7  0.8 B1
120816 1531 10.43 38-22.69  46-41.71   2.48        29  46 14.2 0.20  0.4  0.8 C1
120816 1711 47.86 38-27.10  46-44.33  18.42        30  66  8.5 0.16  0.4  0.5 B1
120816 1714 13.45 38-26.36  46-43.52  14.67        30  48 30.8 0.54  1.5  2.1 D1
120816 1719 40.79 38-27.20  46-42.68  15.01        28  47 32.6 0.35  1.1  1.5 C1
120816 1734 59.77 38-25.57  46-43.26  14.85        31  43  9.8 0.25  0.5  0.6 B1
120816 2027 17.60 38-25.82  46-55.48   5.89        28  54 16.1 0.19  0.4  0.7 C1
120816 2150 59.83 38-25.87  46-44.51  14.80        31  43 29.1 0.15  0.4  0.5 B1
120816 2315  0.47 38-22.53  46-39.34   3.10        29  53 34.4 0.20  0.4  1.0 C1
120816 2359 14.40 38-24.83  46-39.51   2.21        29  42 10.0 0.13  0.3  0.5 B1
120817  031 16.86 38-30.23  46-50.11   2.11        27  65 14.6 0.12  0.3  0.6 B1
120817  213 53.14 38-23.77  46-46.29  19.80        29  49 15.0 0.14  0.3  0.3 A1
120817  319 24.14 38-26.17  46-45.94  19.28        28  85 11.4 0.14  0.3  0.4 A1
120817  334 20.28 38-27.00  46-41.93  16.99        30  53 31.1 0.18  0.4  0.5 B1
120817  448 15.56 38-24.80  46-41.43  11.63        32  50 32.5 0.45  1.0  1.5 C1
120817  452 29.48 38-26.18  46-46.39  17.67        30  52 11.9 0.31  0.7  0.8 B1
120817  528 37.87 38-22.73  46-51.25   6.07        30  50 17.8 0.11  0.3  0.4 B1
120817  535  6.82 38-23.87  46-47.54  13.36        29  51 23.6 0.16  0.3  0.4 B1
120817  8 9 51.15 38-24.47  46-52.75   7.56        19 101 17.4 0.35  0.9  1.5 C1
120817  819 48.10 38-27.17  46-48.84  18.35        29  46 13.9 0.16  0.4  0.4 B1
120817  918  0.02 38-25.51  46-38.88  16.46        34  50 36.4 0.53  1.3  1.5 D1
120817 1036 48.47 38-27.10  46-40.65  18.73        27  58  5.9 0.16  0.4  0.4 B1
120817 1119 11.96 38-26.67  46-42.30  19.75        28  53 32.6 0.18  0.5  0.6 B1
120817 12 9 50.43 38-26.31  46-39.24  17.70        29  47 35.1 0.23  0.6  0.7 B1
120817 13 4 44.30 38-25.71  46-52.13  21.00        29  51 19.4 0.20  0.5  0.6 B1
120817 1324 24.36 38-27.88  46-34.58   3.10        29  55  9.1 0.18  0.4  0.6 B1
120817 1434 36.80 38-25.84  46-38.29  16.30        29  49 36.6 0.21  0.5  0.7 C1
120817 1437 38.53 38-26.35  46-38.65  15.91        28  49  7.5 0.18  0.4  0.5 B1
120817 15 4  9.32 38-25.60  46-46.56   8.10        30  52 12.7 0.23  0.5  0.9 B1
120817 1613 14.91 38-26.99  46-46.49   2.24        28  53 24.5 0.16  0.3  0.9 C1
120817 1658 47.71 38-22.76  46-38.38  14.70        28  54 14.1 0.19  0.4  0.4 B1
120817 1757 46.86 38-21.76  46-54.65   1.63        29  61 12.5 0.18  0.4  0.6 C1
120817 1849 55.75 38-23.23  46-59.43   3.42        29  54  8.9 0.25  0.5  0.6 B1
120817 1934  8.48 38-28.70  46-37.53  17.39        23  74 40.5 0.35  1.0  1.2 C1
120817 20 5  0.10 38-26.89  46-39.71  19.48        28  40  6.2 0.23  0.6  0.4 B1
120817 2015 33.93 38-26.54  46-41.23  18.10        20  75 33.9 0.25  0.7  0.9 B1
120817 2136 15.80 38-24.42  46-42.65  18.82        27  93 11.4 0.23  0.6  0.6 B1
120817 2314  9.27 38-26.46  46-41.52  14.35        26  72 31.8 0.19  0.5  0.7 C1
120818  148 25.26 38-26.29  46-42.97  24.59        24  57  8.4 0.33  0.9  1.2 B1
120818  2 6 28.79 38-23.19  46-44.96  18.87        28  46 14.9 0.18  0.4  0.4 B1
120818  221 31.95 38-23.79  46-41.80   7.19        28  53 12.2 0.17  0.4  0.6 B1
120818  326 47.14 38-26.89  46-51.00  19.56        29  51 22.1 0.20  0.5  0.6 B1
120818  444 40.48 38-22.58  46-47.06  17.11        30  49 23.4 0.19  0.4  0.5 B1
120818  538  1.12 38-31.88  46-54.87  11.81        29  58 12.8 0.22  0.6  0.8 B1
120818  6 2 58.05 38-26.76  46-55.96  11.78        29  52 11.4 0.21  0.5  0.5 B1
120818  846 28.30 38-27.81  46-39.20  16.42        29  55  4.7 0.17  0.4  0.4 B1
120818  859  8.01 38-25.67  46-43.50  14.25        29  46 29.3 0.18  0.4  0.5 C1
120818 1121 28.93 38-25.66  46-39.29  18.54        28  53 35.3 0.32  0.8  0.9 C1
120818 1433 47.34 38-26.95  46-50.93  19.21        27  58 16.9 0.14  0.3  0.3 A1
120818 1556  5.90 38-24.37  46-52.19   6.45        29  62 17.9 0.24  0.5  0.8 C1
120818 1815 49.20 38-27.50  46-56.87   1.53        30  72  9.7 0.31  0.6  1.0 C1
120818 1910 11.80 38-26.47  46-38.71  15.29        31  68 37.3 0.20  0.5  0.6 C1
120818 1930 34.00 38-28.13  46-50.98   9.39        30  53 16.3 0.17  0.4  0.6 B1
120818 1939 46.69 38-24.63  46-39.26   2.04        30  51 35.4 0.16  0.3  0.6 C1
120818 2031 53.93 38-32.70  46-46.44  14.95        31  47 10.3 0.39  0.9  1.0 B1
120818 2041 51.51 38-26.59  46-42.42  10.45        30  48  7.6 0.25  0.5  0.7 B1
120818 21 8 39.54 38-25.09  46-39.66  17.55        26  70 35.1 0.22  0.6  0.7 C1
120818 21 9 40.71 38-28.00  46-38.42   9.35        28  56 35.9 0.27  0.6  1.1 C1
120818 2120 44.28 38-26.79  46-47.26  17.22        31  49 12.2 0.20  0.4  0.4 B1
120818 2129 15.50 38-26.36  46-38.97  14.45        28  48  7.4 0.35  0.8  0.8 B1
120818 2141 10.56 38-24.84  46-39.59  11.85        31  80 10.0 0.41  0.9  0.9 B1
120818 2211 10.16 38-24.92  46-38.47  13.41        27  54 10.1 0.19  0.5  0.5 B1
120818 2252 25.39 38-26.67  46-41.94  16.08        28  71  7.1 0.16  0.4  0.4 B1
120818 2314 43.88 38-25.15  46-51.06  14.30        30  58 18.5 0.21  0.5  0.5 B1
120818 2347 23.17 38-27.28  46-41.10  15.26        29  47  5.7 0.27  0.6  0.6 B1
120818 2354 42.55 38-25.90  46-49.11  14.39        30  46 15.4 0.17  0.4  0.4 B1
120819  0 4 53.68 38-26.79  46-39.34  14.71        28  51  6.5 0.31  0.7  0.7 B1
120819  037  6.99 38-25.53  46-42.77  19.23        28  43  9.6 0.33  0.9  0.6 B1
120819  055 17.08 38-30.31  46-42.43  18.48        28  66  3.4 0.19  0.4  0.5 B1
120819  112 37.88 38-27.31  46-41.25  14.56        29  40  5.7 0.33  0.7  0.9 B1
120819  129 34.39 38-26.39  46-38.52  14.07        29  67  7.5 0.34  0.8  0.8 B1
120819  158 30.78 38-21.57  46-38.61  14.17        17 105 35.1 0.68  2.4  2.3 D1
120819  223 12.05 38-25.66  46-38.73  14.78        32  63  8.7 0.31  0.6  0.6 B1
120819  226 30.14 38-25.23  46-39.26  13.81        28  59  9.3 0.23  0.5  0.5 B1
120819  329 48.47 38-25.36  46-37.78  12.68        30  40  9.6 0.20  0.5  0.5 B1
120819  347 58.88 38-29.11  46-50.70  13.50        28  53 15.6 0.26  0.6  0.7 B1
120819  439 27.89 38-26.14  46-47.52  22.57        29  64 13.2 0.16  0.4  0.5 B1
120819  510 15.75 38-27.92  46-47.51  19.34        28  69 27.3 0.17  0.4  0.5 B1
120819  818 27.62 38-26.24  46-37.89   1.76        30  48 37.1 0.16  0.3  0.8 C1
120819  825 19.92 38-25.97  46-39.18   2.59        28  50  8.0 0.19  0.4  0.8 B1
120819 1051 59.55 38-25.60  46-49.11   2.06        30  47 15.7 0.16  0.3  0.6 C1
120819 1341 51.02 38-27.82  46-40.40  18.18        30  47  4.5 0.19  0.4  0.4 B1
120819 1440 59.51 38-27.07  46-46.75  15.17        30  73 24.1 0.19  0.5  0.5 B1
120819 1532 29.24 38-21.10  46-48.81  13.57        31  63 20.3 0.31  0.6  0.8 C1
120819 2230 29.32 38-26.81  46-39.03  13.51        29  47 35.3 0.29  0.7  1.0 C1
120819 2327  2.24 38-26.14  46-38.66  13.76        27  41  7.9 0.25  0.6  0.7 B1
120820  1 4 22.61 38-28.98  46-40.46   5.79        31  54 37.0 0.14  0.3  0.7 B1
120820  124 12.62 38-25.69  46-42.20   0.33        30  53 31.1 0.16  0.3  0.7 C1
120820  145 10.31 38-26.72  46-40.80   1.57        28  48 32.8 0.26  0.5  1.3 C1
120820  2 4 58.74 38-23.87  46-41.31  15.36        29  44 11.9 0.16  0.3  0.4 B1
120820  4 9 59.58 38-26.16  46-40.73  18.76        29  49  7.6 0.14  0.3  0.4 A1
120820  6 6 14.51 38-25.83  46-39.85  19.57        29  49  8.2 0.25  0.6  0.5 B1
120820  659 31.71 38-23.05  46-47.38  14.05        19  94 17.0 0.19  0.5  0.8 B1
120820 10 6 32.58 38-26.76  46-51.36   7.85        29  85 17.6 0.17  0.4  0.7 C1
120820 1221  3.42 38-27.36  46-44.37  21.69        29  46  8.2 0.18  0.4  0.5 B1
120820 1453 29.52 38-26.17  46-39.07  19.84        29  62  7.7 0.18  0.4  0.4 B1
120820 1654 52.11 38-25.84  46-40.63  19.26        29  52  8.2 0.23  0.5  0.5 B1
120820 2032 50.41 38-26.48  46-48.54  18.54        29  78 14.1 0.13  0.3  0.3 A1
120820 2117 40.19 38-25.69  46-38.16   8.66        29  40 36.9 0.15  0.3  0.5 B1
120820 2124 17.42 38-26.96  46-52.64  16.23        27  55 19.3 0.28  0.7  1.0 B1
120820 2137 38.66 38-26.04  46-40.57   1.84        29  51 33.3 0.17  0.4  0.7 C1
120820 2220 12.33 38-25.56  46-39.06   1.57        29  55  8.8 0.21  0.4  0.7 B1
120821  331 54.67 38-26.67  46-40.18  16.51        29  64  6.6 0.36  0.8  0.7 B1
120821  523 58.84 38-27.06  46-44.93   1.70        28  51 29.6 0.11  0.2  0.6 B1
120821  838 50.46 38-23.48  46-34.83  14.08        30  78 14.7 0.24  0.5  0.6 B1
120821  915 12.13 38-28.98  46-45.40   4.01        28  45  8.1 0.14  0.3  0.6 B1
120821 1024 46.75 38-26.31  46-42.65   9.62        28  48  8.2 0.14  0.3  0.4 A1
120821 1743  2.29 38-24.73  46-42.28  20.39        29  45 10.7 0.35  0.8  0.8 B1
120822  424 53.61 38-26.03  46-41.30   4.23        27  41 33.5 0.18  0.5  0.9 C1
120822  950 22.66 38-26.34  46-39.46  17.99        29  54 36.2 0.33  0.8  1.0 C1
120822 10 8  9.49 38-27.50  46-50.98  26.56        29  77 17.9 0.11  0.3  0.3 A1
120822 1133 50.54 38-26.97  46-38.71  10.00        30  48  6.4 0.22  0.4  0.5 B1
120822 1445  2.43 38-25.69  46-38.94  14.73        29  50 35.7 0.16  0.4  0.4 C1
120822 1537 57.47 38-26.45  46-50.47  18.83        29  54 19.1 0.24  0.5  0.5 B1
120822 1555 46.74 38-26.48  46-47.57  18.38        26  52 23.2 0.12  0.3  0.3 B1
120822 1629 10.54 38-26.24  46-51.25  20.70        26  49 18.2 0.19  0.5  0.7 B1
120822 1832 35.32 38-25.13  46-38.29  14.24        29  65  9.8 0.21  0.5  0.4 B1
120822 2140 45.29 38-25.98  46-42.90   9.28        28  42  8.9 0.23  0.6  0.7 B1
120823  010 39.27 38-25.91  46-43.40  18.54        29  48  9.4 0.13  0.3  0.3 A1
120823  016 44.52 38-26.28  46-43.12   8.40        29  46 29.6 0.18  0.4  0.6 C1
120823  056 25.80 38-26.79  46-42.43   8.53        29  41  7.2 0.24  0.5  0.5 B1
120823  237 15.22 38-27.87  46-39.15  18.88        28  46  4.6 0.14  0.3  0.4 A1
120823  4 6 36.88 38-26.66  46-38.80  15.38        29  49 35.7 0.21  0.5  0.7 C1
120823  823 41.77 38-26.23  46-36.36   0.55        26  51 39.3 0.23  0.5  1.5 C1
120823 1214 46.26 38-26.08  46-38.61   2.94        31  40 37.2 0.41  0.8  1.8 C1
120823 1231 56.88 38-26.21  46-43.53   1.58        29  48 30.6 0.19  0.4  0.8 C1
120823 1452 19.19 38-26.40  46-38.73  15.91        30  40 37.2 0.14  0.3  0.4 B1
120823 1637 19.20 38-27.66  46-47.59   8.77        29  61 11.9 0.18  0.4  0.6 B1
120823 1718 11.97 38-24.06  46-37.73  15.51        30  53 11.9 0.26  0.6  0.7 B1
120823 2031 29.33 38-26.26  46-43.18  15.18        30  51  8.6 0.21  0.5  0.5 B1
120823 2256 32.90 38-27.01  46-38.30  19.61        28  55  6.5 0.15  0.4  0.3 A1
120824  514 47.23 38-24.99  46-37.43   2.13        29  53 10.5 0.25  0.5  0.9 C1
120824  738 39.40 38-29.37  47- 0.14  10.49        29  53  4.3 0.21  0.5  0.6 B1
120824  949 29.55 38-29.97  46-49.84  17.68        29  43 19.2 0.17  0.4  0.5 B1
120824 1044  3.48 38-26.26  46-53.24  19.77        29  49 15.4 0.17  0.4  0.4 B1
120824 1111 20.86 38-22.70  46-47.52   7.24        26  47 22.9 0.19  0.5  0.9 C1
120824 12 2 55.00 38-27.35  46-40.44  13.85        29  46  5.4 0.19  0.4  0.6 B1
120824 1214 53.52 38-26.39  46-42.94  19.25        29  48  8.2 0.14  0.3  0.4 A1
120824 1550 11.89 38-23.83  46-40.94   3.76        28  44 11.9 0.29  0.7  1.5 C1
120824 16 8 30.14 38-23.54  46-43.90  17.94        28  46 28.4 0.22  0.5  0.6 B1
120824 1637 38.17 38-32.44  47- 0.24   3.55        30  83  7.0 0.14  0.3  0.4 B1
120824 2142  7.14 38-25.48  46-39.87  10.03        29  41 34.5 0.26  0.6  0.9 C1
120824 2144  6.80 38-25.83  46-44.31  19.51        29  71 29.3 0.10  0.3  0.4 B1
120824 2243 36.16 38-27.62  46-42.45  22.87        30  58  6.0 0.15  0.3  0.4 B1
120824 2320 32.65 38-32.29  46-47.85   2.24        27  54 22.7 0.22  0.5  1.5 C1
120824 2357 20.13 38-26.64  46-36.84  14.47        29  38  8.2 0.21  0.5  0.7 B1
120825  0 9  4.27 38-27.22  46-41.86   1.83        29  65 33.6 0.17  0.4  0.6 C1
120825  058 55.23 38-25.55  46-46.78  15.71        30  43 25.9 0.28  0.9  1.3 B1
120825  255 50.26 38-27.04  46-38.27  20.66        29  66  6.5 0.16  0.4  0.4 B1
120825  6 9 46.11 38-25.53  46-41.49  17.72        28  56 32.2 0.30  0.7  0.8 C1
120825  733 34.79 38-27.48  46-34.57   3.19        28  51 41.6 0.55  1.4  2.9 D1
120825  746 20.87 38-26.33  46-52.74  13.79        29  54 19.6 0.23  0.6  0.7 B1
120825 1459 32.28 38-23.07  46-55.77   7.84        21  89 12.3 0.16  0.4  0.8 B1
120825 1714 24.76 38-26.87  46-39.07   3.38        28  54  6.4 0.38  0.8  1.2 C1
120825 1959 28.12 38-26.35  46-54.99  11.72        17 112 13.0 0.31  1.0  1.4 C1
120825 20 3 41.62 38-24.78  46-38.27  19.61        28  57 10.4 0.21  0.5  0.4 B1
120826  128 37.15 38-26.60  46-38.69  18.89        29  49  7.0 0.24  0.6  0.6 B1
120826  4 1 33.51 38-24.22  46-38.61  18.97        29  51 11.3 0.17  0.4  0.4 B1
120826  522 11.74 38-26.60  46-42.48  17.74        30  58 32.3 0.21  0.5  0.6 B1
120826  936 53.21 38-26.34  46-39.42  14.41        21  67  7.3 0.29  0.8  0.7 B1
120826  943 22.11 38-26.71  46-39.56  12.83        24  58 36.3 0.26  0.7  1.0 C1
120826 1115 28.03 38-26.12  46-40.59  17.86        26  53 34.5 0.14  0.4  0.5 B1
120826 1250 55.15 38-23.33  46-42.08  12.06        28  54 13.1 0.22  0.5  0.5 B1
120826 1252 35.26 38-26.27  46-38.15   4.71        30  51 37.9 0.18  0.4  0.9 C1
120826 13 5 19.61 38-25.96  46-38.08  11.56        28  70  8.4 0.18  0.4  0.4 B1
120826 13 8 35.87 38-26.22  46-39.31  14.74        26  74 35.0 0.26  0.8  1.1 C1
120826 1344 31.00 38-23.18  46-44.73   7.74        28  46 14.7 0.17  0.4  0.5 B1
120826 1426 50.02 38-20.98  46-41.85  12.13        27  49 17.3 0.18  0.4  0.4 B1
120826 1451  2.91 38-26.80  46-50.61  17.19        29  44 18.7 0.11  0.3  0.3 B1
120826 1815 32.05 38-25.14  46-51.56  11.95        26  51 19.5 0.22  0.6  0.7 B1
120826 1922  9.45 38-25.91  46-38.15   3.03        27  78 36.8 0.11  0.3  0.6 B1
120826 2012 37.64 38-25.92  46-39.99  14.33        30  48  8.0 0.25  0.5  0.7 B1
120826 2057  8.39 38-27.69  46-42.52   3.06        30  47  5.9 0.15  0.3  0.5 B1
120826 2248 14.24 38-28.70  46-39.52  13.10        28  47  3.0 0.21  0.5  0.6 B1
120827  246 27.84 38-25.10  46-38.77  19.13        30  41 36.2 0.17  0.4  0.4 B1
120827  5 8  6.72 38-26.96  46-34.83   0.72        27  65 41.3 0.15  0.3  0.8 B1
120827  630 55.89 38-24.71  46-41.84   1.60        30  58 31.9 0.15  0.3  0.9 C1
120827 11 1 13.34 38-24.03  46-41.26  19.28        30  51 11.6 0.23  0.5  0.5 B1
120827 1346 34.51 38-22.37  46-41.92  17.95        28  47 30.6 0.27  0.6  0.8 B1
120827 1510 34.84 38-23.81  46-50.35  16.58        30  46 19.1 0.20  0.5  0.5 B1
120827 1652 13.84 38-26.46  46-51.75  18.45        27  58 20.8 0.14  0.3  0.4 B1
120827 1755  8.94 38-23.47  46-48.62  18.12        29  85 17.6 0.13  0.3  0.3 A1
120827 21 3 26.94 38-23.82  46-40.45  12.55        28  53 33.3 0.12  0.3  0.4 B1
120827 2248 15.71 38-20.15  46-44.18   9.12        29  53 19.6 0.18  0.4  0.7 C1
120827 2356 30.76 38-25.53  46-53.09  10.72        28  83 18.2 0.31  1.0  1.2 C1
120828  028  1.63 38-23.39  46-41.71   3.30        30  52 31.4 0.43  0.9  1.7 C1
120828  155 35.93 38-24.54  46-42.24  11.22        30  50 31.2 0.14  0.4  0.6 B1
120828  221 14.36 38-25.91  46-35.41  19.53        26  52 40.7 0.33  0.9  0.9 C1
120828  333 22.87 38-23.62  46-39.95  13.95        29  46 33.9 0.23  0.5  0.6 C1
120828  341  7.75 38-24.47  46-46.74  21.90        31  52 14.4 0.19  0.4  0.7 B1
120828  354 51.15 38-25.86  46-37.69  19.08        30  48  8.8 0.13  0.3  0.3 A1
120828  413 21.86 38-22.81  46-47.27  13.48        31  47 17.3 0.18  0.4  0.4 B1
120828  438 46.59 38-23.87  46-46.20  18.87        29  70 25.4 0.19  0.4  0.5 B1
120828  511 25.29 38-26.57  46-44.59  22.59        27  66 29.6 0.17  0.4  0.8 B1
120828  535 42.74 38-23.37  46-39.27  18.20        32  52 34.8 0.26  0.6  0.6 B1
120828 1225 58.50 38-25.88  46-35.55   1.80        27  79 10.4 0.19  0.4  0.7 C1
120828 1434  6.65 38-24.23  46-43.27  11.42        30  49 12.0 0.15  0.4  0.5 B1
120828 1746 31.36 38-26.48  46-44.19  17.92        29  83  9.2 0.30  0.7  0.6 B1
120828 1758 51.92 38-24.63  46-38.62  17.84        24  70 10.6 0.32  0.9  0.9 B1
120828 1821 13.80 38-24.00  46-39.52  16.49        26  51 34.7 0.19  0.4  0.5 C1
120828 19 1 46.45 38-25.83  46-39.72  13.88        29  70  8.2 0.16  0.4  0.4 B1
120828 2032 12.08 38-24.94  46-39.12   2.98        28  65 35.8 0.17  0.4  0.7 C1
120829  027  5.10 38-25.69  46-36.09  19.64        29  68 10.2 0.20  0.5  0.4 B1
120829  1 1 26.30 38-26.44  46-51.14  31.60        26  49 18.2 0.15  0.4  0.4 A1
120829  856 38.76 38-30.21  46-41.09   3.77        31  46  1.5 0.20  0.4  0.4 B1
120829 1043 12.97 38-24.30  46-39.82  17.25        27  51 34.4 0.24  0.6  0.7 B1
120829 1146 27.40 38-25.38  46-38.86  14.22        24  75 36.4 0.31  0.9  1.5 C1
120829 1210 30.92 38-25.02  46-42.00  21.93        30  49 10.0 0.23  0.5  0.6 B1
120829 1332 44.34 38-24.59  46-50.79  22.67        28  62 18.8 0.16  0.4  0.4 B1
120829 1346 42.34 38-22.06  46-47.19  14.96        29  52 23.0 0.24  0.6  0.7 B1
120829 1830 50.28 38-23.39  46-39.07  19.15        30  52 35.1 0.14  0.4  0.3 B1
120830  342 46.40 38-27.09  46-38.44  17.94        28  54  6.3 0.17  0.4  0.3 B1
120830  625 50.44 38-26.26  46-42.21  10.00        29  52  8.0 0.20  0.5  0.5 B1
120830  630 42.80 38-27.37  46-52.22  13.45        28  63 16.2 0.20  0.5  0.6 B1
120830  645 56.48 38-25.90  46-41.41   6.92        28  71  8.3 0.12  0.3  0.4 B1
120830 1016 10.12 38-26.41  46-53.26  12.96        30  88 15.3 0.15  0.3  0.4 B1
120830 1133 16.79 38-26.99  46-40.50  18.94        29  48  6.1 0.14  0.3  0.3 A1
120830 21 3 18.36 38-29.80  46-34.22   7.71        27  46  8.6 0.20  0.6  0.8 B1
120830 2143 49.20 38-26.16  46-34.14  17.54        28  37 11.5 0.13  0.3  0.3 A1
120831  258 33.13 38-29.81  46-55.78  11.08        30  55 10.6 0.21  0.5  0.5 B1
120831  4 0 59.22 38-26.65  46-36.61  20.46        31  54  8.3 0.18  0.4  0.4 B1
120831  9 8 19.59 38-30.92  46-42.59  16.80        29  49  3.9 0.14  0.3  0.3 A1
120831 1114 26.32 38-22.80  46-43.31   9.48        29  51 28.8 0.22  0.6  0.9 C1
120831 1131 18.63 38-22.91  46-39.66  12.20        30  85 34.0 0.22  0.5  0.6 C1
120831 2016  0.20 38-22.44  46-45.98   0.01        29  51 24.9 0.17  0.4  0.6 C1
120831 2114 55.46 38-25.90  46-38.85   9.09        29  68  8.2 0.18  0.4  0.5 B1
120831 2241 14.35 38-23.70  46-41.99  25.16        28  45 12.4 0.17  0.4  0.5 B1
120831 2252 20.90 38-22.84  46-43.46  24.72        28  51 14.6 0.21  0.5  0.6 B1
120901  058 21.59 38-21.60  46-46.77   4.65        30  49 18.7 0.12  0.3  0.4 B1
120901  144 28.87 38-23.52  46-38.84   1.26        28  64 35.5 0.14  0.3  0.8 B1
120901  2 1 47.38 38-21.91  46-39.93   8.58        26  52 33.3 0.24  0.7  1.0 C1
120901  5 4  3.76 38-23.89  46-46.75  16.69        17  74 24.6 0.25  1.0  0.8 B1
120901  620 20.77 38-26.92  46-45.30  17.15        30  64 26.2 0.14  0.3  0.4 B1
120901  622 17.50 38-25.99  46-37.78  12.48        30  50  8.5 0.27  0.6  0.6 B1
120901  636 36.62 38-27.60  46-36.60  14.12        27  47 40.9 0.18  0.5  0.9 C1
120901  712 12.03 38-21.65  46-42.70  14.12        31  63 29.3 0.20  0.4  0.5 C1
120901 1321 57.68 38-23.67  46-42.50  18.65        26  45 12.7 0.21  0.5  0.6 B1
120901 1426  5.38 38-28.82  46-55.73  20.08        26  56 10.7 0.12  0.4  0.4 A1
120901 1638 47.22 38-19.18  46-56.14   9.28        30  51  9.3 0.15  0.3  0.4 B1
120901 1748 10.12 38-23.13  46-51.44  13.72        31  50 17.8 0.21  0.5  0.4 B1
120901 1751 48.28 38-22.58  46-43.21  15.97        29  55 28.9 0.19  0.4  0.6 B1
120901 1926 16.48 38-21.74  46-38.24   1.62        29  54 35.7 0.23  0.5  1.0 C1
120901 1937 58.43 38-23.28  46-46.72  17.28        27  65 24.3 0.14  0.4  0.4 B1
120901 1951 35.43 38-22.61  46-46.89  17.88        29  48 17.2 0.19  0.4  0.5 B1
120901 2059 34.23 38-22.64  46-47.38  17.18        19 105 23.0 0.22  0.7  0.7 B1
120901 2116 11.06 38-23.12  46-49.02  19.52        30  64 18.5 0.18  0.4  0.4 B1
120901 2217 44.74 38-25.19  46-43.50  17.22        30  49 10.6 0.18  0.4  0.4 B1
120902  133 44.92 38-18.61  46-55.61  10.27        27  68 10.1 0.14  0.3  0.5 A1
120902  253 47.48 38-24.17  46-51.13  15.38        30  83 19.1 0.21  0.5  0.6 B1
120902  411 26.18 38-25.71  46-46.31  18.92        28  43 25.3 0.17  0.4  0.4 B1
120902  850 11.57 38-25.64  46-46.60  14.66        17 117 26.2 0.26  0.9  1.1 B1
120902  9 3 16.83 38-24.45  46-46.97  16.73        29  48 14.7 0.23  0.5  0.5 B1
120902  924 34.88 38-27.18  46-43.09  28.17        29  41 32.0 0.14  0.4  0.4 B1
120902 1111 50.90 38-23.05  46-38.89  18.06        31  63 35.2 0.18  0.4  0.5 B1
120902 1344  3.74 38-23.56  46-41.18  16.23        31  51 12.5 0.23  0.5  0.5 B1
120902 1422 20.94 38-24.25  46-45.27  19.20        27  70 26.9 0.20  0.5  0.6 B1
120902 1536 24.43 38-21.88  46-46.34   8.29        29  64 17.9 0.20  0.4  0.7 C1
120902 2126 29.74 38-25.98  46-42.94  23.91        26  48  8.9 0.15  0.4  0.6 A1
120902 2316 42.47 38-13.29  46-43.05   4.96        29  62 30.3 0.30  0.6  1.1 C1
120903  443 10.26 38-26.55  46-38.56  15.19        28  48  7.2 0.24  0.5  0.6 B1
120903  558 15.03 38-23.21  46-42.98  23.68        28  51 13.7 0.12  0.3  0.3 A1
120903 1359 30.23 38-21.74  46-50.18  16.02        23  97 18.6 0.25  0.6  0.7 B1
120903 1419 25.04 38-20.15  46-48.35   7.28        27  84 20.7 0.20  0.4  0.7 C1
120903 1621 10.95 38-23.54  46-42.27  19.29        28  45 30.6 0.13  0.3  0.3 B1
120903 1629 59.06 38-23.29  46-51.66  19.02        31  83 17.6 0.18  0.4  0.5 B1
120903 1717 11.62 38-24.34  46-51.52  19.99        30  46 18.8 0.18  0.4  0.4 B1
120903 1717 34.50 38-25.09  46-51.33  17.65        28  65 18.9 0.19  0.5  0.6 B1
120903 2011 43.68 38-19.94  46-50.42   1.35        28  49 17.7 0.11  0.2  0.4 B1
120903 2223 46.37 38-22.61  46-38.01  15.70        29  52 36.3 0.13  0.4  0.5 B1
120903 2330 50.67 38-23.00  46-47.28   9.01        30  47 17.0 0.27  0.6  0.7 B1
120904 -159 57.43 38-21.60  46-47.32   2.54        29  50 22.6 0.11  0.2  0.5 B1
120904  021 16.31 38-23.49  46-46.35  24.25        30  49 15.5 0.15  0.3  0.3 A1
120904  042 55.92 38-32.16  46-46.80  15.44        28  65 24.2 0.21  0.6  0.7 B1
120904  050 38.50 38-22.52  46-46.63  17.39        29  75 17.2 0.23  0.5  0.6 B1
120904  2 8 31.14 38-23.90  46-37.93  17.85        30  51 12.1 0.20  0.4  0.5 B1
120904  2 9  3.93 38-24.13  46-39.42  18.73        28  63 34.9 0.21  0.6  0.7 B1
120904  313 48.69 38-24.01  46-41.98  19.32        28  50 31.3 0.14  0.3  0.4 B1
120904  420 28.84 38-23.48  46-41.21  19.17        27  51 12.6 0.19  0.4  0.5 B1
120904  543 57.19 38-23.99  46-43.13  19.21        29  53 29.7 0.15  0.4  0.4 B1
120904  816 12.72 38-23.13  46-46.81  18.79        29  49 16.4 0.19  0.5  0.4 B1
120904 1355 56.81 38-19.78  46-42.20   1.66        28  51 19.6 0.18  0.4  0.6 C1
120904 1421 11.24 38-22.81  46-42.61   1.22        28  49 29.8 0.13  0.3  0.9 B1
120904 1725 39.49 38-22.43  46-48.91  18.66        31  50 19.3 0.18  0.4  0.4 B1
120904 1752 32.88 38-22.04  46-47.76  15.50        28  48 18.8 0.23  0.5  0.6 B1
120904 1815  9.70 38-26.05  46-43.15  28.99        28  48 29.6 0.17  0.4  0.5 B1
120904 1833 30.93 38-23.05  46-47.89  16.84        29  47 22.5 0.16  0.4  0.5 B1
120904 1917 59.05 38-24.06  46-48.53  16.64        27  46 22.4 0.21  0.5  0.5 B1
120904 2242 57.91 38-19.18  47- 4.03   3.11        28  63  2.2 0.13  0.3  0.3 A1
120904 2353 44.94 38-19.59  46-46.83   2.08        28  52 22.9 0.16  0.3  0.9 C1
120905  128  5.57 38-26.10  46-47.14   9.07        28  75 12.8 0.17  0.4  0.4 B1
120905  3 2 42.31 38-26.16  46-39.15  14.10        28  64 49.3 0.18  0.4  0.6 C1
120905  933 45.99 38-24.40  46-42.25  14.58        26  80 31.1 0.35  0.9  1.1 C1
120905 1214  4.41 38-26.66  46-39.86  13.78        29  49  6.6 0.23  0.5  0.5 B1
120905 15 7 19.75 38-24.19  46-47.01  16.81        30  50 24.5 0.14  0.3  0.4 B1
120905 16 0  6.98 38-22.62  46-40.98  19.43        31  52 32.1 0.17  0.4  0.5 B1
120905 1714 36.91 38-22.21  46-51.43  15.31        31  56 17.2 0.24  0.5  0.5 B1
120905 1847 38.84 38-24.10  46-38.30  18.22        28  42 36.5 0.14  0.4  0.5 B1
120905 19 3 13.76 38-26.00  46-48.24  18.78        31  51 14.2 0.20  0.4  0.4 B1
120905 2126 42.06 38-22.51  46-47.86  18.05        30  48 22.3 0.18  0.4  0.4 B1
120905 2348 36.96 38-25.12  46-51.56   4.38        27  51 19.2 0.22  0.5  1.1 C1
120906  119 42.34 38-26.07  46-46.40  18.34        31  46 25.0 0.20  0.5  0.6 B1
120906  219 16.32 38-23.04  46-50.48  17.73        28  50 19.0 0.21  0.5  0.5 B1
120906  851 17.76 38-22.74  46-39.25  19.47        29  45 13.9 0.12  0.3  0.3 A1
120906 1038 31.19 38-23.43  46-49.26  13.96        30  47 18.4 0.23  0.5  0.6 B1
120906 2023 33.91 38-24.38  46-39.03  19.40        29  51 11.0 0.22  0.5  0.4 B1
120906 2033 21.85 38-23.22  46-52.07  19.55        30  53 17.0 0.11  0.2  0.2 A1
120906 22 2 27.35 38-21.42  46-51.32  17.32        28  61 16.9 0.15  0.4  0.4 B1
120906 22 7 25.57 38-22.98  46-41.02  18.63        26  47 32.1 0.18  0.5  0.6 B1
120906 2338  4.92 38-24.10  46-42.20  19.55        28  44 31.0 0.15  0.3  0.5 B1
120906 2356  4.02 38-22.11  46-46.66  14.14        28  48 23.8 0.16  0.4  0.4 B1
120907  235 38.29 38-26.95  47- 3.54   3.92        29  64  4.6 0.14  0.3  0.3 A1
120907  541 29.26 38-39.58  46-46.86   1.38        30  58 30.1 0.24  0.4  1.1 C1
120907 1246 24.39 38-22.95  46-42.93  18.14        30  64 29.4 0.27  0.6  0.8 B1
120907 1610 54.89 38-26.51  46-47.39  19.44        30  46 23.4 0.23  0.5  0.5 B1
120907 1649 54.30 38-23.96  46-39.21  14.82        28  53 35.1 0.21  0.6  0.8 C1
120907 1725 50.58 38-22.62  46-48.55  16.95        29  48 21.4 0.24  0.6  0.6 B1
120907 1748 16.90 38-11.50  46-51.44  14.93        28  56 21.4 0.15  0.3  0.4 B1
120907 1753 54.63 38-22.48  46-43.14  17.04        29  51 15.0 0.15  0.3  0.4 B1
120907 1917 21.34 38-27.21  46-47.43  18.91        29  62 12.1 0.14  0.3  0.3 A1
120907 1929 15.83 38-23.38  46-42.35  18.44        31  45 13.1 0.20  0.4  0.4 B1
120907 1949 29.65 38-20.13  46-48.73  10.94        28  56 20.2 0.19  0.5  0.7 B1
120907 20 0  7.02 38-23.05  46-48.26  14.95        30  47 22.0 0.20  0.5  0.6 B1
120907 2047 23.00 38-22.69  46-48.55  13.89        30  48 21.4 0.15  0.3  0.4 B1
120907 2133 48.75 38-22.17  46-39.51   1.45        28  55 34.0 0.20  0.4  1.0 C1
120907 2136 57.25 38-22.75  46-53.63  17.61        29  50 14.6 0.20  0.4  0.5 B1
120907 2337 52.80 38-22.04  46-50.74   0.37        28  79 18.0 0.25  0.5  0.9 C1
120908  053 37.17 38-27.31  46-44.61  19.02        29  64  8.5 0.18  0.5  0.5 B1
120908  112 30.14 38-22.63  46-46.33  13.88        27  47 16.8 0.24  0.5  0.7 B1
120908  231 18.66 38-24.78  46-51.93  23.73        30  48 18.3 0.13  0.3  0.4 A1
120908  416 15.60 38-23.31  46-39.66  14.93        29  44 12.8 0.18  0.4  0.5 B1
120908  446 49.49 38-21.95  46-38.76  18.38        29  46 35.0 0.17  0.5  0.7 B1
120908  652 30.91 38-23.09  46-41.96  15.06        28  51 30.9 0.20  0.5  0.7 C1
120908  830  3.94 38-23.57  46-46.50  13.30        28  58 15.5 0.18  0.4  0.4 B1
120908  938 37.71 38-19.18  46-47.55  10.26        29  52 21.8 0.30  0.7  0.8 C1
120908 14 1 12.26 38-22.24  46-38.76   1.69        30  47 14.9 0.23  0.4  0.8 C1
120908 2035 44.73 38-22.49  46-50.92  12.53        26  50 18.0 0.40  1.1  1.1 C1
120908 21 4 45.11 38-22.48  46-47.05  12.47        28  94 17.6 0.18  0.5  0.6 B1
120908 2124  6.48 38-27.23  46-41.17   3.12        28  50  5.8 0.18  0.4  0.5 B1
120909  450 28.05 38-22.97  46-43.00  13.81        30  46 14.1 0.26  0.6  0.6 B1
120909 10 8 20.58 38-23.95  46-51.03  16.54        28  53 19.0 0.28  0.7  0.7 B1
120909 1358 18.21 38-21.98  46-41.01  17.37        30  47 15.3 0.28  0.6  0.8 B1
120909 1740  1.55 38-23.18  46-40.78   1.18        28  45 13.1 0.19  0.4  0.8 C1
120909 2025 44.60 38-22.94  46-38.63  16.96        29  52 13.7 0.27  0.6  0.6 B1
120909 22 7  0.06 38-26.63  46-39.55  19.26        29  49  6.7 0.18  0.4  0.4 B1
120909 22 7 57.75 38-23.92  46-39.53   8.41        30  55 34.7 0.19  0.4  0.7 C1
120909 2250 38.81 38-20.45  46-52.65   7.62        27  51 14.6 0.20  0.5  0.7 B1
120910  147  2.89 38-26.79  46-42.97  16.12        27  58 31.8 0.15  0.4  0.4 B1
120910  2 2 13.00 38-24.26  46-49.43  17.97        27  59 17.5 0.23  0.6  0.7 B1
120910  855 50.18 38-23.47  46-42.20  14.53        15 125 30.7 0.29  1.4  1.9 C1
120910 1328 35.57 38-12.97  46-44.19  14.95        28  61 29.0 0.24  0.6  0.6 B1
120910 1725 44.44 38-23.40  46-38.34   2.30        26  43 12.9 0.23  0.5  0.9 C1
120910 1932 18.12 38-29.69  46-46.61  23.47        28  71 30.4 0.14  0.3  0.5 B1
120911  0 9 48.63 38-23.93  46-32.26  18.91        28  57 38.5 0.20  0.5  0.7 C1
120911  323 33.19 38-22.93  46-46.60  16.30        30  76 16.5 0.21  0.4  0.4 B1
120911  325 33.29 38-24.10  46-38.81  15.88        30  43 11.5 0.18  0.4  0.5 B1
120911 1030 33.65 38-24.60  46-38.12  19.44        25  53 37.0 0.47  1.1  1.3 C1
120911 1630 16.25 38-20.36  46-48.22   0.29        30  50 21.0 0.19  0.4  0.6 C1
120911 1738 52.62 38-19.78  46-55.34   1.74        27  46 10.5 0.22  0.5  0.8 C1
120911 2141 12.64 38-21.09  46-54.72  11.85        28  46 12.0 0.24  0.5  0.6 B1
120911 2248 26.32 38-26.19  46-42.41  19.93        29  67  8.2 0.22  0.5  0.6 B1
120912  915 43.65 38-21.47  46-39.32   2.55        27  58 16.3 0.11  0.2  0.4 B1
120912 10 3 30.14 38-23.08  46-39.45   2.31        28  48 13.3 0.17  0.4  0.7 C1
120912 1244 25.72 38-23.29  46-41.31  18.90        29  45 13.0 0.14  0.3  0.3 A1
120912 1259 25.16 38-23.36  46-40.42  13.69        25  51 12.7 0.19  0.5  0.8 B1
120912 2033 52.60 38-22.82  46-38.15  13.87        29  53 36.2 0.16  0.4  0.4 C1
120912 2041 41.65 38-26.85  46-32.33  11.04        32  35 12.9 0.19  0.4  0.5 B1
120912 2246  4.25 38-23.63  46-39.05   1.67        27  87 35.2 0.21  0.5  1.2 C1
120912 2311 17.49 38-23.38  46-42.32  18.73        31  53 13.1 0.14  0.3  0.3 A1
120913  019 48.10 38-25.90  46-40.01  15.43        30  49  8.0 0.16  0.3  0.3 B1
120913  151 45.92 38-22.73  46-38.92  14.09        30  63 35.0 0.17  0.4  0.5 C1
120913  427 37.56 38-24.72  46-50.54  19.78        30  46 20.2 0.17  0.4  0.4 B1
120913 1212 13.11 38-25.39  46-52.45  17.88        29  49 18.7 0.25  0.7  0.6 B1
120913 1415 49.18 38-23.60  46-42.30  19.51        27  59 30.6 0.13  0.3  0.4 B1
120913 1451 28.79 38-22.60  46-37.89   1.19        30  44 36.5 0.19  0.4  0.8 C1
120913 1648  9.92 38-20.05  46-51.42   7.41        27  49 16.3 0.15  0.4  0.5 C1
120913 1742 24.51 38-22.44  46-46.22  17.69        27  48 17.0 0.14  0.4  0.5 A1
120913 1819 28.32 38-24.04  46-38.86  12.67        29  82 11.6 0.24  0.5  0.7 B1
120913 19 5 15.43 38-21.54  46-47.66  10.40        28  49 19.5 0.17  0.4  0.6 B1
120913 1945 20.41 38-23.27  46-41.78  17.39        20 111 31.2 0.22  0.6  0.9 B1
120913 2230  4.20 38-23.23  46-52.20  16.55        30  62 16.9 0.20  0.5  0.4 B1
120913 2257 56.29 38-23.98  46-38.94  14.49        29  45 11.7 0.18  0.4  0.4 B1
120913 2356 12.79 38-23.01  46-43.77  27.81        28  55 28.3 0.12  0.3  0.4 B1
120914  042 36.76 38-23.25  46-49.72  16.65        30  83 19.1 0.12  0.3  0.3 B1
120914  219 38.10 38-24.12  46-39.40  11.45        27  82 34.9 0.43  1.2  1.8 C1
120914 1321  2.09 38-20.99  46-46.81   9.89        27  51 23.2 0.27  0.8  1.2 C1
120914 1432 33.31 38-25.92  46-36.85  18.79        28  64  9.3 0.19  0.4  0.5 B1
120914 1641  5.03 38-23.08  46-47.90  13.45        29  50 17.5 0.20  0.4  0.6 B1
120915 11 1 17.42 38-22.55  46-47.03  18.61        29  53 23.5 0.24  0.6  0.6 B1
120915 1919 21.03 38-24.58  46-48.34  17.43        28  47 15.9 0.19  0.5  0.6 B1
120915 2028 29.15 38-22.47  46-47.59  10.69        28  49 18.1 0.26  0.6  1.1 B1
120915 2117 11.12 38-22.14  46-51.20  17.97        28  47 17.4 0.19  0.4  0.4 B1
120916  1 1 34.05 38-23.22  46-34.65   2.97        29  41 15.2 0.36  0.7  1.2 C1
120916 1712 51.33 38-24.11  46-51.55  18.56        27  50 18.5 0.17  0.4  0.4 B1
120916 18 6 51.03 38-19.53  46-42.16   0.97        28  55 20.1 0.11  0.2  0.4 B1
120916 1948  9.65 38-19.58  46-47.10  12.52        28  70 22.5 0.17  0.4  0.5 B1
120916 2259  3.73 38-22.71  46-43.58  18.31        28  51 14.8 0.12  0.3  0.3 A1
