                        ORT     Lon     Lat     Dep     Mag  Nus  NuP  NuS  ADS     MDS  GAP     RMS     ERH     ERZ
2012-08-11T12:23:15.320000Z  46.806  38.417   1.920   6.500   27  NaN  NaN  NaN  23.400   44   0.390   1.000   2.400
2012-08-11T12:28:46.350000Z  46.783  38.431  21.740   3.500   28  NaN  NaN  NaN  12.900   50   0.130   0.300   0.300
2012-08-11T12:49:15.780000Z  46.691  38.386  11.100   4.600   21  NaN  NaN  NaN  31.600   83   0.390   1.300   2.000
2012-08-11T13:14:05.570000Z  46.670  38.384   6.560   4.400   26  NaN  NaN  NaN  33.300   84   0.400   1.100   2.100
2012-08-11T13:23:15.090000Z  46.728  38.492   8.650   3.700   28  NaN  NaN  NaN  28.200   54   0.170   0.400   0.600
2012-08-11T13:42:11.760000Z  46.676  38.404  10.890   4.000   25  NaN  NaN  NaN  33.400   81   0.470   1.700   2.300
2012-08-11T14:14:53.780000Z  46.706  38.499  26.280   2.800   28  NaN  NaN  NaN   3.300   55   0.180   0.400   0.600
2012-08-11T14:25:15.480000Z  46.676  38.431  10.120   4.300   16  NaN  NaN  NaN  34.400  110   0.260   0.900   2.200
2012-08-11T14:55:57.300000Z  46.741  38.429   6.200   3.100   27  NaN  NaN  NaN  10.500   43   0.180   0.400   0.600
2012-08-11T15:21:14.780000Z  46.783  38.429  13.320   4.700   29  NaN  NaN  NaN  25.700  110   0.680   1.800   1.900
2012-08-11T16:00:50.460000Z  46.785  38.409  13.520   4.000   28  NaN  NaN  NaN  24.600   78   0.400   1.000   1.200
2012-08-11T16:15:04.140000Z  46.666  38.425  14.910   2.700   28  NaN  NaN  NaN  34.300   50   0.200   0.500   0.600
2012-08-11T16:21:53.150000Z  46.664  38.422  14.430   4.100   12  NaN  NaN  NaN  35.000  109   0.400   2.400   3.100
2012-08-11T16:34:32.640000Z  46.659  38.441  13.530   3.300   30  NaN  NaN  NaN   7.000   40   0.280   0.600   0.900
2012-08-11T17:37:58.540000Z  46.871  38.399  21.670   2.100   29  NaN  NaN  NaN  17.400   75   0.190   0.500   0.400
2012-08-11T17:45:44.510000Z  46.789  38.406   8.000   2.500   30  NaN  NaN  NaN  15.200   45   0.250   0.500   0.800
2012-08-11T17:49:25.510000Z  46.826  38.437  14.040   2.600   31  NaN  NaN  NaN  23.000   45   0.230   0.700   0.900
2012-08-11T17:58:33.310000Z  46.797  38.379   7.600   4.100   29  NaN  NaN  NaN  17.900   80   0.260   0.500   0.900
2012-08-11T18:13:03.180000Z  46.648  38.385   2.730   3.000   26  NaN  NaN  NaN  13.400   59   0.180   0.400   0.700
2012-08-11T18:21:44.700000Z  46.710  38.440  18.980   2.600   31  NaN  NaN  NaN  30.200   55   0.200   0.400   0.600
2012-08-11T19:12:04.750000Z  46.797  38.432  18.770   2.900   30  NaN  NaN  NaN  24.900   52   0.280   0.600   0.800
2012-08-11T19:29:29.480000Z  46.794  38.439  26.320   2.600   27  NaN  NaN  NaN  23.100   67   0.120   0.300   0.400
2012-08-11T19:30:45.230000Z  46.923  38.432  21.500   2.700   30  NaN  NaN  NaN  16.400   57   0.220   0.500   0.700
2012-08-11T19:40:17.320000Z  46.804  38.434  20.220   2.600   28  NaN  NaN  NaN  14.200   74   0.190   0.500   0.400
2012-08-11T20:10:30.250000Z  46.766  38.431  14.000   3.400   25  NaN  NaN  NaN  11.800   76   0.280   0.700   0.700
2012-08-11T20:29:18.380000Z  46.851  38.385   0.470   2.600   28  NaN  NaN  NaN  18.300   47   0.190   0.400   0.700
2012-08-11T20:37:27.610000Z  46.798  38.462  19.630   2.300   27  NaN  NaN  NaN  26.700   44   0.100   0.300   0.400
2012-08-11T20:45:46.650000Z  46.684  38.411  11.710   2.900   29  NaN  NaN  NaN  10.400   50   0.430   1.000   1.100
2012-08-11T21:13:21.450000Z  46.670  38.441  10.000   2.400   30  NaN  NaN  NaN   7.000   41   0.170   0.400   0.600
2012-08-11T21:18:35.130000Z  46.719  38.440  18.400   2.600   28  NaN  NaN  NaN  31.300   52   0.250   0.600   0.800
2012-08-11T21:21:14.120000Z  46.799  38.451  17.250   2.700   28  NaN  NaN  NaN  12.900   53   0.240   0.600   0.600
2012-08-11T21:33:50.850000Z  46.853  38.452  18.320   3.100   29  NaN  NaN  NaN  17.200   97   0.280   0.700   0.600
2012-08-11T22:04:32.420000Z  46.705  38.410  14.110   3.700   29  NaN  NaN  NaN  31.200   52   0.350   0.900   1.300
2012-08-11T22:12:46.960000Z  46.748  38.411  16.250   3.300   30  NaN  NaN  NaN  27.700   44   0.310   0.700   0.700
2012-08-11T23:40:52.890000Z  46.800  38.477  14.550   2.200   26  NaN  NaN  NaN  11.900   61   0.110   0.300   0.300
2012-08-11T23:58:13.660000Z  46.710  38.457  11.180   3.400   20  NaN  NaN  NaN  32.900   71   0.230   0.700   1.200
2012-08-12T00:10:52.880000Z  46.704  38.391   5.560   2.500   26  NaN  NaN  NaN  30.600   51   0.170   0.400   0.700
2012-08-12T00:15:22.960000Z  46.761  38.439  15.740   3.100   26  NaN  NaN  NaN  25.900   67   0.200   0.500   0.500
2012-08-12T00:34:16.610000Z  46.769  38.428  17.910   3.800   18  NaN  NaN  NaN  12.200  113   0.350   1.300   0.900
2012-08-12T00:41:26.640000Z  46.740  38.483  19.950   2.700   27  NaN  NaN  NaN   6.700   50   0.190   0.500   0.400
2012-08-12T01:35:50.430000Z  46.745  38.433   6.530   2.200   29  NaN  NaN  NaN  27.400   89   0.120   0.300   0.500
2012-08-12T02:24:43.210000Z  46.793  38.436   9.240   3.700   22  NaN  NaN  NaN  25.400  117   0.440   1.600   2.400
2012-08-12T02:32:17.430000Z  46.696  38.385  18.200   1.700   30  NaN  NaN  NaN  13.500   46   0.120   0.300   0.300
2012-08-12T03:28:00.150000Z  46.753  38.484   0.640   2.400   31  NaN  NaN  NaN  31.300   87   0.180   0.300   0.800
2012-08-12T04:10:44.550000Z  46.871  38.403  25.980   2.500   29  NaN  NaN  NaN  17.600   60   0.200   0.500   0.500
2012-08-12T04:35:39.610000Z  46.733  38.496  13.550   2.600   30  NaN  NaN  NaN   5.700   61   0.210   0.500   0.600
2012-08-12T04:40:40.810000Z  46.748  38.439   6.790   2.900   31  NaN  NaN  NaN  27.100   87   0.190   0.400   0.800
2012-08-12T05:13:20.840000Z  46.843  38.481   3.610   2.300   27  NaN  NaN  NaN  15.400   86   0.260   0.600   1.600
2012-08-12T05:17:53.770000Z  46.921  38.314  30.250   2.200   30  NaN  NaN  NaN  10.600   52   0.140   0.300   0.400
2012-08-12T05:37:56.100000Z  46.790  38.437   8.670   2.200   31  NaN  NaN  NaN  12.900   74   0.220   0.500   0.600
2012-08-12T06:03:58.000000Z  46.774  38.459   7.470   2.600   27  NaN  NaN  NaN  10.500   60   0.110   0.300   0.600
2012-08-12T06:17:50.150000Z  46.845  38.428   8.450   2.600   29  NaN  NaN  NaN  17.600   63   0.220   0.600   0.800
2012-08-12T06:29:57.350000Z  46.732  38.347  28.730   1.700   30  NaN  NaN  NaN  18.300   61   0.220   0.600   0.600
2012-08-12T06:40:44.870000Z  46.646  38.388   6.910   4.100   28  NaN  NaN  NaN  35.500   52   0.520   1.300   2.500
2012-08-12T07:22:55.680000Z  46.785  38.435  18.430   3.000   29  NaN  NaN  NaN  25.900   54   0.160   0.400   0.600
2012-08-12T07:26:53.280000Z  46.710  38.456  14.590   2.300   27  NaN  NaN  NaN   6.500   92   0.300   0.900   0.900
2012-08-12T07:29:28.920000Z  46.878  38.397  21.780   2.300   29  NaN  NaN  NaN  16.800   56   0.120   0.300   0.400
2012-08-12T07:33:03.240000Z  46.695  38.420   9.840   2.400   30  NaN  NaN  NaN  32.000   47   0.330   0.800   1.300
2012-08-12T07:36:35.840000Z  46.786  38.431  15.840   2.700   27  NaN  NaN  NaN  13.100   55   0.190   0.500   0.500
2012-08-12T08:01:20.230000Z  46.805  38.417  19.340   2.900   29  NaN  NaN  NaN  15.300   59   0.260   0.600   0.600
2012-08-12T08:03:43.940000Z  46.751  38.444  16.530   2.100   28  NaN  NaN  NaN   9.900   53   0.210   0.500   0.500
2012-08-12T10:15:33.650000Z  46.750  38.432  18.760   3.300   29  NaN  NaN  NaN  10.800   66   0.270   0.600   0.600
2012-08-12T10:29:28.060000Z  46.632  38.395   8.210   2.000   28  NaN  NaN  NaN  12.500   56   0.130   0.300   0.500
2012-08-12T11:21:16.360000Z  46.719  38.439  17.880   2.200   27  NaN  NaN  NaN  31.200   66   0.110   0.300   0.300
2012-08-12T11:51:31.760000Z  46.791  38.392  14.200   3.300   29  NaN  NaN  NaN  16.500   50   0.230   0.500   0.600
2012-08-12T14:19:09.000000Z  46.791  38.432  17.280   3.100   30  NaN  NaN  NaN  23.500   43   0.250   0.600   0.600
2012-08-12T15:15:10.270000Z  46.841  38.439  14.330   2.100   27  NaN  NaN  NaN  16.700   67   0.200   0.500   0.500
2012-08-12T15:59:25.520000Z  46.798  38.441  14.130   2.500   26  NaN  NaN  NaN  13.300   62   0.190   0.500   0.500
2012-08-12T17:18:30.790000Z  46.743  38.456  17.000   2.100   26  NaN  NaN  NaN   8.400   55   0.170   0.400   0.500
2012-08-12T18:44:22.210000Z  46.852  38.415  16.730   2.100   28  NaN  NaN  NaN  18.900   48   0.160   0.400   0.400
2012-08-12T18:46:40.310000Z  46.834  38.399  13.790   2.000   29  NaN  NaN  NaN  18.600   46   0.280   0.600   0.700
2012-08-12T19:28:04.710000Z  46.801  38.448  19.340   1.700   28  NaN  NaN  NaN  13.200   52   0.310   0.800   0.700
2012-08-12T19:29:56.680000Z  46.790  38.426  19.450   2.100   29  NaN  NaN  NaN  13.700   52   0.220   0.500   0.500
2012-08-12T20:04:31.170000Z  46.773  38.488  17.310   1.800   30  NaN  NaN  NaN   9.300   60   0.160   0.400   0.400
2012-08-12T20:09:35.720000Z  46.876  38.424  16.150   2.200   30  NaN  NaN  NaN  17.000   51   0.230   0.500   0.500
2012-08-12T20:11:02.440000Z  46.689  38.440  11.490   1.900   30  NaN  NaN  NaN   7.300   71   0.270   0.600   0.600
2012-08-12T21:26:31.930000Z  46.673  38.381   7.950   2.200   30  NaN  NaN  NaN  13.600   55   0.170   0.400   0.500
2012-08-12T21:33:17.950000Z  46.795  38.449   5.110   3.100   28  NaN  NaN  NaN  12.700   43   0.230   0.500   0.900
2012-08-12T22:01:16.050000Z  46.716  38.456  13.920   2.400   29  NaN  NaN  NaN   6.800   49   0.230   0.600   0.600
2012-08-12T22:05:43.180000Z  46.793  38.440  15.290   2.200   29  NaN  NaN  NaN  13.000   52   0.270   0.700   0.700
2012-08-12T22:45:49.380000Z  46.713  38.444  14.720   1.900   30  NaN  NaN  NaN   7.700   72   0.270   0.600   0.600
2012-08-12T22:57:07.730000Z  46.913  38.496  18.020   2.800   31  NaN  NaN  NaN  12.000   52   0.240   0.600   0.600
2012-08-12T23:02:03.990000Z  46.843  38.385  18.940   2.700   28  NaN  NaN  NaN  18.900   61   0.320   0.700   0.700
2012-08-12T23:16:13.240000Z  46.678  38.383   9.220   1.800   29  NaN  NaN  NaN  13.400   45   0.220   0.500   0.600
2012-08-12T23:58:41.700000Z  46.901  38.458  14.790   1.900   30  NaN  NaN  NaN  19.900   56   0.200   0.500   0.500
2012-08-13T00:07:54.230000Z  46.675  38.417  17.920   2.400   28  NaN  NaN  NaN   9.700   42   0.190   0.400   0.500
2012-08-13T00:18:02.820000Z  46.893  38.438   8.880   3.200   29  NaN  NaN  NaN  18.600   58   0.270   0.700   1.200
2012-08-13T00:22:08.700000Z  46.700  38.423  18.840   3.200   28  NaN  NaN  NaN   9.400   56   0.280   0.600   0.500
2012-08-13T01:02:22.730000Z  46.794  38.443  19.060   1.500   30  NaN  NaN  NaN  12.900   48   0.160   0.400   0.300
2012-08-13T01:29:26.680000Z  46.772  38.484   3.440   2.400   29  NaN  NaN  NaN  24.300   60   0.170   0.300   0.700
2012-08-13T01:38:46.920000Z  46.846  38.446  15.640   1.500   28  NaN  NaN  NaN  16.800   52   0.230   0.600   0.600
2012-08-13T01:56:10.170000Z  46.684  38.446  13.810   4.700   17  NaN  NaN  NaN  34.400  111   0.410   1.700   1.900
2012-08-13T03:58:28.880000Z  46.870  38.479   1.760   2.900   28  NaN  NaN  NaN  15.800   54   0.190   0.400   0.600
2012-08-13T04:15:52.630000Z  46.668  38.408  14.160   3.700   12  NaN  NaN  NaN  34.100  126   0.410   1.900   2.500
2012-08-13T05:22:29.000000Z  46.662  38.384  19.240   2.600   27  NaN  NaN  NaN  13.400  108   0.090   0.300   0.300
2012-08-13T06:58:22.240000Z  46.677  38.441  15.360   3.200   28  NaN  NaN  NaN   7.000   50   0.180   0.400   0.500
2012-08-13T07:28:30.680000Z  46.779  38.384  16.050   3.200   30  NaN  NaN  NaN  24.100   61   0.140   0.300   0.400
2012-08-13T07:50:54.220000Z  46.641  38.415   2.690   2.200   28  NaN  NaN  NaN  10.100   53   0.190   0.400   0.700
2012-08-13T08:16:49.950000Z  46.891  38.441   5.670   4.000   29  NaN  NaN  NaN  19.000   82   0.510   1.200   2.100
2012-08-13T10:28:13.870000Z  46.690  38.428   8.670   1.900   30  NaN  NaN  NaN   8.600   52   0.170   0.400   0.500
2012-08-13T10:29:31.070000Z  46.632  38.412   1.250   2.200   29  NaN  NaN  NaN  37.300   69   0.150   0.400   0.600
2012-08-13T10:45:44.370000Z  46.613  38.460  16.870   4.200   18  NaN  NaN  NaN  40.700  112   0.350   1.200   1.600
2012-08-13T11:47:52.460000Z  46.853  38.442   3.840   1.800   27  NaN  NaN  NaN  21.500   66   0.090   0.200   0.400
2012-08-13T12:07:37.360000Z  46.576  38.433   2.390   2.100   29  NaN  NaN  NaN  11.200   46   0.140   0.300   0.500
2012-08-13T12:45:58.000000Z  46.736  38.450  17.520   3.900   28  NaN  NaN  NaN  30.500   61   0.410   1.000   1.200
2012-08-13T12:53:47.370000Z  46.705  38.439  10.770   3.200   28  NaN  NaN  NaN  32.300   48   0.250   0.600   0.900
2012-08-13T13:31:40.610000Z  46.856  38.397  15.260   1.500   29  NaN  NaN  NaN  18.500   51   0.160   0.400   0.400
2012-08-13T13:57:03.100000Z  46.710  38.450   0.940   1.800   29  NaN  NaN  NaN  32.500   64   0.180   0.400   1.000
2012-08-13T14:02:43.100000Z  46.717  38.354  14.470   1.500   29  NaN  NaN  NaN  17.200   52   0.240   0.500   0.700
2012-08-13T15:06:34.500000Z  46.679  38.412   2.200   2.700   31  NaN  NaN  NaN  10.300   59   0.230   0.400   0.700
2012-08-13T15:32:15.900000Z  46.774  38.441  13.880   2.200   28  NaN  NaN  NaN  11.600  109   0.230   0.600   0.700
2012-08-13T16:14:40.700000Z  46.673  38.501  19.950   2.600   29  NaN  NaN  NaN  33.000   66   0.140   0.400   0.500
2012-08-13T16:31:48.890000Z  46.684  38.413   1.400   1.600   28  NaN  NaN  NaN  10.100   80   0.240   0.500   0.700
2012-08-13T17:08:41.820000Z  46.679  38.447   2.970   2.800   29  NaN  NaN  NaN   6.400   40   0.210   0.400   0.800
2012-08-13T18:31:10.840000Z  46.800  38.417   2.040   1.900   29  NaN  NaN  NaN  23.400   61   0.160   0.300   0.700
2012-08-13T18:40:05.730000Z  46.670  38.438  16.900   3.400   29  NaN  NaN  NaN  35.100   53   0.380   1.000   1.200
2012-08-13T19:43:22.170000Z  46.635  38.434  18.240   3.300   29  NaN  NaN  NaN  36.900   50   0.280   0.600   0.800
2012-08-13T19:55:52.880000Z  46.709  38.361  28.520   1.800   29  NaN  NaN  NaN  16.300   52   0.180   0.400   0.400
2012-08-13T20:12:42.970000Z  46.875  38.413   9.080   2.800   29  NaN  NaN  NaN  18.000   51   0.220   0.500   0.600
2012-08-13T20:22:37.670000Z  46.997  38.392   3.380   1.500   29  NaN  NaN  NaN   9.100   54   0.220   0.500   0.600
2012-08-13T20:29:51.990000Z  46.774  38.538   2.460   1.800   27  NaN  NaN  NaN  10.000   75   0.250   0.600   1.000
2012-08-13T20:44:57.350000Z  46.822  38.383   6.480   1.600   28  NaN  NaN  NaN  20.500   47   0.210   0.600   0.900
2012-08-13T20:57:07.420000Z  46.645  38.394   1.380   1.500   30  NaN  NaN  NaN  35.700   65   0.150   0.300   0.900
2012-08-13T21:01:40.050000Z  46.676  38.394   0.590   1.800   29  NaN  NaN  NaN  33.100   57   0.220   0.400   1.100
2012-08-13T21:10:31.600000Z  46.774  38.496  12.220   1.600   28  NaN  NaN  NaN  30.600   53   0.230   0.600   0.800
2012-08-13T21:18:46.100000Z  46.788  38.386  17.400   1.200   28  NaN  NaN  NaN  23.500   49   0.090   0.200   0.300
2012-08-13T21:25:25.230000Z  46.794  38.451  18.080   1.800   28  NaN  NaN  NaN  26.200   53   0.200   0.500   0.700
2012-08-13T21:29:06.400000Z  46.848  38.411  21.120   1.300   30  NaN  NaN  NaN  19.800   51   0.190   0.500   0.600
2012-08-13T21:33:29.950000Z  46.682  38.449  16.060   1.700   30  NaN  NaN  NaN  32.600   41   0.220   0.500   0.500
2012-08-13T22:37:04.640000Z  46.685  38.385  18.040   3.300   23  NaN  NaN  NaN  32.100   63   0.240   0.700   0.800
2012-08-13T23:22:37.160000Z  46.744  38.431   8.360   1.500   29  NaN  NaN  NaN  10.400   97   0.150   0.300   0.400
2012-08-13T23:43:33.940000Z  46.849  38.384  12.220   1.500   28  NaN  NaN  NaN  18.400   47   0.190   0.500   0.600
2012-08-14T01:32:41.920000Z  46.701  38.447   7.570   2.200   29  NaN  NaN  NaN   7.000   68   0.230   0.500   0.800
2012-08-14T01:39:59.450000Z  46.707  38.467  18.860   1.400   27  NaN  NaN  NaN  30.200   47   0.140   0.400   0.400
2012-08-14T01:49:20.370000Z  46.694  38.416  16.140   3.000   29  NaN  NaN  NaN  10.000   81   0.310   0.700   0.600
2012-08-14T02:00:50.950000Z  46.697  38.481   4.190   2.000   28  NaN  NaN  NaN   3.600   56   0.200   0.400   0.700
2012-08-14T02:37:07.180000Z  46.800  38.425  14.360   2.300   27  NaN  NaN  NaN  14.500   73   0.110   0.300   0.300
2012-08-14T03:46:54.550000Z  46.797  38.431  17.280   2.100   30  NaN  NaN  NaN  13.800   56   0.150   0.300   0.300
2012-08-14T04:08:43.240000Z  46.651  38.461   1.830   2.300   28  NaN  NaN  NaN  37.600   38   0.180   0.400   0.900
2012-08-14T04:52:17.880000Z  46.646  38.431  19.200   2.100   28  NaN  NaN  NaN   8.300   53   0.170   0.400   0.300
2012-08-14T05:28:13.300000Z  46.793  38.442  16.560   3.400   26  NaN  NaN  NaN  12.900  110   0.280   0.700   0.800
2012-08-14T06:58:45.740000Z  46.649  38.396  15.880   1.800   30  NaN  NaN  NaN  35.400   43   0.220   0.500   0.600
2012-08-14T08:11:49.210000Z  46.651  38.380  14.680   2.100   29  NaN  NaN  NaN  34.900   83   0.170   0.400   0.400
2012-08-14T10:28:44.280000Z  46.708  38.425  11.880   3.600   31  NaN  NaN  NaN  31.500   49   0.280   0.700   1.000
2012-08-14T10:50:24.910000Z  46.804  38.490  14.210   2.100   28  NaN  NaN  NaN  28.300   80   0.170   0.500   0.700
2012-08-14T11:17:14.100000Z  46.657  38.390   2.350   1.700   31  NaN  NaN  NaN  12.700   44   0.150   0.300   0.500
2012-08-14T11:44:11.890000Z  46.687  38.440   3.400   1.800   29  NaN  NaN  NaN  33.800   41   0.160   0.300   1.000
2012-08-14T12:42:55.620000Z  46.679  38.416  19.230   2.200   29  NaN  NaN  NaN  33.500   50   0.250   0.600   0.600
2012-08-14T13:31:03.640000Z  46.707  38.443  16.760   2.200   29  NaN  NaN  NaN  32.400   64   0.200   0.500   0.600
2012-08-14T14:02:26.100000Z  46.770  38.466  18.020   5.200   30  NaN  NaN  NaN  28.900   45   0.380   0.800   1.100
2012-08-14T15:48:20.300000Z  46.646  38.443  14.210   3.800   20  NaN  NaN  NaN  37.300  101   0.430   1.300   1.900
2012-08-14T16:07:09.020000Z  46.863  38.381  12.850   1.900   27  NaN  NaN  NaN  17.200   86   0.110   0.300   0.400
2012-08-14T16:30:46.320000Z  46.769  38.408  16.890   2.000   27  NaN  NaN  NaN  13.800   60   0.180   0.500   0.500
2012-08-14T16:36:24.990000Z  46.705  38.403  17.460   3.300   24  NaN  NaN  NaN  30.900  108   0.310   0.900   1.100
2012-08-14T17:05:18.400000Z  46.642  38.434   5.960   1.700   27  NaN  NaN  NaN   8.100   57   0.200   0.400   0.700
2012-08-14T17:09:09.910000Z  46.708  38.424  15.900   3.100   28  NaN  NaN  NaN  31.500   54   0.300   0.700   1.000
2012-08-14T17:16:26.000000Z  46.774  38.440   2.200   2.000   31  NaN  NaN  NaN  24.800   50   0.150   0.300   0.800
2012-08-14T18:53:41.400000Z  46.650  38.409  13.810   2.000   30  NaN  NaN  NaN  35.700   64   0.250   0.600   0.800
2012-08-14T20:20:33.480000Z  46.656  38.420  14.330   3.000   27  NaN  NaN  NaN  35.400   69   0.300   0.700   0.800
2012-08-14T21:29:04.490000Z  46.882  38.435  16.240   1.300   26  NaN  NaN  NaN  19.000   71   0.120   0.300   0.400
2012-08-14T21:32:40.380000Z  46.776  38.422  15.720   1.500   28  NaN  NaN  NaN  13.200   51   0.170   0.400   0.400
2012-08-14T22:10:17.650000Z  46.673  38.429   2.000   2.000   30  NaN  NaN  NaN   8.400   58   0.130   0.300   0.400
2012-08-14T22:41:54.800000Z  46.716  38.379  10.990   1.700   30  NaN  NaN  NaN  14.500   51   0.210   0.400   0.600
2012-08-14T23:07:42.940000Z  46.751  38.380   2.170   1.300   29  NaN  NaN  NaN  26.300   47   0.120   0.200   0.700
2012-08-14T23:33:31.090000Z  46.783  38.404  19.810   1.700   29  NaN  NaN  NaN  24.600   45   0.130   0.300   0.400
2012-08-14T23:42:05.710000Z  46.716  38.396  12.160   1.700   27  NaN  NaN  NaN  29.800   50   0.200   0.500   0.700
2012-08-15T00:42:47.370000Z  46.726  38.386  17.140   1.000   30  NaN  NaN  NaN  14.100   64   0.140   0.300   0.400
2012-08-15T01:35:40.140000Z  46.675  38.447  18.960   1.600   27  NaN  NaN  NaN   6.400   79   0.220   0.600   0.500
2012-08-15T01:43:13.280000Z  46.706  38.384  17.980   1.600   29  NaN  NaN  NaN  13.700   47   0.200   0.400   0.400
2012-08-15T03:03:30.740000Z  46.626  38.508  19.060   1.800   27  NaN  NaN  NaN   3.700   68   0.110   0.300   0.300
2012-08-15T03:41:30.760000Z  46.803  38.433  17.060   3.400   23  NaN  NaN  NaN  22.500  102   0.270   0.700   0.700
2012-08-15T04:29:40.160000Z  46.816  38.401  10.660   3.100   31  NaN  NaN  NaN  21.800   59   0.350   0.800   0.900
2012-08-15T05:26:26.920000Z  46.777  38.442   7.480   2.400   27  NaN  NaN  NaN  24.500   64   0.280   0.800   1.400
2012-08-15T05:39:51.280000Z  46.689  38.451  14.710   2.300   30  NaN  NaN  NaN  34.200   40   0.170   0.400   0.600
2012-08-15T07:12:14.450000Z  46.655  38.410   2.470   2.600   30  NaN  NaN  NaN  10.500   47   0.140   0.300   0.400
2012-08-15T08:39:21.720000Z  46.846  38.428   5.690   3.100   30  NaN  NaN  NaN  21.000   48   0.270   0.500   1.100
2012-08-15T09:03:48.220000Z  46.705  38.446  18.730   2.600   30  NaN  NaN  NaN   7.200   48   0.210   0.500   0.500
2012-08-15T09:37:47.240000Z  46.679  38.357   5.200   1.800   27  NaN  NaN  NaN  16.400   48   0.200   0.500   1.100
2012-08-15T11:27:05.940000Z  46.793  38.345  18.020   2.500   27  NaN  NaN  NaN  22.000   86   0.150   0.400   0.400
2012-08-15T11:39:30.140000Z  46.702  38.375  10.850   2.200   29  NaN  NaN  NaN  30.400   57   0.250   0.500   0.700
2012-08-15T13:52:42.570000Z  46.657  38.426   7.510   2.100   29  NaN  NaN  NaN   8.700   53   0.130   0.300   0.600
2012-08-15T13:58:28.320000Z  46.794  38.500   5.480   2.000   27  NaN  NaN  NaN  22.500   77   0.190   0.400   0.900
2012-08-15T16:01:22.070000Z  46.688  38.392   7.020   2.200   30  NaN  NaN  NaN  32.000   84   0.090   0.200   0.400
2012-08-15T17:49:05.000000Z  46.662  38.400  16.350   5.000   29  NaN  NaN  NaN  34.400   51   0.410   1.100   1.300
2012-08-15T18:00:01.260000Z  46.638  38.441  17.250   3.300   29  NaN  NaN  NaN   7.400   48   0.360   0.800   0.700
2012-08-15T18:16:27.580000Z  46.720  38.446  18.480   2.100   26  NaN  NaN  NaN  31.500   47   0.210   0.600   0.700
2012-08-15T18:38:44.020000Z  46.665  38.417  17.050   2.200   27  NaN  NaN  NaN   9.600   50   0.220   0.600   0.500
2012-08-15T19:23:58.030000Z  46.650  38.410  14.830   1.800   29  NaN  NaN  NaN  10.600   53   0.210   0.500   0.400
2012-08-15T20:27:44.440000Z  46.683  38.435  19.700   2.000   29  NaN  NaN  NaN  34.000   53   0.140   0.300   0.400
2012-08-15T21:26:47.610000Z  46.674  38.403  19.610   2.200   29  NaN  NaN  NaN  11.200   44   0.210   0.500   0.500
2012-08-15T23:01:19.660000Z  46.654  38.386   2.310   1.700   30  NaN  NaN  NaN  13.200   84   0.180   0.300   0.700
2012-08-16T00:15:16.490000Z  46.649  38.432  14.570   3.300   27  NaN  NaN  NaN  35.700  103   0.340   0.800   1.100
2012-08-16T00:32:52.170000Z  46.646  38.438  14.720   1.700   29  NaN  NaN  NaN  35.800   54   0.190   0.700   0.800
2012-08-16T01:31:21.090000Z  46.760  38.447  19.240   1.900   28  NaN  NaN  NaN  25.800   55   0.170   0.400   0.500
2012-08-16T02:26:38.430000Z  46.856  38.399   1.740   1.700   28  NaN  NaN  NaN  18.500   46   0.120   0.300   0.400
2012-08-16T03:01:38.570000Z  46.769  38.495  26.360   2.200   29  NaN  NaN  NaN  24.600   66   0.180   0.400   0.500
2012-08-16T03:10:48.320000Z  46.842  38.401  17.630   2.400   27  NaN  NaN  NaN  18.900   46   0.200   0.500   0.500
2012-08-16T05:33:55.900000Z  46.673  38.436   0.780   2.300   28  NaN  NaN  NaN  33.600   86   0.190   0.400   1.200
2012-08-16T05:39:31.110000Z  46.687  38.380  19.200   1.600   27  NaN  NaN  NaN  31.800   46   0.190   0.500   0.600
2012-08-16T06:33:56.690000Z  46.767  38.481   2.890   2.000   28  NaN  NaN  NaN  30.100   48   0.180   0.400   0.900
2012-08-16T08:56:53.750000Z  46.713  38.427   2.470   1.800   25  NaN  NaN  NaN   9.400   48   0.180   0.400   0.700
2012-08-16T09:27:46.960000Z  46.707  38.437  16.970   3.100   28  NaN  NaN  NaN  32.100   42   0.180   0.400   0.600
2012-08-16T11:28:37.040000Z  46.724  38.443  10.030   1.900   29  NaN  NaN  NaN   8.400   51   0.180   0.400   0.400
2012-08-16T13:20:15.240000Z  46.708  38.425   2.100   1.300   30  NaN  NaN  NaN  30.800   47   0.190   0.400   0.800
2012-08-16T13:56:30.460000Z  46.728  38.408  13.840   2.000   29  NaN  NaN  NaN  11.800   44   0.180   0.400   0.400
2012-08-16T15:15:35.120000Z  46.729  38.451  15.890   3.800   19  NaN  NaN  NaN  31.100   58   0.240   0.700   0.800
2012-08-16T15:31:10.430000Z  46.695  38.378   2.480   1.500   29  NaN  NaN  NaN  14.200   46   0.200   0.400   0.800
2012-08-16T17:11:47.860000Z  46.739  38.452  18.420   1.700   30  NaN  NaN  NaN   8.500   66   0.160   0.400   0.500
2012-08-16T17:14:13.450000Z  46.725  38.439  14.670   4.600   30  NaN  NaN  NaN  30.800   48   0.540   1.500   2.100
2012-08-16T17:19:40.790000Z  46.711  38.453  15.010   2.900   28  NaN  NaN  NaN  32.600   47   0.350   1.100   1.500
2012-08-16T17:34:59.770000Z  46.721  38.426  14.850   2.600   31  NaN  NaN  NaN   9.800   43   0.250   0.500   0.600
2012-08-16T20:27:17.600000Z  46.925  38.430   5.890   2.300   28  NaN  NaN  NaN  16.100   54   0.190   0.400   0.700
2012-08-16T21:50:59.830000Z  46.742  38.431  14.800   1.400   31  NaN  NaN  NaN  29.100   43   0.150   0.400   0.500
2012-08-16T23:15:00.470000Z  46.656  38.376   3.100   0.800   29  NaN  NaN  NaN  34.400   53   0.200   0.400   1.000
2012-08-16T23:59:14.400000Z  46.659  38.414   2.210   1.200   29  NaN  NaN  NaN  10.000   42   0.130   0.300   0.500
2012-08-17T00:31:16.860000Z  46.835  38.504   2.110   1.700   27  NaN  NaN  NaN  14.600   65   0.120   0.300   0.600
2012-08-17T02:13:53.140000Z  46.772  38.396  19.800   1.600   29  NaN  NaN  NaN  15.000   49   0.140   0.300   0.300
2012-08-17T03:19:24.140000Z  46.766  38.436  19.280   1.900   28  NaN  NaN  NaN  11.400   85   0.140   0.300   0.400
2012-08-17T03:34:20.280000Z  46.699  38.450  16.990   2.900   30  NaN  NaN  NaN  31.100   53   0.180   0.400   0.500
2012-08-17T04:48:15.560000Z  46.690  38.413  11.630   3.800   32  NaN  NaN  NaN  32.500   50   0.450   1.000   1.500
2012-08-17T04:52:29.480000Z  46.773  38.436  17.670   3.000   30  NaN  NaN  NaN  11.900   52   0.310   0.700   0.800
2012-08-17T05:28:37.870000Z  46.854  38.379   6.070   2.100   30  NaN  NaN  NaN  17.800   50   0.110   0.300   0.400
2012-08-17T05:35:06.820000Z  46.792  38.398  13.360   1.600   29  NaN  NaN  NaN  23.600   51   0.160   0.300   0.400
2012-08-17T08:09:51.150000Z  46.879  38.408   7.560   3.500   19  NaN  NaN  NaN  17.400  101   0.350   0.900   1.500
2012-08-17T08:19:48.100000Z  46.814  38.453  18.350   1.700   29  NaN  NaN  NaN  13.900   46   0.160   0.400   0.400
2012-08-17T09:18:00.020000Z  46.648  38.425  16.460   3.800   34  NaN  NaN  NaN  36.400   50   0.530   1.300   1.500
2012-08-17T10:36:48.470000Z  46.678  38.452  18.730   1.600   27  NaN  NaN  NaN   5.900   58   0.160   0.400   0.400
2012-08-17T11:19:11.960000Z  46.705  38.444  19.750   2.000   28  NaN  NaN  NaN  32.600   53   0.180   0.500   0.600
2012-08-17T12:09:50.430000Z  46.654  38.438  17.700   3.100   29  NaN  NaN  NaN  35.100   47   0.230   0.600   0.700
2012-08-17T13:04:44.300000Z  46.869  38.428  21.000   1.500   29  NaN  NaN  NaN  19.400   51   0.200   0.500   0.600
2012-08-17T13:24:24.360000Z  46.576  38.465   3.100   2.000   29  NaN  NaN  NaN   9.100   55   0.180   0.400   0.600
2012-08-17T14:34:36.800000Z  46.638  38.431  16.300   2.000   29  NaN  NaN  NaN  36.600   49   0.210   0.500   0.700
2012-08-17T14:37:38.530000Z  46.644  38.439  15.910   2.200   28  NaN  NaN  NaN   7.500   49   0.180   0.400   0.500
2012-08-17T15:04:09.320000Z  46.776  38.427   8.100   1.400   30  NaN  NaN  NaN  12.700   52   0.230   0.500   0.900
2012-08-17T16:13:14.910000Z  46.775  38.450   2.240   1.500   28  NaN  NaN  NaN  24.500   53   0.160   0.300   0.900
2012-08-17T16:58:47.710000Z  46.640  38.379  14.700   1.600   28  NaN  NaN  NaN  14.100   54   0.190   0.400   0.400
2012-08-17T17:57:46.860000Z  46.911  38.363   1.630   1.500   29  NaN  NaN  NaN  12.500   61   0.180   0.400   0.600
2012-08-17T18:49:55.750000Z  46.990  38.387   3.420   2.600   29  NaN  NaN  NaN   8.900   54   0.250   0.500   0.600
2012-08-17T19:34:08.480000Z  46.625  38.478  17.390   3.100   23  NaN  NaN  NaN  40.500   74   0.350   1.000   1.200
2012-08-17T20:05:00.100000Z  46.662  38.448  19.480   1.800   28  NaN  NaN  NaN   6.200   40   0.230   0.600   0.400
2012-08-17T20:15:33.930000Z  46.687  38.442  18.100   3.400   20  NaN  NaN  NaN  33.900   75   0.250   0.700   0.900
2012-08-17T21:36:15.800000Z  46.711  38.407  18.820   1.100   27  NaN  NaN  NaN  11.400   93   0.230   0.600   0.600
2012-08-17T23:14:09.270000Z  46.692  38.441  14.350   3.000   26  NaN  NaN  NaN  31.800   72   0.190   0.500   0.700
2012-08-18T01:48:25.260000Z  46.716  38.438  24.590   3.000   24  NaN  NaN  NaN   8.400   57   0.330   0.900   1.200
2012-08-18T02:06:28.790000Z  46.749  38.386  18.870   2.300   28  NaN  NaN  NaN  14.900   46   0.180   0.400   0.400
2012-08-18T02:21:31.950000Z  46.697  38.397   7.190   1.700   28  NaN  NaN  NaN  12.200   53   0.170   0.400   0.600
2012-08-18T03:26:47.140000Z  46.850  38.448  19.560   2.700   29  NaN  NaN  NaN  22.100   51   0.200   0.500   0.600
2012-08-18T04:44:40.480000Z  46.784  38.376  17.110   2.300   30  NaN  NaN  NaN  23.400   49   0.190   0.400   0.500
2012-08-18T05:38:01.120000Z  46.915  38.531  11.810   2.300   29  NaN  NaN  NaN  12.800   58   0.220   0.600   0.800
2012-08-18T06:02:58.050000Z  46.933  38.446  11.780   1.900   29  NaN  NaN  NaN  11.400   52   0.210   0.500   0.500
2012-08-18T08:46:28.300000Z  46.653  38.464  16.420   2.100   29  NaN  NaN  NaN   4.700   55   0.170   0.400   0.400
2012-08-18T08:59:08.010000Z  46.725  38.428  14.250   2.400   29  NaN  NaN  NaN  29.300   46   0.180   0.400   0.500
2012-08-18T11:21:28.930000Z  46.655  38.428  18.540   2.900   28  NaN  NaN  NaN  35.300   53   0.320   0.800   0.900
2012-08-18T14:33:47.340000Z  46.849  38.449  19.210   1.700   27  NaN  NaN  NaN  16.900   58   0.140   0.300   0.300
2012-08-18T15:56:05.900000Z  46.870  38.406   6.450   3.300   29  NaN  NaN  NaN  17.900   62   0.240   0.500   0.800
2012-08-18T18:15:49.200000Z  46.948  38.458   1.530   1.900   30  NaN  NaN  NaN   9.700   72   0.310   0.600   1.000
2012-08-18T19:10:11.800000Z  46.645  38.441  15.290   1.700   31  NaN  NaN  NaN  37.300   68   0.200   0.500   0.600
2012-08-18T19:30:34.000000Z  46.850  38.469   9.390   1.900   30  NaN  NaN  NaN  16.300   53   0.170   0.400   0.600
2012-08-18T19:39:46.690000Z  46.654  38.410   2.040   1.600   30  NaN  NaN  NaN  35.400   51   0.160   0.300   0.600
2012-08-18T20:31:53.930000Z  46.774  38.545  14.950   2.400   31  NaN  NaN  NaN  10.300   47   0.390   0.900   1.000
2012-08-18T20:41:51.510000Z  46.707  38.443  10.450   2.100   30  NaN  NaN  NaN   7.600   48   0.250   0.500   0.700
2012-08-18T21:08:39.540000Z  46.661  38.418  17.550   3.100   26  NaN  NaN  NaN  35.100   70   0.220   0.600   0.700
2012-08-18T21:09:40.710000Z  46.640  38.467   9.350   3.200   28  NaN  NaN  NaN  35.900   56   0.270   0.600   1.100
2012-08-18T21:20:44.280000Z  46.788  38.447  17.220   1.900   31  NaN  NaN  NaN  12.200   49   0.200   0.400   0.400
2012-08-18T21:29:15.500000Z  46.649  38.439  14.450   2.500   28  NaN  NaN  NaN   7.400   48   0.350   0.800   0.800
2012-08-18T21:41:10.560000Z  46.660  38.414  11.850   1.600   31  NaN  NaN  NaN  10.000   80   0.410   0.900   0.900
2012-08-18T22:11:10.160000Z  46.641  38.415  13.410   1.800   27  NaN  NaN  NaN  10.100   54   0.190   0.500   0.500
2012-08-18T22:52:25.390000Z  46.699  38.444  16.080   1.400   28  NaN  NaN  NaN   7.100   71   0.160   0.400   0.400
2012-08-18T23:14:43.880000Z  46.851  38.419  14.300   1.200   30  NaN  NaN  NaN  18.500   58   0.210   0.500   0.500
2012-08-18T23:47:23.170000Z  46.685  38.455  15.260   1.700   29  NaN  NaN  NaN   5.700   47   0.270   0.600   0.600
2012-08-18T23:54:42.550000Z  46.819  38.432  14.390   2.000   30  NaN  NaN  NaN  15.400   46   0.170   0.400   0.400
2012-08-19T00:04:53.680000Z  46.656  38.447  14.710   1.500   28  NaN  NaN  NaN   6.500   51   0.310   0.700   0.700
2012-08-19T00:37:06.990000Z  46.713  38.425  19.230   3.100   28  NaN  NaN  NaN   9.600   43   0.330   0.900   0.600
2012-08-19T00:55:17.080000Z  46.707  38.505  18.480   1.800   28  NaN  NaN  NaN   3.400   66   0.190   0.400   0.500
2012-08-19T01:12:37.880000Z  46.688  38.455  14.560   2.000   29  NaN  NaN  NaN   5.700   40   0.330   0.700   0.900
2012-08-19T01:29:34.390000Z  46.642  38.440  14.070   2.100   29  NaN  NaN  NaN   7.500   67   0.340   0.800   0.800
2012-08-19T01:58:30.780000Z  46.644  38.359  14.170   4.300   17  NaN  NaN  NaN  35.100  105   0.680   2.400   2.300
2012-08-19T02:23:12.050000Z  46.645  38.428  14.780   2.200   32  NaN  NaN  NaN   8.700   63   0.310   0.600   0.600
2012-08-19T02:26:30.140000Z  46.654  38.420  13.810   1.700   28  NaN  NaN  NaN   9.300   59   0.230   0.500   0.500
2012-08-19T03:29:48.470000Z  46.630  38.423  12.680   1.800   30  NaN  NaN  NaN   9.600   40   0.200   0.500   0.500
2012-08-19T03:47:58.880000Z  46.845  38.485  13.500   1.900   28  NaN  NaN  NaN  15.600   53   0.260   0.600   0.700
2012-08-19T04:39:27.890000Z  46.792  38.436  22.570   2.000   29  NaN  NaN  NaN  13.200   64   0.160   0.400   0.500
2012-08-19T05:10:15.750000Z  46.792  38.465  19.340   2.700   28  NaN  NaN  NaN  27.300   69   0.170   0.400   0.500
2012-08-19T08:18:27.620000Z  46.632  38.437   1.760   2.400   30  NaN  NaN  NaN  37.100   48   0.160   0.300   0.800
2012-08-19T08:25:19.920000Z  46.653  38.433   2.590   2.000   28  NaN  NaN  NaN   8.000   50   0.190   0.400   0.800
2012-08-19T10:51:59.550000Z  46.819  38.427   2.060   2.500   30  NaN  NaN  NaN  15.700   47   0.160   0.300   0.600
2012-08-19T13:41:51.020000Z  46.673  38.464  18.180   2.000   30  NaN  NaN  NaN   4.500   47   0.190   0.400   0.400
2012-08-19T14:40:59.510000Z  46.779  38.451  15.170   2.100   30  NaN  NaN  NaN  24.100   73   0.190   0.500   0.500
2012-08-19T15:32:29.240000Z  46.814  38.352  13.570   2.200   31  NaN  NaN  NaN  20.300   63   0.310   0.600   0.800
2012-08-19T22:30:29.320000Z  46.650  38.447  13.510   1.500   29  NaN  NaN  NaN  35.300   47   0.290   0.700   1.000
2012-08-19T23:27:02.240000Z  46.644  38.436  13.760   1.700   27  NaN  NaN  NaN   7.900   41   0.250   0.600   0.700
2012-08-20T01:04:22.610000Z  46.674  38.483   5.790   2.000   31  NaN  NaN  NaN  37.000   54   0.140   0.300   0.700
2012-08-20T01:24:12.620000Z  46.703  38.428   0.330   1.500   30  NaN  NaN  NaN  31.100   53   0.160   0.300   0.700
2012-08-20T01:45:10.310000Z  46.680  38.445   1.570   1.300   28  NaN  NaN  NaN  32.800   48   0.260   0.500   1.300
2012-08-20T02:04:58.740000Z  46.689  38.398  15.360   1.900   29  NaN  NaN  NaN  11.900   44   0.160   0.300   0.400
2012-08-20T04:09:59.580000Z  46.679  38.436  18.760   2.700   29  NaN  NaN  NaN   7.600   49   0.140   0.300   0.400
2012-08-20T06:06:14.510000Z  46.664  38.431  19.570   2.100   29  NaN  NaN  NaN   8.200   49   0.250   0.600   0.500
2012-08-20T06:59:31.710000Z  46.790  38.384  14.050   1.700   19  NaN  NaN  NaN  17.000   94   0.190   0.500   0.800
2012-08-20T10:06:32.580000Z  46.856  38.446   7.850   2.000   29  NaN  NaN  NaN  17.600   85   0.170   0.400   0.700
2012-08-20T12:21:03.420000Z  46.739  38.456  21.690   1.800   29  NaN  NaN  NaN   8.200   46   0.180   0.400   0.500
2012-08-20T14:53:29.520000Z  46.651  38.436  19.840   1.800   29  NaN  NaN  NaN   7.700   62   0.180   0.400   0.400
2012-08-20T16:54:52.110000Z  46.677  38.431  19.260   3.000   29  NaN  NaN  NaN   8.200   52   0.230   0.500   0.500
2012-08-20T20:32:50.410000Z  46.809  38.441  18.540   2.100   29  NaN  NaN  NaN  14.100   78   0.130   0.300   0.300
2012-08-20T21:17:40.190000Z  46.636  38.428   8.660   1.900   29  NaN  NaN  NaN  36.900   40   0.150   0.300   0.500
2012-08-20T21:24:17.420000Z  46.877  38.449  16.230   3.000   27  NaN  NaN  NaN  19.300   55   0.280   0.700   1.000
2012-08-20T21:37:38.660000Z  46.676  38.434   1.840   2.800   29  NaN  NaN  NaN  33.300   51   0.170   0.400   0.700
2012-08-20T22:20:12.330000Z  46.651  38.426   1.570   1.500   29  NaN  NaN  NaN   8.800   55   0.210   0.400   0.700
2012-08-21T03:31:54.670000Z  46.670  38.444  16.510   2.400   29  NaN  NaN  NaN   6.600   64   0.360   0.800   0.700
2012-08-21T05:23:58.840000Z  46.749  38.451   1.700   2.000   28  NaN  NaN  NaN  29.600   51   0.110   0.200   0.600
2012-08-21T08:38:50.460000Z  46.581  38.391  14.080   2.600   30  NaN  NaN  NaN  14.700   78   0.240   0.500   0.600
2012-08-21T09:15:12.130000Z  46.757  38.483   4.010   1.700   28  NaN  NaN  NaN   8.100   45   0.140   0.300   0.600
2012-08-21T10:24:46.750000Z  46.711  38.438   9.620   1.800   28  NaN  NaN  NaN   8.200   48   0.140   0.300   0.400
2012-08-21T17:43:02.290000Z  46.705  38.412  20.390   3.200   29  NaN  NaN  NaN  10.700   45   0.350   0.800   0.800
2012-08-22T04:24:53.610000Z  46.688  38.434   4.230   2.300   27  NaN  NaN  NaN  33.500   41   0.180   0.500   0.900
2012-08-22T09:50:22.660000Z  46.658  38.439  17.990   3.400   29  NaN  NaN  NaN  36.200   54   0.330   0.800   1.000
2012-08-22T10:08:09.490000Z  46.850  38.458  26.560   2.000   29  NaN  NaN  NaN  17.900   77   0.110   0.300   0.300
2012-08-22T11:33:50.540000Z  46.645  38.450  10.000   2.800   30  NaN  NaN  NaN   6.400   48   0.220   0.400   0.500
2012-08-22T14:45:02.430000Z  46.649  38.428  14.730   1.800   29  NaN  NaN  NaN  35.700   50   0.160   0.400   0.400
2012-08-22T15:37:57.470000Z  46.841  38.441  18.830   2.500   29  NaN  NaN  NaN  19.100   54   0.240   0.500   0.500
2012-08-22T15:55:46.740000Z  46.793  38.441  18.380   1.400   26  NaN  NaN  NaN  23.200   52   0.120   0.300   0.300
2012-08-22T16:29:10.540000Z  46.854  38.437  20.700   1.700   26  NaN  NaN  NaN  18.200   49   0.190   0.500   0.700
2012-08-22T18:32:35.320000Z  46.638  38.419  14.240   2.100   29  NaN  NaN  NaN   9.800   65   0.210   0.500   0.400
2012-08-22T21:40:45.290000Z  46.715  38.433   9.280   1.600   28  NaN  NaN  NaN   8.900   42   0.230   0.600   0.700
2012-08-23T00:10:39.270000Z  46.723  38.432  18.540   2.400   29  NaN  NaN  NaN   9.400   48   0.130   0.300   0.300
2012-08-23T00:16:44.520000Z  46.719  38.438   8.400   1.500   29  NaN  NaN  NaN  29.600   46   0.180   0.400   0.600
2012-08-23T00:56:25.800000Z  46.707  38.447   8.530   1.800   29  NaN  NaN  NaN   7.200   41   0.240   0.500   0.500
2012-08-23T02:37:15.220000Z  46.653  38.465  18.880   2.200   28  NaN  NaN  NaN   4.600   46   0.140   0.300   0.400
2012-08-23T04:06:36.880000Z  46.647  38.444  15.380   2.200   29  NaN  NaN  NaN  35.700   49   0.210   0.500   0.700
2012-08-23T08:23:41.770000Z  46.606  38.437   0.550   2.800   26  NaN  NaN  NaN  39.300   51   0.230   0.500   1.500
2012-08-23T12:14:46.260000Z  46.644  38.435   2.940   2.700   31  NaN  NaN  NaN  37.200   40   0.410   0.800   1.800
2012-08-23T12:31:56.880000Z  46.726  38.437   1.580   2.000   29  NaN  NaN  NaN  30.600   48   0.190   0.400   0.800
2012-08-23T14:52:19.190000Z  46.645  38.440  15.910   2.100   30  NaN  NaN  NaN  37.200   40   0.140   0.300   0.400
2012-08-23T16:37:19.200000Z  46.793  38.461   8.770   2.800   29  NaN  NaN  NaN  11.900   61   0.180   0.400   0.600
2012-08-23T17:18:11.970000Z  46.629  38.401  15.510   1.900   30  NaN  NaN  NaN  11.900   53   0.260   0.600   0.700
2012-08-23T20:31:29.330000Z  46.720  38.438  15.180   3.000   30  NaN  NaN  NaN   8.600   51   0.210   0.500   0.500
2012-08-23T22:56:32.900000Z  46.638  38.450  19.610   1.700   28  NaN  NaN  NaN   6.500   55   0.150   0.400   0.300
2012-08-24T05:14:47.230000Z  46.624  38.416   2.130   1.800   29  NaN  NaN  NaN  10.500   53   0.250   0.500   0.900
2012-08-24T07:38:39.400000Z  47.002  38.489  10.490   3.200   29  NaN  NaN  NaN   4.300   53   0.210   0.500   0.600
2012-08-24T09:49:29.550000Z  46.831  38.499  17.680   2.300   29  NaN  NaN  NaN  19.200   43   0.170   0.400   0.500
2012-08-24T10:44:03.480000Z  46.887  38.438  19.770   1.500   29  NaN  NaN  NaN  15.400   49   0.170   0.400   0.400
2012-08-24T11:11:20.860000Z  46.792  38.378   7.240   1.600   26  NaN  NaN  NaN  22.900   47   0.190   0.500   0.900
2012-08-24T12:02:55.000000Z  46.674  38.456  13.850   2.000   29  NaN  NaN  NaN   5.400   46   0.190   0.400   0.600
2012-08-24T12:14:53.520000Z  46.716  38.440  19.250   1.500   29  NaN  NaN  NaN   8.200   48   0.140   0.300   0.400
2012-08-24T15:50:11.890000Z  46.682  38.397   3.760   1.500   28  NaN  NaN  NaN  11.900   44   0.290   0.700   1.500
2012-08-24T16:08:30.140000Z  46.732  38.392  17.940   1.200   28  NaN  NaN  NaN  28.400   46   0.220   0.500   0.600
2012-08-24T16:37:38.170000Z  47.004  38.541   3.550   2.100   30  NaN  NaN  NaN   7.000   83   0.140   0.300   0.400
2012-08-24T21:42:07.140000Z  46.665  38.425  10.030   1.700   29  NaN  NaN  NaN  34.500   41   0.260   0.600   0.900
2012-08-24T21:44:06.800000Z  46.738  38.431  19.510   1.700   29  NaN  NaN  NaN  29.300   71   0.100   0.300   0.400
2012-08-24T22:43:36.160000Z  46.708  38.460  22.870   1.100   30  NaN  NaN  NaN   6.000   58   0.150   0.300   0.400
2012-08-24T23:20:32.650000Z  46.798  38.538   2.240   1.100   27  NaN  NaN  NaN  22.700   54   0.220   0.500   1.500
2012-08-24T23:57:20.130000Z  46.614  38.444  14.470   1.100   29  NaN  NaN  NaN   8.200   38   0.210   0.500   0.700
2012-08-25T00:09:04.270000Z  46.698  38.454   1.830   1.600   29  NaN  NaN  NaN  33.600   65   0.170   0.400   0.600
2012-08-25T00:58:55.230000Z  46.780  38.426  15.710   1.200   30  NaN  NaN  NaN  25.900   43   0.280   0.900   1.300
2012-08-25T02:55:50.260000Z  46.638  38.451  20.660   2.000   29  NaN  NaN  NaN   6.500   66   0.160   0.400   0.400
2012-08-25T06:09:46.110000Z  46.691  38.425  17.720   3.000   28  NaN  NaN  NaN  32.200   56   0.300   0.700   0.800
2012-08-25T07:33:34.790000Z  46.576  38.458   3.190   2.100   28  NaN  NaN  NaN  41.600   51   0.550   1.400   2.900
2012-08-25T07:46:20.870000Z  46.879  38.439  13.790   3.300   29  NaN  NaN  NaN  19.600   54   0.230   0.600   0.700
2012-08-25T14:59:32.280000Z  46.929  38.385   7.840   2.300   21  NaN  NaN  NaN  12.300   89   0.160   0.400   0.800
2012-08-25T17:14:24.760000Z  46.651  38.448   3.380   1.600   28  NaN  NaN  NaN   6.400   54   0.380   0.800   1.200
2012-08-25T19:59:28.120000Z  46.916  38.439  11.720   1.800   17  NaN  NaN  NaN  13.000  112   0.310   1.000   1.400
2012-08-25T20:03:41.620000Z  46.638  38.413  19.610   2.600   28  NaN  NaN  NaN  10.400   57   0.210   0.500   0.400
2012-08-26T01:28:37.150000Z  46.645  38.443  18.890   2.600   29  NaN  NaN  NaN   7.000   49   0.240   0.600   0.600
2012-08-26T04:01:33.510000Z  46.644  38.404  18.970   2.300   29  NaN  NaN  NaN  11.300   51   0.170   0.400   0.400
2012-08-26T05:22:11.740000Z  46.708  38.443  17.740   2.800   30  NaN  NaN  NaN  32.300   58   0.210   0.500   0.600
2012-08-26T09:36:53.210000Z  46.657  38.439  14.410   3.900   21  NaN  NaN  NaN   7.300   67   0.290   0.800   0.700
2012-08-26T09:43:22.110000Z  46.659  38.445  12.830   3.900   24  NaN  NaN  NaN  36.300   58   0.260   0.700   1.000
2012-08-26T11:15:28.030000Z  46.677  38.435  17.860   2.300   26  NaN  NaN  NaN  34.500   53   0.140   0.400   0.500
2012-08-26T12:50:55.150000Z  46.701  38.389  12.060   1.900   28  NaN  NaN  NaN  13.100   54   0.220   0.500   0.500
2012-08-26T12:52:35.260000Z  46.636  38.438   4.710   1.800   30  NaN  NaN  NaN  37.900   51   0.180   0.400   0.900
2012-08-26T13:05:19.610000Z  46.635  38.433  11.560   2.100   28  NaN  NaN  NaN   8.400   70   0.180   0.400   0.400
2012-08-26T13:08:35.870000Z  46.655  38.437  14.740   3.800   26  NaN  NaN  NaN  35.000   74   0.260   0.800   1.100
2012-08-26T13:44:31.000000Z  46.745  38.386   7.740   1.500   28  NaN  NaN  NaN  14.700   46   0.170   0.400   0.500
2012-08-26T14:26:50.020000Z  46.697  38.350  12.130   1.800   27  NaN  NaN  NaN  17.300   49   0.180   0.400   0.400
2012-08-26T14:51:02.910000Z  46.844  38.447  17.190   1.700   29  NaN  NaN  NaN  18.700   44   0.110   0.300   0.300
2012-08-26T18:15:32.050000Z  46.859  38.419  11.950   3.400   26  NaN  NaN  NaN  19.500   51   0.220   0.600   0.700
2012-08-26T19:22:09.450000Z  46.636  38.432   3.030   1.300   27  NaN  NaN  NaN  36.800   78   0.110   0.300   0.600
2012-08-26T20:12:37.640000Z  46.666  38.432  14.330   1.300   30  NaN  NaN  NaN   8.000   48   0.250   0.500   0.700
2012-08-26T20:57:08.390000Z  46.709  38.462   3.060   1.700   30  NaN  NaN  NaN   5.900   47   0.150   0.300   0.500
2012-08-26T22:48:14.240000Z  46.659  38.478  13.100   2.800   28  NaN  NaN  NaN   3.000   47   0.210   0.500   0.600
2012-08-27T02:46:27.840000Z  46.646  38.418  19.130   1.700   30  NaN  NaN  NaN  36.200   41   0.170   0.400   0.400
2012-08-27T05:08:06.720000Z  46.581  38.449   0.720   1.900   27  NaN  NaN  NaN  41.300   65   0.150   0.300   0.800
2012-08-27T06:30:55.890000Z  46.697  38.412   1.600   2.100   30  NaN  NaN  NaN  31.900   58   0.150   0.300   0.900
2012-08-27T11:01:13.340000Z  46.688  38.401  19.280   2.500   30  NaN  NaN  NaN  11.600   51   0.230   0.500   0.500
2012-08-27T13:46:34.510000Z  46.699  38.373  17.950   1.700   28  NaN  NaN  NaN  30.600   47   0.270   0.600   0.800
2012-08-27T15:10:34.840000Z  46.839  38.397  16.580   1.600   30  NaN  NaN  NaN  19.100   46   0.200   0.500   0.500
2012-08-27T16:52:13.840000Z  46.863  38.441  18.450   2.200   27  NaN  NaN  NaN  20.800   58   0.140   0.300   0.400
2012-08-27T17:55:08.940000Z  46.810  38.391  18.120   2.000   29  NaN  NaN  NaN  17.600   85   0.130   0.300   0.300
2012-08-27T21:03:26.940000Z  46.674  38.397  12.550   1.900   28  NaN  NaN  NaN  33.300   53   0.120   0.300   0.400
2012-08-27T22:48:15.710000Z  46.736  38.336   9.120   1.300   29  NaN  NaN  NaN  19.600   53   0.180   0.400   0.700
2012-08-27T23:56:30.760000Z  46.885  38.425  10.720   3.400   28  NaN  NaN  NaN  18.200   83   0.310   1.000   1.200
2012-08-28T00:28:01.630000Z  46.695  38.390   3.300   1.500   30  NaN  NaN  NaN  31.400   52   0.430   0.900   1.700
2012-08-28T01:55:35.930000Z  46.704  38.409  11.220   2.000   30  NaN  NaN  NaN  31.200   50   0.140   0.400   0.600
2012-08-28T02:21:14.360000Z  46.590  38.432  19.530   2.500   26  NaN  NaN  NaN  40.700   52   0.330   0.900   0.900
2012-08-28T03:33:22.870000Z  46.666  38.394  13.950   1.800   29  NaN  NaN  NaN  33.900   46   0.230   0.500   0.600
2012-08-28T03:41:07.750000Z  46.779  38.408  21.900   2.100   31  NaN  NaN  NaN  14.400   52   0.190   0.400   0.700
2012-08-28T03:54:51.150000Z  46.628  38.431  19.080   1.400   30  NaN  NaN  NaN   8.800   48   0.130   0.300   0.300
2012-08-28T04:13:21.860000Z  46.788  38.380  13.480   1.400   31  NaN  NaN  NaN  17.300   47   0.180   0.400   0.400
2012-08-28T04:38:46.590000Z  46.770  38.398  18.870   2.400   29  NaN  NaN  NaN  25.400   70   0.190   0.400   0.500
2012-08-28T05:11:25.290000Z  46.743  38.443  22.590   1.700   27  NaN  NaN  NaN  29.600   66   0.170   0.400   0.800
2012-08-28T05:35:42.740000Z  46.654  38.389  18.200   1.300   32  NaN  NaN  NaN  34.800   52   0.260   0.600   0.600
2012-08-28T12:25:58.500000Z  46.593  38.431   1.800   1.900   27  NaN  NaN  NaN  10.400   79   0.190   0.400   0.700
2012-08-28T14:34:06.650000Z  46.721  38.404  11.420   1.700   30  NaN  NaN  NaN  12.000   49   0.150   0.400   0.500
2012-08-28T17:46:31.360000Z  46.737  38.441  17.920   3.300   29  NaN  NaN  NaN   9.200   83   0.300   0.700   0.600
2012-08-28T17:58:51.920000Z  46.644  38.410  17.840   3.600   24  NaN  NaN  NaN  10.600   70   0.320   0.900   0.900
2012-08-28T18:21:13.800000Z  46.659  38.400  16.490   1.900   26  NaN  NaN  NaN  34.700   51   0.190   0.400   0.500
2012-08-28T19:01:46.450000Z  46.662  38.431  13.880   1.200   29  NaN  NaN  NaN   8.200   70   0.160   0.400   0.400
2012-08-28T20:32:12.080000Z  46.652  38.416   2.980   1.900   28  NaN  NaN  NaN  35.800   65   0.170   0.400   0.700
2012-08-29T00:27:05.100000Z  46.601  38.428  19.640   2.400   29  NaN  NaN  NaN  10.200   68   0.200   0.500   0.400
2012-08-29T01:01:26.300000Z  46.852  38.441  31.600   1.600   26  NaN  NaN  NaN  18.200   49   0.150   0.400   0.400
2012-08-29T08:56:38.760000Z  46.685  38.504   3.770   2.600   31  NaN  NaN  NaN   1.500   46   0.200   0.400   0.400
2012-08-29T10:43:12.970000Z  46.664  38.405  17.250   2.200   27  NaN  NaN  NaN  34.400   51   0.240   0.600   0.700
2012-08-29T11:46:27.400000Z  46.648  38.423  14.220   3.900   24  NaN  NaN  NaN  36.400   75   0.310   0.900   1.500
2012-08-29T12:10:30.920000Z  46.700  38.417  21.930   2.400   30  NaN  NaN  NaN  10.000   49   0.230   0.500   0.600
2012-08-29T13:32:44.340000Z  46.846  38.410  22.670   1.800   28  NaN  NaN  NaN  18.800   62   0.160   0.400   0.400
2012-08-29T13:46:42.340000Z  46.786  38.368  14.960   2.100   29  NaN  NaN  NaN  23.000   52   0.240   0.600   0.700
2012-08-29T18:30:50.280000Z  46.651  38.390  19.150   1.800   30  NaN  NaN  NaN  35.100   52   0.140   0.400   0.300
2012-08-30T03:42:46.400000Z  46.641  38.452  17.940   2.400   28  NaN  NaN  NaN   6.300   54   0.170   0.400   0.300
2012-08-30T06:25:50.440000Z  46.703  38.438  10.000   2.700   29  NaN  NaN  NaN   8.000   52   0.200   0.500   0.500
2012-08-30T06:30:42.800000Z  46.870  38.456  13.450   2.600   28  NaN  NaN  NaN  16.200   63   0.200   0.500   0.600
2012-08-30T06:45:56.480000Z  46.690  38.432   6.920   1.900   28  NaN  NaN  NaN   8.300   71   0.120   0.300   0.400
2012-08-30T10:16:10.120000Z  46.888  38.440  12.960   2.800   30  NaN  NaN  NaN  15.300   88   0.150   0.300   0.400
2012-08-30T11:33:16.790000Z  46.675  38.450  18.940   2.300   29  NaN  NaN  NaN   6.100   48   0.140   0.300   0.300
2012-08-30T21:03:18.360000Z  46.570  38.497   7.710   2.700   27  NaN  NaN  NaN   8.600   46   0.200   0.600   0.800
2012-08-30T21:43:49.200000Z  46.569  38.436  17.540   1.800   28  NaN  NaN  NaN  11.500   37   0.130   0.300   0.300
2012-08-31T02:58:33.130000Z  46.930  38.497  11.080   2.100   30  NaN  NaN  NaN  10.600   55   0.210   0.500   0.500
2012-08-31T04:00:59.220000Z  46.610  38.444  20.460   2.500   31  NaN  NaN  NaN   8.300   54   0.180   0.400   0.400
2012-08-31T09:08:19.590000Z  46.710  38.515  16.800   2.200   29  NaN  NaN  NaN   3.900   49   0.140   0.300   0.300
2012-08-31T11:14:26.320000Z  46.722  38.380   9.480   2.100   29  NaN  NaN  NaN  28.800   51   0.220   0.600   0.900
2012-08-31T11:31:18.630000Z  46.661  38.382  12.200   2.100   30  NaN  NaN  NaN  34.000   85   0.220   0.500   0.600
2012-08-31T20:16:00.200000Z  46.766  38.374   0.010   1.900   29  NaN  NaN  NaN  24.900   51   0.170   0.400   0.600
2012-08-31T21:14:55.460000Z  46.648  38.432   9.090   1.400   29  NaN  NaN  NaN   8.200   68   0.180   0.400   0.500
2012-08-31T22:41:14.350000Z  46.700  38.395  25.160   1.400   28  NaN  NaN  NaN  12.400   45   0.170   0.400   0.500
2012-08-31T22:52:20.900000Z  46.724  38.381  24.720   2.400   28  NaN  NaN  NaN  14.600   51   0.210   0.500   0.600
2012-09-01T00:58:21.590000Z  46.779  38.360   4.650   1.400   30  NaN  NaN  NaN  18.700   49   0.120   0.300   0.400
2012-09-01T01:44:28.870000Z  46.647  38.392   1.260   1.500   28  NaN  NaN  NaN  35.500   64   0.140   0.300   0.800
2012-09-01T02:01:47.380000Z  46.666  38.365   8.580   1.400   26  NaN  NaN  NaN  33.300   52   0.240   0.700   1.000
2012-09-01T05:04:03.760000Z  46.779  38.398  16.690   3.500   17  NaN  NaN  NaN  24.600   74   0.250   1.000   0.800
2012-09-01T06:20:20.770000Z  46.755  38.449  17.150   3.000   30  NaN  NaN  NaN  26.200   64   0.140   0.300   0.400
2012-09-01T06:22:17.500000Z  46.630  38.433  12.480   2.400   30  NaN  NaN  NaN   8.500   50   0.270   0.600   0.600
2012-09-01T06:36:36.620000Z  46.610  38.460  14.120   2.600   27  NaN  NaN  NaN  40.900   47   0.180   0.500   0.900
2012-09-01T07:12:12.030000Z  46.712  38.361  14.120   2.200   31  NaN  NaN  NaN  29.300   63   0.200   0.400   0.500
2012-09-01T13:21:57.680000Z  46.708  38.395  18.650   2.300   26  NaN  NaN  NaN  12.700   45   0.210   0.500   0.600
2012-09-01T14:26:05.380000Z  46.929  38.480  20.080   1.900   26  NaN  NaN  NaN  10.700   56   0.120   0.400   0.400
2012-09-01T16:38:47.220000Z  46.936  38.320   9.280   1.600   30  NaN  NaN  NaN   9.300   51   0.150   0.300   0.400
2012-09-01T17:48:10.120000Z  46.857  38.386  13.720   1.700   31  NaN  NaN  NaN  17.800   50   0.210   0.500   0.400
2012-09-01T17:51:48.280000Z  46.720  38.376  15.970   1.700   29  NaN  NaN  NaN  28.900   55   0.190   0.400   0.600
2012-09-01T19:26:16.480000Z  46.637  38.362   1.620   1.600   29  NaN  NaN  NaN  35.700   54   0.230   0.500   1.000
2012-09-01T19:37:58.430000Z  46.779  38.388  17.280   1.700   27  NaN  NaN  NaN  24.300   65   0.140   0.400   0.400
2012-09-01T19:51:35.430000Z  46.781  38.377  17.880   2.000   29  NaN  NaN  NaN  17.200   48   0.190   0.400   0.500
2012-09-01T20:59:34.230000Z  46.790  38.377  17.180   2.800   19  NaN  NaN  NaN  23.000  105   0.220   0.700   0.700
2012-09-01T21:16:11.060000Z  46.817  38.385  19.520   1.100   30  NaN  NaN  NaN  18.500   64   0.180   0.400   0.400
2012-09-01T22:17:44.740000Z  46.725  38.420  17.220   2.300   30  NaN  NaN  NaN  10.600   49   0.180   0.400   0.400
2012-09-02T01:33:44.920000Z  46.927  38.310  10.270   1.600   27  NaN  NaN  NaN  10.100   68   0.140   0.300   0.500
2012-09-02T02:53:47.480000Z  46.852  38.403  15.380   3.400   30  NaN  NaN  NaN  19.100   83   0.210   0.500   0.600
2012-09-02T04:11:26.180000Z  46.772  38.428  18.920   2.900   28  NaN  NaN  NaN  25.300   43   0.170   0.400   0.400
2012-09-02T08:50:11.570000Z  46.777  38.427  14.660   4.200   17  NaN  NaN  NaN  26.200  117   0.260   0.900   1.100
2012-09-02T09:03:16.830000Z  46.783  38.407  16.730   3.400   29  NaN  NaN  NaN  14.700   48   0.230   0.500   0.500
2012-09-02T09:24:34.880000Z  46.718  38.453  28.170   2.700   29  NaN  NaN  NaN  32.000   41   0.140   0.400   0.400
2012-09-02T11:11:50.900000Z  46.648  38.384  18.060   3.100   31  NaN  NaN  NaN  35.200   63   0.180   0.400   0.500
2012-09-02T13:44:03.740000Z  46.686  38.393  16.230   3.000   31  NaN  NaN  NaN  12.500   51   0.230   0.500   0.500
2012-09-02T14:22:20.940000Z  46.755  38.404  19.200   2.000   27  NaN  NaN  NaN  26.900   70   0.200   0.500   0.600
2012-09-02T15:36:24.430000Z  46.772  38.365   8.290   1.900   29  NaN  NaN  NaN  17.900   64   0.200   0.400   0.700
2012-09-02T21:26:29.740000Z  46.716  38.433  23.910   1.800   26  NaN  NaN  NaN   8.900   48   0.150   0.400   0.600
2012-09-02T23:16:42.470000Z  46.718  38.221   4.960   2.400   29  NaN  NaN  NaN  30.300   62   0.300   0.600   1.100
2012-09-03T04:43:10.260000Z  46.643  38.443  15.190   2.900   28  NaN  NaN  NaN   7.200   48   0.240   0.500   0.600
2012-09-03T05:58:15.030000Z  46.716  38.387  23.680   2.500   28  NaN  NaN  NaN  13.700   51   0.120   0.300   0.300
2012-09-03T13:59:30.230000Z  46.836  38.362  16.020   2.200   23  NaN  NaN  NaN  18.600   97   0.250   0.600   0.700
2012-09-03T14:19:25.040000Z  46.806  38.336   7.280   1.900   27  NaN  NaN  NaN  20.700   84   0.200   0.400   0.700
2012-09-03T16:21:10.950000Z  46.704  38.392  19.290   2.100   28  NaN  NaN  NaN  30.600   45   0.130   0.300   0.300
2012-09-03T16:29:59.060000Z  46.861  38.388  19.020   1.800   31  NaN  NaN  NaN  17.600   83   0.180   0.400   0.500
2012-09-03T17:17:11.620000Z  46.859  38.406  19.990   2.200   30  NaN  NaN  NaN  18.800   46   0.180   0.400   0.400
2012-09-03T17:17:34.500000Z  46.856  38.418  17.650   2.200   28  NaN  NaN  NaN  18.900   65   0.190   0.500   0.600
2012-09-03T20:11:43.680000Z  46.840  38.332   1.350   1.900   28  NaN  NaN  NaN  17.700   49   0.110   0.200   0.400
2012-09-03T22:23:46.370000Z  46.633  38.377  15.700   1.500   29  NaN  NaN  NaN  36.300   52   0.130   0.400   0.500
2012-09-03T23:30:50.670000Z  46.788  38.383   9.010   1.200   30  NaN  NaN  NaN  17.000   47   0.270   0.600   0.700
2012-09-03T23:59:57.430000Z  46.789  38.360   2.540   1.200   29  NaN  NaN  NaN  22.600   50   0.110   0.200   0.500
2012-09-04T00:21:16.310000Z  46.773  38.392  24.250   1.500   30  NaN  NaN  NaN  15.500   49   0.150   0.300   0.300
2012-09-04T00:42:55.920000Z  46.780  38.536  15.440   1.000   28  NaN  NaN  NaN  24.200   65   0.210   0.600   0.700
2012-09-04T00:50:38.500000Z  46.777  38.375  17.390   2.200   29  NaN  NaN  NaN  17.200   75   0.230   0.500   0.600
2012-09-04T02:08:31.140000Z  46.632  38.398  17.850   1.300   30  NaN  NaN  NaN  12.100   51   0.200   0.400   0.500
2012-09-04T02:09:03.930000Z  46.657  38.402  18.730   1.400   28  NaN  NaN  NaN  34.900   63   0.210   0.600   0.700
2012-09-04T03:13:48.690000Z  46.700  38.400  19.320   2.900   28  NaN  NaN  NaN  31.300   50   0.140   0.300   0.400
2012-09-04T04:20:28.840000Z  46.687  38.391  19.170   2.800   27  NaN  NaN  NaN  12.600   51   0.190   0.400   0.500
2012-09-04T05:43:57.190000Z  46.719  38.400  19.210   2.600   29  NaN  NaN  NaN  29.700   53   0.150   0.400   0.400
2012-09-04T08:16:12.720000Z  46.780  38.386  18.790   2.500   29  NaN  NaN  NaN  16.400   49   0.190   0.500   0.400
2012-09-04T13:55:56.810000Z  46.703  38.330   1.660   2.200   28  NaN  NaN  NaN  19.600   51   0.180   0.400   0.600
2012-09-04T14:21:11.240000Z  46.710  38.380   1.220   1.800   28  NaN  NaN  NaN  29.800   49   0.130   0.300   0.900
2012-09-04T17:25:39.490000Z  46.815  38.374  18.660   2.300   31  NaN  NaN  NaN  19.300   50   0.180   0.400   0.400
2012-09-04T17:52:32.880000Z  46.796  38.367  15.500   1.200   28  NaN  NaN  NaN  18.800   48   0.230   0.500   0.600
2012-09-04T18:15:09.700000Z  46.719  38.434  28.990   1.200   28  NaN  NaN  NaN  29.600   48   0.170   0.400   0.500
2012-09-04T18:33:30.930000Z  46.798  38.384  16.840   1.300   29  NaN  NaN  NaN  22.500   47   0.160   0.400   0.500
2012-09-04T19:17:59.050000Z  46.809  38.401  16.640   1.400   27  NaN  NaN  NaN  22.400   46   0.210   0.500   0.500
2012-09-04T22:42:57.910000Z  47.067  38.320   3.110   0.700   28  NaN  NaN  NaN   2.200   63   0.130   0.300   0.300
2012-09-04T23:53:44.940000Z  46.781  38.327   2.080   1.000   28  NaN  NaN  NaN  22.900   52   0.160   0.300   0.900
2012-09-05T01:28:05.570000Z  46.786  38.435   9.070   1.500   28  NaN  NaN  NaN  12.800   75   0.170   0.400   0.400
2012-09-05T03:02:42.310000Z  46.653  38.436  14.100   2.600   28  NaN  NaN  NaN  49.300   64   0.180   0.400   0.600
2012-09-05T09:33:45.990000Z  46.704  38.407  14.580   3.900   26  NaN  NaN  NaN  31.100   80   0.350   0.900   1.100
2012-09-05T12:14:04.410000Z  46.664  38.444  13.780   2.900   29  NaN  NaN  NaN   6.600   49   0.230   0.500   0.500
2012-09-05T15:07:19.750000Z  46.784  38.403  16.810   1.700   30  NaN  NaN  NaN  24.500   50   0.140   0.300   0.400
2012-09-05T16:00:06.980000Z  46.683  38.377  19.430   2.200   31  NaN  NaN  NaN  32.100   52   0.170   0.400   0.500
2012-09-05T17:14:36.910000Z  46.857  38.370  15.310   2.000   31  NaN  NaN  NaN  17.200   56   0.240   0.500   0.500
2012-09-05T18:47:38.840000Z  46.638  38.402  18.220   2.400   28  NaN  NaN  NaN  36.500   42   0.140   0.400   0.500
2012-09-05T19:03:13.760000Z  46.804  38.433  18.780   2.200   31  NaN  NaN  NaN  14.200   51   0.200   0.400   0.400
2012-09-05T21:26:42.060000Z  46.798  38.375  18.050   1.600   30  NaN  NaN  NaN  22.300   48   0.180   0.400   0.400
2012-09-05T23:48:36.960000Z  46.859  38.419   4.380   2.000   27  NaN  NaN  NaN  19.200   51   0.220   0.500   1.100
2012-09-06T01:19:42.340000Z  46.773  38.434  18.340   2.300   31  NaN  NaN  NaN  25.000   46   0.200   0.500   0.600
2012-09-06T02:19:16.320000Z  46.841  38.384  17.730   2.400   28  NaN  NaN  NaN  19.000   50   0.210   0.500   0.500
2012-09-06T08:51:17.760000Z  46.654  38.379  19.470   2.000   29  NaN  NaN  NaN  13.900   45   0.120   0.300   0.300
2012-09-06T10:38:31.190000Z  46.821  38.391  13.960   2.200   30  NaN  NaN  NaN  18.400   47   0.230   0.500   0.600
2012-09-06T20:23:33.910000Z  46.650  38.406  19.400   2.100   29  NaN  NaN  NaN  11.000   51   0.220   0.500   0.400
2012-09-06T20:33:21.850000Z  46.868  38.387  19.550   2.100   30  NaN  NaN  NaN  17.000   53   0.110   0.200   0.200
2012-09-06T22:02:27.350000Z  46.855  38.357  17.320   1.800   28  NaN  NaN  NaN  16.900   61   0.150   0.400   0.400
2012-09-06T22:07:25.570000Z  46.684  38.383  18.630   1.500   26  NaN  NaN  NaN  32.100   47   0.180   0.500   0.600
2012-09-06T23:38:04.920000Z  46.703  38.402  19.550   1.300   28  NaN  NaN  NaN  31.000   44   0.150   0.300   0.500
2012-09-06T23:56:04.020000Z  46.778  38.368  14.140   1.200   28  NaN  NaN  NaN  23.800   48   0.160   0.400   0.400
2012-09-07T02:35:38.290000Z  47.059  38.449   3.920   1.400   29  NaN  NaN  NaN   4.600   64   0.140   0.300   0.300
2012-09-07T05:41:29.260000Z  46.781  38.660   1.380   1.500   30  NaN  NaN  NaN  30.100   58   0.240   0.400   1.100
2012-09-07T12:46:24.390000Z  46.715  38.383  18.140   3.100   30  NaN  NaN  NaN  29.400   64   0.270   0.600   0.800
2012-09-07T16:10:54.890000Z  46.790  38.442  19.440   2.600   30  NaN  NaN  NaN  23.400   46   0.230   0.500   0.500
2012-09-07T16:49:54.300000Z  46.654  38.399  14.820   1.700   28  NaN  NaN  NaN  35.100   53   0.210   0.600   0.800
2012-09-07T17:25:50.580000Z  46.809  38.377  16.950   2.000   29  NaN  NaN  NaN  21.400   48   0.240   0.600   0.600
2012-09-07T17:48:16.900000Z  46.857  38.192  14.930   1.400   28  NaN  NaN  NaN  21.400   56   0.150   0.300   0.400
2012-09-07T17:53:54.630000Z  46.719  38.375  17.040   1.600   29  NaN  NaN  NaN  15.000   51   0.150   0.300   0.400
2012-09-07T19:17:21.340000Z  46.791  38.453  18.910   2.500   29  NaN  NaN  NaN  12.100   62   0.140   0.300   0.300
2012-09-07T19:29:15.830000Z  46.706  38.390  18.440   2.500   31  NaN  NaN  NaN  13.100   45   0.200   0.400   0.400
2012-09-07T19:49:29.650000Z  46.812  38.336  10.940   1.400   28  NaN  NaN  NaN  20.200   56   0.190   0.500   0.700
2012-09-07T20:00:07.020000Z  46.804  38.384  14.950   1.700   30  NaN  NaN  NaN  22.000   47   0.200   0.500   0.600
2012-09-07T20:47:23.000000Z  46.809  38.378  13.890   1.400   30  NaN  NaN  NaN  21.400   48   0.150   0.300   0.400
2012-09-07T21:33:48.750000Z  46.659  38.370   1.450   1.700   28  NaN  NaN  NaN  34.000   55   0.200   0.400   1.000
2012-09-07T21:36:57.250000Z  46.894  38.379  17.610   2.100   29  NaN  NaN  NaN  14.600   50   0.200   0.400   0.500
2012-09-07T23:37:52.800000Z  46.846  38.367   0.370   1.300   28  NaN  NaN  NaN  18.000   79   0.250   0.500   0.900
2012-09-08T00:53:37.170000Z  46.743  38.455  19.020   2.200   29  NaN  NaN  NaN   8.500   64   0.180   0.500   0.500
2012-09-08T01:12:30.140000Z  46.772  38.377  13.880   1.400   27  NaN  NaN  NaN  16.800   47   0.240   0.500   0.700
2012-09-08T02:31:18.660000Z  46.865  38.413  23.730   1.300   30  NaN  NaN  NaN  18.300   48   0.130   0.300   0.400
2012-09-08T04:16:15.600000Z  46.661  38.389  14.930   2.300   29  NaN  NaN  NaN  12.800   44   0.180   0.400   0.500
2012-09-08T04:46:49.490000Z  46.646  38.366  18.380   1.600   29  NaN  NaN  NaN  35.000   46   0.170   0.500   0.700
2012-09-08T06:52:30.910000Z  46.699  38.385  15.060   3.200   28  NaN  NaN  NaN  30.900   51   0.200   0.500   0.700
2012-09-08T08:30:03.940000Z  46.775  38.393  13.300   2.500   28  NaN  NaN  NaN  15.500   58   0.180   0.400   0.400
2012-09-08T09:38:37.710000Z  46.792  38.320  10.260   2.000   29  NaN  NaN  NaN  21.800   52   0.300   0.700   0.800
2012-09-08T14:01:12.260000Z  46.646  38.371   1.690   1.900   30  NaN  NaN  NaN  14.900   47   0.230   0.400   0.800
2012-09-08T20:35:44.730000Z  46.849  38.375  12.530   3.600   26  NaN  NaN  NaN  18.000   50   0.400   1.100   1.100
2012-09-08T21:04:45.110000Z  46.784  38.375  12.470   1.600   28  NaN  NaN  NaN  17.600   94   0.180   0.500   0.600
2012-09-08T21:24:06.480000Z  46.686  38.454   3.120   2.000   28  NaN  NaN  NaN   5.800   50   0.180   0.400   0.500
2012-09-09T04:50:28.050000Z  46.717  38.383  13.810   1.600   30  NaN  NaN  NaN  14.100   46   0.260   0.600   0.600
2012-09-09T10:08:20.580000Z  46.851  38.399  16.540   3.000   28  NaN  NaN  NaN  19.000   53   0.280   0.700   0.700
2012-09-09T13:58:18.210000Z  46.684  38.366  17.370   2.700   30  NaN  NaN  NaN  15.300   47   0.280   0.600   0.800
2012-09-09T17:40:01.550000Z  46.680  38.386   1.180   1.600   28  NaN  NaN  NaN  13.100   45   0.190   0.400   0.800
2012-09-09T20:25:44.600000Z  46.644  38.382  16.960   2.000   29  NaN  NaN  NaN  13.700   52   0.270   0.600   0.600
2012-09-09T22:07:00.060000Z  46.659  38.444  19.260   2.000   29  NaN  NaN  NaN   6.700   49   0.180   0.400   0.400
2012-09-09T22:07:57.750000Z  46.659  38.399   8.410   1.400   30  NaN  NaN  NaN  34.700   55   0.190   0.400   0.700
2012-09-09T22:50:38.810000Z  46.877  38.341   7.620   1.800   27  NaN  NaN  NaN  14.600   51   0.200   0.500   0.700
2012-09-10T01:47:02.890000Z  46.716  38.447  16.120   1.700   27  NaN  NaN  NaN  31.800   58   0.150   0.400   0.400
2012-09-10T02:02:13.000000Z  46.824  38.404  17.970   2.900   27  NaN  NaN  NaN  17.500   59   0.230   0.600   0.700
2012-09-10T08:55:50.180000Z  46.703  38.391  14.530   3.800   15  NaN  NaN  NaN  30.700  125   0.290   1.400   1.900
2012-09-10T13:28:35.570000Z  46.737  38.216  14.950   2.000   28  NaN  NaN  NaN  29.000   61   0.240   0.600   0.600
2012-09-10T17:25:44.440000Z  46.639  38.390   2.300   1.800   26  NaN  NaN  NaN  12.900   43   0.230   0.500   0.900
2012-09-10T19:32:18.120000Z  46.777  38.495  23.470   1.900   28  NaN  NaN  NaN  30.400   71   0.140   0.300   0.500
2012-09-11T00:09:48.630000Z  46.538  38.399  18.910   1.100   28  NaN  NaN  NaN  38.500   57   0.200   0.500   0.700
2012-09-11T03:23:33.190000Z  46.777  38.382  16.300   2.300   30  NaN  NaN  NaN  16.500   76   0.210   0.400   0.400
2012-09-11T03:25:33.290000Z  46.647  38.402  15.880   2.300   30  NaN  NaN  NaN  11.500   43   0.180   0.400   0.500
2012-09-11T10:30:33.650000Z  46.635  38.410  19.440   3.300   25  NaN  NaN  NaN  37.000   53   0.470   1.100   1.300
2012-09-11T16:30:16.250000Z  46.804  38.339   0.290   1.200   30  NaN  NaN  NaN  21.000   50   0.190   0.400   0.600
2012-09-11T17:38:52.620000Z  46.922  38.330   1.740   1.800   27  NaN  NaN  NaN  10.500   46   0.220   0.500   0.800
2012-09-11T21:41:12.640000Z  46.912  38.352  11.850   1.800   28  NaN  NaN  NaN  12.000   46   0.240   0.500   0.600
2012-09-11T22:48:26.320000Z  46.707  38.437  19.930   2.000   29  NaN  NaN  NaN   8.200   67   0.220   0.500   0.600
2012-09-12T09:15:43.650000Z  46.655  38.358   2.550   2.000   27  NaN  NaN  NaN  16.300   58   0.110   0.200   0.400
2012-09-12T10:03:30.140000Z  46.657  38.385   2.310   2.300   28  NaN  NaN  NaN  13.300   48   0.170   0.400   0.700
2012-09-12T12:44:25.720000Z  46.689  38.388  18.900   1.500   29  NaN  NaN  NaN  13.000   45   0.140   0.300   0.300
2012-09-12T12:59:25.160000Z  46.674  38.389  13.690   2.900   25  NaN  NaN  NaN  12.700   51   0.190   0.500   0.800
2012-09-12T20:33:52.600000Z  46.636  38.380  13.870   1.400   29  NaN  NaN  NaN  36.200   53   0.160   0.400   0.400
2012-09-12T20:41:41.650000Z  46.539  38.447  11.040   1.800   32  NaN  NaN  NaN  12.900   35   0.190   0.400   0.500
2012-09-12T22:46:04.250000Z  46.651  38.394   1.670   1.300   27  NaN  NaN  NaN  35.200   87   0.210   0.500   1.200
2012-09-12T23:11:17.490000Z  46.705  38.390  18.730   0.700   31  NaN  NaN  NaN  13.100   53   0.140   0.300   0.300
2012-09-13T00:19:48.100000Z  46.667  38.432  15.430   1.700   30  NaN  NaN  NaN   8.000   49   0.160   0.300   0.300
2012-09-13T01:51:45.920000Z  46.649  38.379  14.090   1.700   30  NaN  NaN  NaN  35.000   63   0.170   0.400   0.500
2012-09-13T04:27:37.560000Z  46.842  38.412  19.780   2.100   30  NaN  NaN  NaN  20.200   46   0.170   0.400   0.400
2012-09-13T12:12:13.110000Z  46.874  38.423  17.880   2.500   29  NaN  NaN  NaN  18.700   49   0.250   0.700   0.600
2012-09-13T14:15:49.180000Z  46.705  38.393  19.510   1.600   27  NaN  NaN  NaN  30.600   59   0.130   0.300   0.400
2012-09-13T14:51:28.790000Z  46.632  38.377   1.190   2.100   30  NaN  NaN  NaN  36.500   44   0.190   0.400   0.800
2012-09-13T16:48:09.920000Z  46.857  38.334   7.410   1.700   27  NaN  NaN  NaN  16.300   49   0.150   0.400   0.500
2012-09-13T17:42:24.510000Z  46.770  38.374  17.690   1.900   27  NaN  NaN  NaN  17.000   48   0.140   0.400   0.500
2012-09-13T18:19:28.320000Z  46.648  38.401  12.670   1.800   29  NaN  NaN  NaN  11.600   82   0.240   0.500   0.700
2012-09-13T19:05:15.430000Z  46.794  38.359  10.400   1.800   28  NaN  NaN  NaN  19.500   49   0.170   0.400   0.600
2012-09-13T19:45:20.410000Z  46.696  38.388  17.390   3.200   20  NaN  NaN  NaN  31.200  111   0.220   0.600   0.900
2012-09-13T22:30:04.200000Z  46.870  38.387  16.550   1.600   30  NaN  NaN  NaN  16.900   62   0.200   0.500   0.400
2012-09-13T22:57:56.290000Z  46.649  38.400  14.490   1.600   29  NaN  NaN  NaN  11.700   45   0.180   0.400   0.400
2012-09-13T23:56:12.790000Z  46.730  38.383  27.810   1.000   28  NaN  NaN  NaN  28.300   55   0.120   0.300   0.400
2012-09-14T00:42:36.760000Z  46.829  38.388  16.650   2.500   30  NaN  NaN  NaN  19.100   83   0.120   0.300   0.300
2012-09-14T02:19:38.100000Z  46.657  38.402  11.450   3.500   27  NaN  NaN  NaN  34.900   82   0.430   1.200   1.800
2012-09-14T13:21:02.090000Z  46.780  38.350   9.890   1.800   27  NaN  NaN  NaN  23.200   51   0.270   0.800   1.200
2012-09-14T14:32:33.310000Z  46.614  38.432  18.790   2.600   28  NaN  NaN  NaN   9.300   64   0.190   0.400   0.500
2012-09-14T16:41:05.030000Z  46.798  38.385  13.450   2.400   29  NaN  NaN  NaN  17.500   50   0.200   0.400   0.600
2012-09-15T11:01:17.420000Z  46.784  38.376  18.610   2.600   29  NaN  NaN  NaN  23.500   53   0.240   0.600   0.600
2012-09-15T19:19:21.030000Z  46.806  38.410  17.430   2.200   28  NaN  NaN  NaN  15.900   47   0.190   0.500   0.600
2012-09-15T20:28:29.150000Z  46.793  38.374  10.690   1.500   28  NaN  NaN  NaN  18.100   49   0.260   0.600   1.100
2012-09-15T21:17:11.120000Z  46.853  38.369  17.970   1.700   28  NaN  NaN  NaN  17.400   47   0.190   0.400   0.400
2012-09-16T01:01:34.050000Z  46.577  38.387   2.970   0.900   29  NaN  NaN  NaN  15.200   41   0.360   0.700   1.200
2012-09-16T17:12:51.330000Z  46.859  38.402  18.560   2.400   27  NaN  NaN  NaN  18.500   50   0.170   0.400   0.400
2012-09-16T18:06:51.030000Z  46.703  38.325   0.970   2.500   28  NaN  NaN  NaN  20.100   55   0.110   0.200   0.400
2012-09-16T19:48:09.650000Z  46.785  38.326  12.520   1.300   28  NaN  NaN  NaN  22.500   70   0.170   0.400   0.500
2012-09-16T22:59:03.730000Z  46.726  38.379  18.310   1.500   28  NaN  NaN  NaN  14.800   51   0.120   0.300   0.300