                        ORT     Lon     Lat     Dep     Mag  Nus  NuP  NuS     ADS     MDS  GAP     RMS     ERH     ERZ
2012-08-11T12:23:15.400000Z  46.809  38.416   4.200   6.500   15   15    0 143.710  23.100  107   0.385   5.900 643.800
2012-08-11T12:28:46.100000Z  46.771  38.444  21.700   3.500    5    5    0  73.900  27.500  193   0.270  14.600  22.700
2012-08-11T12:49:15.500000Z  46.687  38.394  12.300   4.600   12   12    2 127.110  32.200  124   0.304   4.600  12.500
2012-08-11T13:14:05.500000Z  46.673  38.388   4.100   4.400   18   18    0 154.690  33.200   98   0.267   3.800 999.900
2012-08-11T13:23:14.900000Z  46.714  38.482  10.000   3.700    6    6    0  88.650  33.900  144   0.418   9.200  45.900
2012-08-11T13:42:11.400000Z  46.679  38.407  13.100   4.000   17   17    1 138.020  33.200   99   0.288   3.800  11.000
2012-08-11T14:14:53.600000Z  46.694  38.484  26.500   2.800    5    5    2  69.930  35.500  194   0.321  10.900  15.600
2012-08-11T14:25:15.000000Z  46.690  38.441  17.400   4.300   10   10    2 117.850  33.700  139   0.296   4.600   9.500
2012-08-11T14:55:57.200000Z  46.742  38.439   5.900   3.100    6    6    3  70.990  29.400  188   0.397   6.200  82.400
2012-08-11T15:21:14.500000Z  46.793  38.430  16.800   4.700   20   20    0 165.050  25.000  118   0.349   5.800  15.500
2012-08-11T16:00:50.200000Z  46.779  38.412  14.700   4.000   19   19    1 141.160  25.200  100   0.257   3.600   7.000
2012-08-11T16:15:04.100000Z  46.673  38.418  15.400   2.700    6    6    4  71.840  34.100  177   0.298   4.300  10.300
2012-08-11T16:21:52.800000Z  46.661  38.412  19.900   4.100   10   10    0 129.030  34.900  125   0.368   6.600  19.500
2012-08-11T16:34:32.400000Z  46.666  38.433  14.700   3.300    9    9    2 105.470  35.200  127   0.308   4.600  13.100
2012-08-11T17:37:58.200000Z  46.868  38.404  19.800   2.100    5    5    4  72.200  17.900  193   0.288   7.000   7.400
2012-08-11T17:45:43.600000Z  46.832  38.416  19.300   2.600    6    6    4  70.490  21.300  192   0.422   9.700  11.900
2012-08-11T17:49:25.400000Z  46.821  38.418  16.700   2.600    7    7    5  74.770  22.300  191   0.287   4.200   6.500
2012-08-11T17:58:33.100000Z  46.807  38.372  10.000   4.100    9    9    1 112.000  21.400  131   0.246   4.000  17.400
2012-08-11T18:13:03.200000Z  46.660  38.393   5.400   3.000    9    9    0 114.800  34.400  133   0.268   5.000 403.300
2012-08-11T18:21:44.500000Z  46.700  38.427  19.900   2.600    6    6    4  73.860  32.300  181   0.280   4.100   7.100
2012-08-11T19:12:04.600000Z  46.803  38.439  20.000   2.900    7    7    7  76.560  24.800  195   0.437   5.400   8.900
2012-08-11T19:29:29.400000Z  46.771  38.441  25.000   2.600    6    6    3  70.970  27.300  192   0.278   7.300   9.500
2012-08-11T19:30:45.200000Z  46.932  38.427  21.600   2.700    6    6    5  78.050  15.500  215   0.495  11.500   9.700
2012-08-11T19:40:17.200000Z  46.807  38.446  20.000   2.600    7    6    6  76.280  24.900  197   0.428   5.700   8.800
2012-08-11T20:10:30.000000Z  46.762  38.420  13.700   3.400    8    8    1 109.690  26.900  136   0.373   8.400  14.700
2012-08-11T20:29:18.600000Z  46.865  38.379   4.100   2.600    6    5    2  69.110  16.900  183   0.319  10.900 513.700
2012-08-11T20:37:27.500000Z  46.777  38.457  19.700   2.300    5    5    1  82.800  27.800  196   0.253   8.200  13.700
2012-08-11T20:45:46.600000Z  46.684  38.415  13.400   2.900    7    7    6  74.540  33.100  177   0.855  10.300  31.700
2012-08-11T21:13:21.200000Z  46.672  38.429  11.500   2.400    6    6    1  70.910  34.600  180   0.273   7.500  19.300
2012-08-11T21:18:35.100000Z  46.715  38.443  19.900   2.600    6    6    6  78.100  31.800  187   0.527   6.900  13.000
2012-08-11T21:21:14.000000Z  46.802  38.438  17.900   2.700    7    7    5  77.470  24.800  194   0.354   5.400   7.700
2012-08-11T21:33:50.700000Z  46.845  38.437  18.900     NaN    7    7    7  77.390  21.600  200   0.476   6.000   9.100
2012-08-11T22:04:32.200000Z  46.696  38.412  13.600   3.700    9    9    2 104.550  31.900  135   0.301   4.600  12.700
2012-08-11T22:12:46.700000Z  46.753  38.412  16.700   3.300    9    9    3 101.880  27.300  135   0.307   4.900   8.300
2012-08-11T23:40:52.800000Z  46.778  38.466  14.100   2.200    5    5    1  82.930  28.300  199   0.295   9.100  21.000
2012-08-11T23:58:13.400000Z  46.701  38.459  12.200   3.400    8    8    2 110.670  33.700  141   0.270   5.100  13.700
2012-08-12T00:10:52.700000Z  46.696  38.401   7.200   2.500    5    5    0  75.440  31.600  175   0.270   9.100  62.200
2012-08-12T00:15:22.800000Z  46.760  38.439  17.800   3.100    8    8    3 111.370  28.000  139   0.266   4.400  12.700
2012-08-12T00:34:16.300000Z  46.761  38.423  18.500   3.800    8    8    2 108.850  27.200  137   0.290   6.200   8.700
2012-08-12T00:41:26.300000Z  46.741  38.469  19.100   2.700    5    5    1  81.920  31.100  196   0.337  10.200  19.900
2012-08-12T01:35:50.400000Z  46.744  38.442   6.600   2.200    5    5    1  81.250  29.400  189   0.212   6.800  58.000
2012-08-12T02:24:43.200000Z  46.784  38.433  11.900   3.700   14   14    1 131.490  25.900  118   0.390   6.200  26.400
2012-08-12T02:32:17.200000Z  46.694  38.391  17.900   1.800    5    5    1  67.980  31.500  172   0.294   9.900  11.900
2012-08-12T03:28:00.400000Z  46.752  38.473   6.900   2.400    5    5    1  83.280  30.600  197   0.253   9.100  65.200
2012-08-12T04:10:45.300000Z  46.825  38.458  10.000   2.600    4    4    4  74.380  24.500  203   0.392  11.900  12.800
2012-08-12T04:35:39.500000Z  46.731  38.486  10.000   2.600    4    4    4  70.950  32.900  198   0.438   9.500  49.600
2012-08-12T04:40:40.300000Z  46.759  38.422  17.200   2.900    5    5    4  69.070  27.300  185   0.358   7.400  14.900
2012-08-12T05:13:20.700000Z  46.852  38.477   4.100   2.300    4    4    4  76.280  24.200  212   0.326   8.700 999.900
2012-08-12T05:17:53.800000Z  46.919  38.313  29.900   2.200    4    4    3  78.200  10.800  176   0.337  12.600   9.000
2012-08-12T05:37:55.800000Z  46.780  38.429  10.000   2.200    4    4    4  71.800  26.000  189   0.339  10.200  13.600
2012-08-12T06:03:57.900000Z  46.788  38.460  10.000   2.600    4    4    4  72.750  27.200  198   0.335  10.100  13.600
2012-08-12T06:17:50.000000Z  46.838  38.445  10.000   2.600    5    5    4  78.820  22.700  201   0.383  10.600  11.800
2012-08-12T06:29:57.300000Z  46.736  38.352  28.200   1.800    4    4    4  69.150  27.000  164   0.400  10.300  12.900
2012-08-12T06:40:44.600000Z  46.650  38.392  18.900   4.100   19   19    1 152.180  35.200  124   0.263   3.900   7.200
2012-08-12T07:22:55.600000Z  46.767  38.444  17.600   3.000    6    6    5  77.060  27.800  192   0.360   5.700  12.000
2012-08-12T07:26:53.300000Z  46.706  38.461  13.400   2.300    5    5    5  76.980  33.400  190   0.347   5.400  18.000
2012-08-12T07:29:29.600000Z  46.828  38.400  10.000   2.300    5    5    4  77.180  20.800  186   0.392  10.800  11.500
2012-08-12T07:33:03.000000Z  46.694  38.423  10.000   2.400    5    5    5  74.980  32.600  180   0.655  12.900  27.200
2012-08-12T07:36:35.700000Z  46.772  38.447  13.000   2.700    5    5    5  79.320  27.600  193   0.300   5.200  14.900
2012-08-12T08:01:20.000000Z  46.796  38.411  19.800   2.900    5    5    5  79.320  23.800  186   0.337   5.700   9.800
2012-08-12T08:03:43.900000Z  46.746  38.430  15.900   2.100    5    5    4  74.380  28.600  186   0.256   5.000  10.600
2012-08-12T10:15:33.500000Z  46.747  38.423  18.800   3.300    9    9    2 106.450  28.300  137   0.259   4.700   7.800
2012-08-12T10:29:27.400000Z  46.673  38.413  19.900   2.000    5    5    1  63.850  33.900  176   0.349  13.700  24.900
2012-08-12T11:21:16.300000Z  46.707  38.423  19.000   2.300    6    6    1  70.170  31.500  181   0.251   8.600  15.000
2012-08-12T11:51:31.500000Z  46.796  38.397  14.700   3.300    8    8    3  92.970  23.200  134   0.233   3.700   6.900
2012-08-12T14:19:08.900000Z  46.796  38.421  18.100   3.100    9    9    3 103.280  24.300  136   0.219   3.800   5.700
2012-08-12T15:15:10.200000Z  46.849  38.427  12.600   2.200    6    6    1  86.010  20.700  198   0.321   9.700  22.200
2012-08-12T15:59:25.400000Z  46.806  38.447  14.200   2.600    6    6    6  69.780  13.600  187   0.282   4.300   4.900
2012-08-12T17:18:30.600000Z  46.741  38.459  19.200     NaN    6    6    5  62.780   8.090  172   0.320   5.400   4.600
2012-08-12T18:44:22.100000Z  46.838  38.409  17.600   2.200    6    6    5  67.250  18.200  174   0.227   4.400   4.300
2012-08-12T18:46:40.200000Z  46.830  38.395  15.100   2.000    5    5    5  62.420  18.600  164   0.464   8.500  10.000
2012-08-12T19:28:04.700000Z  46.810  38.434  20.900   1.700    5    5    5  61.280  14.600  181   0.619  12.800  10.000
2012-08-12T19:29:56.600000Z  46.776  38.420  18.700   2.100    5    5    2  75.160  25.900  186   0.383   8.300  16.900
2012-08-12T20:04:31.000000Z  46.762  38.490  18.300   1.800    5    5    4  59.380   8.350  203   0.420  10.100   5.800
2012-08-12T20:09:35.500000Z  46.871  38.416  16.200   2.300    5    5    5  64.380  18.400  187   0.298   6.000   5.900
2012-08-12T20:11:02.200000Z  46.684  38.427  12.600   1.900    5    5    5  55.830   8.670  135   0.531   8.300   9.900
2012-08-12T21:26:31.800000Z  46.676  38.393   9.900   2.200    5    5    1  48.680  12.300  145   0.363  11.300  18.100
2012-08-12T21:33:17.800000Z  46.803  38.456   4.100   3.100    8    8    2 110.690  25.900  140   0.248   6.000 728.300
2012-08-12T22:01:15.900000Z  46.706  38.436  14.500   2.400    5    5    5  56.620   8.190  138   0.318   5.200   5.400
2012-08-12T22:05:43.000000Z  46.799  38.427  16.300   2.200    6    6    5  60.630  14.200  173   0.341   5.900   6.100
2012-08-12T22:45:49.200000Z  46.727  38.426  15.600   2.000    6    6    5  61.950  10.000  144   0.506   8.000   8.700
2012-08-12T22:57:07.600000Z  46.895  38.483  19.400   2.900    6    6    6  67.080  19.900  221   0.411   6.900   6.500
2012-08-12T23:02:03.800000Z  46.842  38.386  19.900   2.700    7    7    7  68.990  19.000  163   0.590   8.300   9.700
2012-08-12T23:16:13.100000Z  46.681  38.391  11.100   1.800    5    5    4  52.000  12.500  145   0.424   6.700  11.200
2012-08-12T23:58:41.600000Z  46.891  38.456  16.200   1.900    7    7    5  72.820  20.200  210   0.350   6.400   5.400
2012-08-13T00:07:53.900000Z  46.676  38.411  18.800   2.400    6    6    0  79.570  33.600  176   0.270   7.100  17.600
2012-08-13T00:18:02.600000Z  46.894  38.447   9.800   3.200    9    9    6 107.460  19.300  139   0.321   3.900  10.300
2012-08-13T00:22:08.300000Z  46.691  38.421  20.000   3.200    8    8    2 108.510  32.700  136   0.302   6.500   9.700
2012-08-13T01:02:22.800000Z  46.798  38.446  20.100   1.500    5    5    4  73.960  13.000  184   0.296   7.700   5.100
2012-08-13T01:29:26.600000Z  46.790  38.477   5.800   2.400    6    6    2  75.250  28.200  203   0.377   8.500  72.100
2012-08-13T01:38:46.800000Z  46.839  38.450  17.000   1.600    6    6    4  70.680  16.100  198   0.317   6.100   5.500
2012-08-13T01:56:10.000000Z  46.692  38.437  16.500   4.700   11   11    3 127.820  33.300  138   0.327   5.600  10.800
2012-08-13T03:58:29.000000Z  46.872  38.468   4.100   2.900    5    5    2  79.540  22.300  213   0.322  11.100 975.400
2012-08-13T04:15:52.400000Z  46.682  38.398  20.000   3.700    8    8    2 107.370  32.700  134   0.281   5.000   9.200
2012-08-13T05:22:28.800000Z  46.663  38.392  20.000   2.600    5    5    1  66.450  34.200  171   0.291  10.000  20.500
2012-08-13T06:58:22.000000Z  46.675  38.453  16.600   3.200    9    9    1 110.120  35.400  129   0.291   5.200  11.900
2012-08-13T07:28:30.500000Z  46.791  38.393  16.300   3.200   10   10    3 102.070  23.500  133   0.223   3.500   5.300
2012-08-13T07:50:54.400000Z  46.659  38.413   4.700   2.200    5    5    1  71.480  35.100  175   0.392   9.900 999.900
2012-08-13T08:16:50.000000Z  46.886  38.438   5.500   4.000   20   20    3 142.570  19.000  102   0.566   6.500  57.600
2012-08-13T10:28:13.500000Z  46.691  38.430  15.800   1.900    4    4    2  66.680  33.100  182   0.184  10.500  11.900
2012-08-13T10:29:31.200000Z  46.650  38.415   4.100   2.200    6    6    0  79.220  35.900  175   0.264   6.600 999.900
2012-08-13T10:45:44.000000Z  46.611  38.462  20.000   4.200   11   11    2 117.390  40.900  129   0.260   3.800   9.300
2012-08-13T11:47:52.300000Z  46.864  38.453   5.000   1.800    4    4    1  62.780  21.600  208   0.293  11.900 106.500
2012-08-13T12:07:37.300000Z  46.591  38.445   4.200   2.100    6    6    1  73.510  41.900  178   0.259   5.400  42.000
2012-08-13T12:45:58.000000Z  46.734  38.436  19.600   3.900   11   11    3 115.550  29.900  138   0.380   5.100   9.900
2012-08-13T12:53:47.200000Z  46.719  38.430  12.700   3.200   10   10    1 111.750  30.800  138   0.245   3.800  20.000
2012-08-13T13:31:40.300000Z  46.841  38.403  15.100   1.500    6    6    1  70.070  19.900  189   0.390  12.100  11.600
2012-08-13T13:57:03.300000Z  46.701  38.439   4.100   1.800    7    7    0  81.530  32.700  184   0.272   6.900 999.900
2012-08-13T14:02:42.800000Z  46.702  38.355  14.800   1.500    6    6    1  68.330  30.000  163   0.366   9.400  17.700
2012-08-13T15:06:34.300000Z  46.681  38.415  10.000   2.700    6    6    1  69.430  33.400  177   0.312   9.500 999.900
2012-08-13T15:32:15.800000Z  46.783  38.426  14.800   2.200    7    7    2  73.780  25.500  189   0.258   5.400   7.800
2012-08-13T16:14:40.700000Z  46.674  38.486  20.900   2.700    6    6    2  70.230  37.100  193   0.269   6.300  13.800
2012-08-13T16:31:48.900000Z  46.686  38.415   4.100   1.600    6    6    0  76.550  32.900  177   0.324   8.600 999.900
2012-08-13T17:08:41.900000Z  46.676  38.435   4.600   2.800    7    7    0  81.040  34.500  182   0.464  10.900 547.000
2012-08-13T18:31:10.900000Z  46.784  38.416   4.100   1.900    7    7    0  82.260  25.000  186   0.293   8.000 999.900
2012-08-13T18:40:05.700000Z  46.673  38.419  20.300   3.400   10   10    3 103.870  34.100  126   0.401   5.600  14.000
2012-08-13T19:43:22.000000Z  46.646  38.425  19.000   3.300   10   10    4 100.650  36.600  126   0.293   3.300   7.800
2012-08-13T19:55:52.700000Z  46.726  38.361  28.500   1.800    6    6    0  87.100  52.300  192   0.417  12.500  35.500
2012-08-13T20:12:42.700000Z  46.887  38.417  12.100   2.800    7    7    1  85.910  17.400  201   0.266   7.700  13.200
2012-08-13T20:22:37.600000Z  46.980  38.384   4.100   1.500    6    6    0  80.520   9.140  207   0.323  11.500 120.000
2012-08-13T20:29:51.900000Z  46.768  38.550   4.200   1.800    6    6    1  80.760  35.200  214   0.353  10.900 912.100
2012-08-13T20:44:57.200000Z  46.820  38.367  10.000   1.600    6    6    1  68.630  20.200  174   0.304   9.200  16.200
2012-08-13T20:57:07.500000Z  46.663  38.386   6.000   1.500    5    5    1  62.950  34.000  169   0.253   7.900  94.100
2012-08-13T21:01:40.200000Z  46.680  38.408   4.400   1.800    6    6    1  70.070  33.100  176   0.321   8.500 999.900
2012-08-13T21:10:31.500000Z  46.763  38.477  14.200   1.600    7    7    1  78.000  30.100  200   0.302   8.400  13.400
2012-08-13T21:18:45.800000Z  46.771  38.393  17.100   1.300    5    5    1  64.480  25.200  206   0.314  11.700  11.700
2012-08-13T21:25:25.200000Z  46.800  38.458  18.800   1.800    7    7    1  77.320  26.200  199   0.337   9.500  10.000
2012-08-13T21:29:06.500000Z  46.800  38.400  16.100   1.300    4    4    2  73.650  23.000  210   0.390  11.600  17.500
2012-08-13T21:33:29.800000Z  46.680  38.436  16.000   1.700    7    7    1  75.300  34.300  182   0.345   8.400  15.700
2012-08-13T22:37:04.500000Z  46.687  38.392  20.000   3.300   10   10    2 104.850  32.100  133   0.320   4.800   8.700
2012-08-13T23:22:37.000000Z  46.746  38.444  10.000   1.500    5    5    0  73.140  29.400  190   0.286  12.100  56.400
2012-08-13T23:43:33.600000Z  46.863  38.398  12.100   1.500    7    7    0  83.140  18.000  190   0.273   8.100  15.400
2012-08-14T01:32:41.700000Z  46.693  38.454   9.400   2.200    7    7    0  82.210  34.000  188   0.361   9.000  53.200
2012-08-14T01:39:59.300000Z  46.726  38.467  19.300   1.400    5    5    0  73.420  32.100  193   0.313  12.600  29.400
2012-08-14T01:49:20.100000Z  46.690  38.417  16.800   3.000   10   10    3 103.850  32.600  136   0.286   3.700   9.300
2012-08-14T02:00:50.700000Z  46.690  38.477   4.300   2.000    6    6    0  82.620  35.400  192   0.323   8.700 999.900
2012-08-14T02:37:06.900000Z  46.803  38.432  15.500   2.400    5    2    4  71.000  24.400  220   0.299   6.700  10.900
2012-08-14T03:46:54.400000Z  46.803  38.438  18.100   2.100    7    7    6  71.310  13.900  180   0.343   4.600   4.000
2012-08-14T04:08:43.300000Z  46.640  38.461   4.600   2.300    5    5    1  69.730  38.500  185   0.305   9.700 296.500
2012-08-14T04:52:17.700000Z  46.660  38.442  20.000   2.100    6    6    2  73.030  36.100  182   0.248   5.100   9.700
2012-08-14T05:28:13.100000Z  46.803  38.434  17.800   3.400   10   10    4 103.360  24.500  138   0.272   3.800   6.000
2012-08-14T06:58:45.500000Z  46.657  38.402  15.700   1.800    5    5    1  63.330  34.900  172   0.295   9.100  21.100
2012-08-14T08:11:49.000000Z  46.661  38.392  14.700   2.100    5    5    1  63.100  34.300  170   0.246   7.900  19.700
2012-08-14T10:28:44.200000Z  46.705  38.409  15.000   3.600   21   21    2 140.030  31.100   99   0.302   3.300   8.800
2012-08-14T10:50:24.700000Z  46.805  38.504  14.400   2.100    6    6    0  87.120  29.200  211   0.363  11.500  26.200
2012-08-14T11:17:14.100000Z  46.666  38.398   5.200   1.700    4    4    0  63.700  34.000  203   0.279  12.600 325.900
2012-08-14T11:44:11.800000Z  46.686  38.452   5.300   1.800    7    7    0  82.010  34.500  187   0.309   7.700 999.900
2012-08-14T12:42:55.300000Z  46.679  38.415  19.900   2.200    7    7    0  80.060  33.500  177   0.338   8.100  20.600
2012-08-14T13:31:03.400000Z  46.694  38.431  17.500   2.200    7    7    0  81.010  32.900  182   0.311   7.700  21.100
2012-08-14T14:02:25.700000Z  46.790  38.474  18.600   5.200   21   21    0 155.640  28.000   55   0.255   3.300  11.600
2012-08-14T15:48:20.200000Z  46.652  38.433  17.100   3.800   11   11    3 116.190  36.400  127   0.332   4.400  11.600
2012-08-14T16:07:08.700000Z  46.845  38.392  12.400   1.900    5    5    2  71.610  19.100  186   0.280   7.000  10.300
2012-08-14T16:30:46.200000Z  46.782  38.405  15.400   2.000    7    7    2  84.280  24.700  183   0.384   6.600  20.900
2012-08-14T16:36:24.800000Z  46.703  38.409  18.200   3.300   10   10    4  99.800  31.300  135   0.406   4.700  10.100
2012-08-14T17:05:18.200000Z  46.656  38.424   4.200   1.700    5    5    2  75.590  35.700  178   0.260   6.000 885.100
2012-08-14T17:09:09.900000Z  46.727  38.416  19.600   3.100   10   10    4 100.510  29.600  136   0.593   7.100  13.400
2012-08-14T17:16:26.100000Z  46.789  38.428   4.800   2.000    5    5    2  87.270  59.900  202   0.222   8.100 999.900
2012-08-14T18:53:41.200000Z  46.660  38.408  13.500   2.000    6    6    2  67.380  34.800  174   0.516   9.500  20.400
2012-08-14T20:20:33.200000Z  46.662  38.419  14.600   3.000    9    9    3  86.980  35.000  136   0.257   3.300   9.000
2012-08-14T21:29:04.300000Z  46.885  38.445  16.800   1.300    6    6    0  81.080  19.600  209   0.256   9.200  11.600
2012-08-14T21:32:40.200000Z  46.792  38.417  16.300   1.500    6    6    0  78.180  24.500  187   0.331  10.200  18.900
2012-08-14T22:10:17.600000Z  46.675  38.422   4.300   2.000    6    6    0  76.670  34.000  179   0.306   8.000 999.900
2012-08-14T22:41:54.500000Z  46.701  38.389  12.000   1.700    6    6    0  75.750  30.800  172   0.273   7.400  26.800
2012-08-14T23:07:43.000000Z  46.752  38.398   4.400   1.300    5    5    0  72.160  26.900  178   0.297   8.800 999.900
2012-08-14T23:33:30.800000Z  46.770  38.406  19.900   1.700    6    6    0  77.350  25.700  182   0.289  10.300  15.300
2012-08-14T23:42:05.500000Z  46.700  38.380  13.400   1.700    6    6    0  75.530  30.700  170   0.254   6.900  22.200
2012-08-15T00:42:47.200000Z  46.705  38.390  14.800   1.100    3    3    2  62.620  30.500  202   0.278  11.200  26.600
2012-08-15T01:35:40.000000Z  46.679  38.430  19.900   1.600    5    5    2  66.310  34.100  181   0.346   8.400  11.000
2012-08-15T01:43:13.100000Z  46.693  38.390  15.900   1.600    5    5    2  67.830  31.500  172   0.285   7.200  15.000
2012-08-15T03:03:30.600000Z  46.620  38.486  19.400   1.800    4    4    2  66.100  41.300  189   0.271  10.500  26.200
2012-08-15T03:41:30.500000Z  46.800  38.427  17.900   3.400    9    9    4 108.560  24.300  137   0.216   3.000   5.400
2012-08-15T04:29:39.900000Z  46.816  38.406  11.500   3.100    9    9    4 104.460  22.000  135   0.444   6.300  13.100
2012-08-15T05:26:26.800000Z  46.767  38.431  10.000   2.400    7    7    1  84.980  27.100  188   0.292   7.900  13.700
2012-08-15T05:39:51.100000Z  46.683  38.450  15.200   2.300    7    7    1  82.120  34.600  186   0.411   8.100  30.700
2012-08-15T07:12:14.500000Z  46.642  38.415   4.100   2.600    6    6    1  70.400  36.500  175   0.313   8.000 999.900
2012-08-15T08:39:21.700000Z  46.861  38.425   9.300   3.100    7    7    3  78.870  19.800  199   0.305   6.000  12.000
2012-08-15T09:03:48.000000Z  46.694  38.434  18.600   2.600    7    7    1  75.210  33.000  183   0.356   8.800  13.600
2012-08-15T09:37:46.800000Z  46.686  38.365  10.000   1.800    5    5    1  62.630  31.600  165   0.341  10.400 999.900
2012-08-15T11:27:05.700000Z  46.780  38.349  18.400   2.500    6    6    0  80.430  23.200  165   0.371  10.200  19.300
2012-08-15T11:39:29.800000Z  46.692  38.365  11.300   2.200    5    5    1  67.420  31.000  165   0.256   8.700  18.000
2012-08-15T13:52:42.400000Z  46.667  38.441  10.000   2.100    7    7    0  81.170  35.500  183   0.281   6.900  53.800
2012-08-15T13:58:28.200000Z  46.802  38.488   7.400   2.000    6    6    1  73.940  28.200  207   0.459  12.800 948.900
2012-08-15T16:01:21.900000Z  46.684  38.376   4.500   2.200    5    5    1  62.900  32.000  168   0.248   8.100 380.600
2012-08-15T17:49:04.700000Z  46.666  38.407  18.100   5.000   19   19    1 147.880  34.300  108   0.283   3.600   7.900
2012-08-15T18:00:01.100000Z  46.648  38.434  18.000   3.300   10   10    1 107.350  36.700  127   0.391   6.300  13.700
2012-08-15T18:16:27.300000Z  46.707  38.451  18.500   2.100    6    6    1  71.840  32.800  188   0.336   9.700  12.700
2012-08-15T18:38:43.800000Z  46.673  38.417  17.300   2.200    6    6    1  70.390  34.000  177   0.291   7.900  12.600
2012-08-15T19:23:57.900000Z  46.662  38.408  14.100   1.800    6    6    2  73.220  34.600  174   0.263   4.400  15.900
2012-08-15T20:27:44.200000Z  46.682  38.422  19.900   2.100    5    5    1  74.780  33.500  179   0.273   5.900  16.400
2012-08-15T21:26:47.400000Z  46.676  38.404  20.800   2.200    6    6    1  69.930  33.400  174   0.261   8.000  11.700
2012-08-15T23:01:19.600000Z  46.643  38.377   4.300   1.700    5    5    1  65.480  35.400  197   0.249   8.400 470.000
2012-08-16T00:15:16.200000Z  46.653  38.426  19.500   3.300   10   10    2 105.140  36.100  126   0.243   3.600   8.000
2012-08-16T00:32:52.000000Z  46.656  38.426  15.600   1.700    6    6    1  70.830  35.800  178   0.258   7.000  13.000
2012-08-16T01:31:21.000000Z  46.753  38.430  21.000   1.900    7    7    1  84.600  28.100  187   0.316   8.200  15.900
2012-08-16T02:26:38.500000Z  46.844  38.384   4.200   1.700    5    5    0  80.720  18.800  182   0.296  10.900 607.500
2012-08-16T03:01:38.400000Z  46.758  38.484  25.300   2.300    7    7    1  87.250  30.900  201   0.236   6.300  11.100
2012-08-16T03:10:48.000000Z  46.828  38.405  17.700   2.400    7    7    0  82.860  21.000  188   0.371  10.300  17.700
2012-08-16T05:33:56.100000Z  46.678  38.450   7.000   2.300    7    7    1  85.440  35.000  185   0.423   9.800 108.800
2012-08-16T05:39:30.900000Z  46.687  38.391  19.000   1.600    5    5    1  63.320  32.100  172   0.473  15.000  26.600
2012-08-16T06:33:55.500000Z  46.738  38.475   0.100   2.000    4    4    1  70.280  31.800  196   0.211   5.000 999.900
2012-08-16T08:56:53.800000Z  46.707  38.439   4.100   1.800    4    4    1  65.780  32.200  185   0.252  11.200 999.900
2012-08-16T09:27:46.900000Z  46.717  38.424  18.600   3.100    7    7    3  75.040  30.700  182   0.366   6.700   9.600
2012-08-16T11:28:36.800000Z  46.711  38.434  11.100   1.900    6    6    0  77.220  31.600  184   0.292  10.600  48.400
2012-08-16T13:20:15.200000Z  46.699  38.418   4.200   1.300    5    5    0  70.740  32.000  179   0.288  10.200 999.900
2012-08-16T13:56:30.200000Z  46.712  38.411  13.600   2.000    7    7    0  80.530  30.700  178   0.306   7.600  25.500
2012-08-16T15:15:35.000000Z  46.736  38.448  17.600   3.800   11   11    4 112.060  30.400  140   0.237   3.100   6.400
2012-08-16T15:31:10.400000Z  46.689  38.372   4.300   1.500    5    5    0  69.120  31.400  167   0.326  10.600 999.900
2012-08-16T17:11:47.600000Z  46.741  38.458  19.900   1.700    7    7    0  83.390  30.500  193   0.253   7.100  15.100
2012-08-16T17:14:13.200000Z  46.730  38.436  18.900   4.600   20   20    2 150.560  30.200  101   0.299   3.900   7.100
2012-08-16T17:19:40.800000Z  46.702  38.429  17.800   2.900   10   10    3 106.340  32.100  137   0.372   5.400  10.700
2012-08-16T17:34:59.500000Z  46.728  38.437  15.300   2.700    8    8    6  71.780   9.130  151   0.300   4.400   4.800
2012-08-16T20:27:17.600000Z  46.911  38.437   6.300   2.300    7    7    1  89.900  17.500  209   0.380   9.900  43.800
2012-08-16T21:50:59.500000Z  46.745  38.446  14.000   1.400    5    5    0  73.200  29.600  190   0.319  13.200  38.800
2012-08-16T23:15:00.300000Z  46.640  38.387   4.100   0.800    6    6    1  75.560  36.000  168   0.338   6.300 999.900
2012-08-16T23:59:14.400000Z  46.641  38.415   4.200   1.200    6    6    0  75.980  36.700  175   0.328   8.200 999.900
2012-08-17T00:31:16.900000Z  46.855  38.510   4.100   1.700    7    7    1  81.310  26.900  214   0.348  10.600 763.900
2012-08-17T02:13:52.900000Z  46.788  38.402  20.200   1.600    7    7    0  81.710  24.000  182   0.276   7.600  13.900
2012-08-17T03:19:23.900000Z  46.783  38.425  20.000   2.000    5    5    1  78.950  25.600  216   0.233   9.200  13.100
2012-08-17T03:34:20.100000Z  46.692  38.454  17.800   2.900    7    7    3  80.470  34.100  187   0.276   5.100  10.100
2012-08-17T04:48:15.400000Z  46.690  38.417  12.600   3.800   21   21    4 137.930  32.700  100   0.380   3.500  14.200
2012-08-17T04:52:29.300000Z  46.768  38.422  20.000   3.000   10   10    3 102.690  26.600  137   0.273   4.300   6.000
2012-08-17T05:28:37.700000Z  46.839  38.388   6.500   2.100    6    6    2  79.450  19.400  183   0.279   6.100  34.700
2012-08-17T05:35:06.500000Z  46.777  38.404  13.000   1.700    5    5    1  64.730  25.100  182   0.267  11.200  20.900
2012-08-17T08:09:51.000000Z  46.885  38.413   9.500   3.500   10   10    4 104.340  17.300  135   0.331   4.200   9.500
2012-08-17T08:19:48.100000Z  46.805  38.435  17.200   1.700    5    5    2  71.860  24.400  194   0.316   9.100  12.100
2012-08-17T09:17:59.900000Z  46.643  38.415  19.900   3.800   21   21    4 135.640  36.500   99   0.427   4.200   9.900
2012-08-17T10:36:48.300000Z  46.684  38.437  20.000   1.600    5    5    1  64.820  34.000  183   0.281   9.700  15.900
2012-08-17T11:19:11.800000Z  46.694  38.431  19.800   2.000    6    6    1  77.440  32.900  182   0.285   8.500  23.400
2012-08-17T12:09:50.400000Z  46.640  38.434  16.900   3.100    7    7    5  78.820  37.400  179   0.374   4.600  11.500
2012-08-17T13:04:44.100000Z  46.870  38.416  21.100   1.500    5    5    2  72.770  18.500  197   0.307  10.700   9.000
2012-08-17T13:24:24.300000Z  46.568  38.466   4.300   2.000    5    5    2  68.300  44.500  181   0.231   5.200 569.500
2012-08-17T14:34:36.600000Z  46.649  38.422  15.700   2.000    6    5    2  77.260  36.200  177   0.254   5.400  12.600
2012-08-17T14:37:38.400000Z  46.658  38.447  17.700   2.200    7    7    2  79.700  36.400  183   0.293   6.900  12.000
2012-08-17T15:04:08.600000Z  46.786  38.426  18.700   1.500    5    5    2  70.960  25.300  189   0.375  10.300  13.500
2012-08-17T16:13:15.100000Z  46.785  38.452   4.700   1.500    5    5    2  80.240  26.900  196   0.256   6.400 242.400
2012-08-17T16:58:47.500000Z  46.651  38.391  14.700   1.600    6    6    1  69.540  35.100  170   0.290   7.400  15.400
2012-08-17T17:57:47.000000Z  46.928  38.363   4.200   1.500    5    5    2  80.440  11.100  186   0.293   6.000 178.500
2012-08-17T18:49:55.700000Z  46.980  38.376   4.200   2.600    7    7    3  83.280   8.420  206   0.449   7.700  90.100
2012-08-17T19:34:08.400000Z  46.621  38.468  19.600   3.100   10   10    4 101.510  40.400  130   0.417   4.900  11.500
2012-08-17T20:04:59.900000Z  46.665  38.434  19.300   1.800    6    6    2  72.700  35.400  181   0.324   6.500  12.500
2012-08-17T20:15:33.700000Z  46.686  38.448  19.900   3.400   10   10    2 105.860  34.300  128   0.249   3.800   7.800
2012-08-17T21:36:15.600000Z  46.702  38.406  20.000   1.100    5    5    2  73.930  31.200  176   0.381   8.800  14.000
2012-08-17T23:14:09.100000Z  46.688  38.430  15.600   3.000   10   10    3 105.410  33.300  137   0.227   3.200   8.300
2012-08-18T01:48:25.100000Z  46.719  38.443  25.700   3.100   10   10    3 104.920  31.400  139   0.363   5.200   8.400
2012-08-18T02:06:28.600000Z  46.745  38.380  19.700   2.300    6    5    2  72.910  26.800  172   0.592   9.000  18.800
2012-08-18T02:21:31.700000Z  46.690  38.403   8.000   1.700    5    5    1  63.700  32.200  175   0.321  10.600  63.200
2012-08-18T03:26:47.000000Z  46.841  38.448  20.200   2.700    7    7    2  80.700  22.800  202   0.359   9.500   8.600
2012-08-18T04:44:40.300000Z  46.797  38.392  16.900   2.300    7    7    1  74.250  23.000  180   0.369   9.700  11.800
2012-08-18T05:38:00.900000Z  46.906  38.531  11.300   2.300    7    7    1  83.570  26.400  218   0.447  14.000  20.400
2012-08-18T06:02:57.800000Z  46.942  38.434  12.800   1.900    6    6    1  78.990  15.500  210   0.295   9.500   7.000
2012-08-18T08:46:28.100000Z  46.662  38.464  15.900   2.100    5    5    1  73.950  36.900  187   0.242   6.900  27.900
2012-08-18T08:59:07.800000Z  46.711  38.419  13.900   2.400    7    7    1  74.590  31.000  180   0.325   8.100  16.100
2012-08-18T11:21:28.700000Z  46.663  38.422  19.900   2.900   10   10    3 103.790  35.100  126   0.292   3.800   8.400
2012-08-18T14:33:47.200000Z  46.833  38.424  19.200   1.700    6    6    3  81.460  21.800  194   0.283   6.500   5.200
2012-08-18T15:56:05.800000Z  46.882  38.412   8.200   3.300   10   10    2 105.760  17.400  135   0.244   4.100   9.100
2012-08-18T18:15:49.200000Z  46.948  38.464   4.100   1.900    6    6    6  73.620  18.100  214   0.498   8.800 370.400
2012-08-18T19:10:11.500000Z  46.653  38.449  14.100   1.700    6    6    1  78.600  36.900  183   0.278   5.700  25.100
2012-08-18T19:30:33.700000Z  46.868  38.468  11.400   1.900    6    6    1  84.440  22.600  210   0.359  12.000  22.800
2012-08-18T19:39:46.900000Z  46.641  38.409   4.200   1.600    5    5    1  74.370  36.400  173   0.441   8.500 999.900
2012-08-18T20:31:53.800000Z  46.783  38.542  14.600   2.400    7    7    7  77.360  10.900  214   0.773  10.400   9.700
2012-08-18T20:41:51.300000Z  46.705  38.446  12.200   2.200    7    7    6  72.420   7.190  142   0.316   4.300   5.000
2012-08-18T21:08:39.400000Z  46.664  38.417  19.700   3.100    9    9    2 107.580  34.800  126   0.304   4.700   8.900
2012-08-18T21:09:40.600000Z  46.648  38.463  10.600   3.200    9    9    1 110.440  38.000  129   0.355   6.200  27.000
2012-08-18T21:20:44.200000Z  46.774  38.424  17.600   2.000    7    7    5  67.460  12.800  163   0.256   4.400   4.400
2012-08-18T21:29:15.400000Z  46.645  38.425  15.100   2.600    7    7    6  66.860   8.990   96   0.403   5.400   6.800
2012-08-18T21:41:10.400000Z  46.670  38.416  12.200   1.700    6    6    6  64.410   9.780  120   0.722  10.200  14.300
2012-08-18T22:11:10.000000Z  46.656  38.412  14.600   1.800    6    6    4  56.870  10.200  120   0.273   4.300   5.100
2012-08-18T22:52:25.200000Z  46.693  38.441  16.700   1.600    5    5    4  56.470   7.350  131   0.246   5.700   4.800
2012-08-18T23:14:43.700000Z  46.854  38.413  13.500   1.200    6    6    4  65.870  19.100  181   0.280   6.900   6.000
2012-08-18T23:47:23.000000Z  46.686  38.453  16.100   1.700    7    7    4  62.070   5.890  131   0.334   5.400   4.800
2012-08-18T23:54:42.400000Z  46.819  38.439  14.900   2.000    7    7    6  75.550  15.000  186   0.343   3.800   4.300
2012-08-19T00:04:53.500000Z  46.658  38.433  15.400   1.500    6    6    6  64.270   7.890  117   0.421   6.000   6.700
2012-08-19T00:37:06.700000Z  46.723  38.425  19.900   3.100    9    9    2 108.440  30.300  137   0.338   6.100   9.300
2012-08-19T00:55:17.000000Z  46.694  38.481  19.400   2.300    6    6    4  63.930   3.380  162   0.392   9.100   5.600
2012-08-19T01:12:37.800000Z  46.687  38.437  15.100   2.100    7    7    6  67.730   7.630  125   0.460   6.500   7.100
2012-08-19T01:29:34.200000Z  46.652  38.432  15.400   2.100    7    7    7  69.540   8.150  100   0.485   5.600   7.300
2012-08-19T01:58:30.400000Z  46.649  38.389  20.000   4.300   11   11    3 126.080  35.200  133   0.227   3.400   5.900
2012-08-19T02:23:11.800000Z  46.656  38.420  15.600   2.400    7    7    6  66.990   9.430  102   0.402   5.400   6.800
2012-08-19T02:26:30.000000Z  46.662  38.414  15.100   1.700    7    7    5  63.530  10.000  105   0.441   6.300   7.800
2012-08-19T03:29:48.300000Z  46.648  38.415  13.900   1.800    5    5    4  50.740  10.000  138   0.313   5.000   6.200
2012-08-19T03:47:58.700000Z  46.829  38.469  14.800   1.900    7    7    5  70.480  14.600  206   0.528   8.400   7.400
2012-08-19T04:39:27.700000Z  46.760  38.413  19.900   2.000    5    5    2  70.040  26.800  183   0.171   6.200   7.700
2012-08-19T05:10:15.500000Z  46.781  38.465  19.100   2.700    7    7    1  77.640  28.000  199   0.349   9.800  10.900
2012-08-19T08:18:27.700000Z  46.649  38.450   4.200   2.400    7    7    0  81.330  37.400  183   0.381   8.900 999.900
2012-08-19T08:25:19.900000Z  46.665  38.444   4.200   2.000    6    6    0  76.230  35.800  183   0.395  11.900 999.900
2012-08-19T10:51:59.600000Z  46.819  38.443   4.100   2.500    7    7    0  84.310  23.900  198   0.259   7.700 999.900
2012-08-19T13:41:50.700000Z  46.673  38.461  20.000   2.000    7    7    1  76.470  35.900  188   0.261   6.700  10.100
2012-08-19T14:40:59.300000Z  46.768  38.434  15.900   2.200    6    6    1  71.260  27.200  189   0.259   8.100   9.900
2012-08-19T15:32:28.900000Z  46.821  38.356  14.200   2.200    6    6    0  81.580  19.700  170   0.254   7.700  14.700
2012-08-19T22:30:29.100000Z  46.635  38.432  13.000   1.500    6    6    2  68.190  37.800  178   0.276   5.300  12.900
2012-08-19T23:27:02.100000Z  46.652  38.423  14.200   1.700    6    6    1  70.690  36.000  177   0.276   7.200  15.400
2012-08-20T01:04:22.500000Z  46.677  38.495   8.600   2.000    6    6    0  83.070  37.400  195   0.314   8.500  60.800
2012-08-20T01:24:12.800000Z  46.693  38.422   4.100   1.500    5    5    0  81.960  32.600  180   0.255   9.400 999.900
2012-08-20T01:45:10.500000Z  46.679  38.434   4.100   1.300    6    6    0  77.280  34.200  182   0.425  11.200 999.900
2012-08-20T02:04:58.500000Z  46.683  38.382  15.500   1.900    6    6    0  78.970  32.200  169   0.393   9.700  28.900
2012-08-20T04:09:59.400000Z  46.679  38.439  20.000   2.700    7    7    2  76.360  34.500  183   0.257   5.200   9.700
2012-08-20T06:06:14.400000Z  46.671  38.423  19.000   2.100    6    6    2  71.180  34.400  179   0.331   9.000  19.400
2012-08-20T06:59:31.600000Z  46.768  38.389  10.500   1.700    4    4    2  71.520  25.200  177   0.333   9.200  23.700
2012-08-20T10:06:32.500000Z  46.837  38.433   7.200   2.000    5    5    2  67.060  22.000  198   0.440  10.500  39.000
2012-08-20T12:21:03.700000Z  46.705  38.449  10.000   1.800    5    5    2  69.970  32.800  187   0.248   8.100  11.700
2012-08-20T14:53:29.300000Z  46.641  38.426  20.000   1.800    5    5    1  81.220  47.900  195   0.237   7.600  15.200
2012-08-20T16:54:51.800000Z  46.679  38.418  19.300   3.000    8    8    1 125.860  50.500  136   0.275   5.000  29.100
2012-08-20T20:32:50.300000Z  46.809  38.428  10.100   2.100    5    5    2  98.640  61.500  203   0.251   5.800  83.600
2012-08-20T21:17:40.100000Z  46.652  38.438  10.000   1.900    6    6    2  82.850  49.400  197   0.314   7.700 999.900
2012-08-20T21:24:17.400000Z  46.879  38.429  19.900   3.000    9    9    1 123.790  67.200  137   0.251   4.600  35.800
2012-08-20T21:37:38.800000Z  46.675  38.443   4.500   2.800    6    6    3  84.810  51.300  198   0.252   6.600 790.500
2012-08-20T22:20:12.500000Z  46.665  38.415   4.200   1.500    5    5    2  80.640  49.200  195   0.253   8.700 999.900
2012-08-21T03:31:54.600000Z  46.676  38.428  17.000   2.500    7    7    6  74.900   8.450  132   0.509   6.400   7.300
2012-08-21T05:23:59.100000Z  46.746  38.435   4.900   2.000    5    5    1  89.980  56.600  201   0.276  10.800 894.500
2012-08-21T08:38:50.200000Z  46.568  38.381  12.300   2.600    5    5    1  88.180  40.000  186   0.341   8.300  45.000
2012-08-21T09:15:12.000000Z  46.749  38.468   4.600   1.700    4    4    1  88.320  58.400  245   0.268  12.700 999.900
2012-08-21T10:24:46.500000Z  46.724  38.456   4.300   1.800    5    5    1  92.900  55.900  202   0.298   8.800 999.900
2012-08-21T17:43:01.900000Z  46.718  38.407  20.100   3.200    8    8    2 118.490  53.200  135   0.369   7.800  29.800
2012-08-22T04:24:53.600000Z  46.686  38.420   5.600   2.300    6    6    1  70.490  33.100  179   0.268   7.400  79.400
2012-08-22T09:50:22.500000Z  46.663  38.426  20.000   3.400    9    9    2 107.800  35.200  126   0.343   5.600  10.600
2012-08-22T10:08:09.500000Z  46.854  38.456  26.400   2.100    5    4    2  68.130  22.400  207   0.311  10.300   8.800
2012-08-22T11:33:50.400000Z  46.654  38.438   7.800   2.800    6    6    3  73.270  36.400  181   0.290   5.700  30.600
2012-08-22T14:45:02.200000Z  46.656  38.441  13.000   1.800    4    4    1  60.680  36.400  182   0.265  12.700  46.000
2012-08-22T15:37:57.400000Z  46.855  38.425  19.000   2.500    7    7    4  80.160  20.200  198   0.270   5.400   5.100
2012-08-22T15:55:46.700000Z  46.772  38.425  16.100   1.400    5    5    1  78.050  26.400  187   0.223   6.600  16.800
2012-08-22T16:29:10.500000Z  46.821  38.418  18.600   1.700    5    5    2  71.640  22.300  191   0.243   7.300   8.500
2012-08-22T18:32:35.100000Z  46.650  38.416  13.700   2.100    6    6    1  70.310  35.900  176   0.309   8.000  17.800
2012-08-22T21:40:44.500000Z  46.728  38.437  20.000   1.600    5    5    2  67.840  30.500  186   0.231  10.900  16.600
2012-08-23T00:10:39.100000Z  46.731  38.439  18.500   2.400    7    7    3  75.990  30.300  187   0.238   4.600   6.500
2012-08-23T00:16:44.400000Z  46.708  38.424  10.000   1.500    4    4    2  62.670  31.400  211   0.250  12.600  18.300
2012-08-23T00:56:25.700000Z  46.705  38.437   5.700   1.800    6    5    3  74.320  32.300  184   0.419   8.000  83.000
2012-08-23T02:37:15.000000Z  46.636  38.459  19.400   2.200    7    7    2  82.580  38.700  184   0.243   4.600  14.600
2012-08-23T04:06:36.700000Z  46.654  38.448  16.200   2.200    7    7    1  75.680  36.800  183   0.286   7.000  13.900
2012-08-23T08:23:42.000000Z  46.611  38.431   4.200   2.800    7    7    1  74.660  39.700  176   0.282   6.300 999.900
2012-08-23T12:14:46.300000Z  46.653  38.432   4.100   2.700    7    7    1  84.190  36.200  179   0.472  10.200 999.900
2012-08-23T12:31:56.900000Z  46.736  38.432   4.100   2.000    4    4    1  81.900  29.500  186   0.341  16.000 999.900
2012-08-23T14:52:19.000000Z  46.654  38.448  16.200   2.100    7    7    1  75.700  36.900  183   0.325   7.800  15.600
2012-08-23T16:37:18.600000Z  46.791  38.473  19.600   2.800    7    7    1  87.810  27.900  202   0.196   5.800  10.300
2012-08-23T17:18:11.700000Z  46.623  38.405  15.300   1.900    7    7    1  73.640  37.800  171   0.281   6.300  14.900
2012-08-23T20:31:29.100000Z  46.729  38.447  16.200   3.000   10   10    2 111.940  30.800  139   0.238   3.500  14.700
2012-08-23T22:56:32.600000Z  46.628  38.459  18.600   1.700    5    5    1  76.130  39.400  184   0.298  10.400  15.500
2012-08-24T05:14:47.200000Z  46.620  38.418   4.500   1.800    6    6    1  68.630  38.500  174   0.273   7.200 457.000
2012-08-24T07:38:39.100000Z  46.988  38.504  10.600   3.200   10   10    1 111.780  21.200  144   0.253   4.900  10.100
2012-08-24T09:49:29.400000Z  46.824  38.482  19.200   2.300    7    7    1  79.190  26.300  209   0.453  13.000  12.600
2012-08-24T10:44:03.400000Z  46.854  38.434  17.600   1.500    4    4    3  75.370  20.900  200   0.360   8.900  11.400
2012-08-24T11:11:20.700000Z  46.782  38.391   7.800   1.600    5    5    1  71.330  24.100  178   0.248   8.900  26.000
2012-08-24T12:02:54.800000Z  46.671  38.438  13.500   2.000    7    7    1  75.290  35.100  182   0.366   8.800  20.500
2012-08-24T12:14:53.500000Z  46.697  38.429  17.600   1.500    4    4    2  69.650  32.500  182   0.238   9.600  19.600
2012-08-24T15:50:11.700000Z  46.678  38.412   4.100   1.500    6    6    1  78.800  33.500  176   0.349   7.800 999.900
2012-08-24T16:08:30.000000Z  46.727  38.398  15.700   1.200    5    5    3  69.990  28.900  176   0.420   8.700  20.500
2012-08-24T16:37:38.000000Z  47.012  38.551   4.100   2.100    6    6    1  96.930  26.000  225   0.284  10.900 999.900
2012-08-24T21:42:06.800000Z  46.671  38.420  11.900   1.700    6    6    1  81.130  34.300  178   0.308   7.900  32.700
2012-08-24T21:44:06.600000Z  46.739  38.437  19.900   1.700    6    6    1  81.230  29.600  187   0.262   6.500  14.000
2012-08-24T22:43:36.000000Z  46.721  38.462  23.500   1.100    5    5    1  85.230  32.300  192   0.237   9.900  14.700
2012-08-24T23:20:32.600000Z  46.807  38.531   4.200   1.100    5    5    1  86.450  31.200  214   0.254  10.200 999.900
2012-08-24T23:57:20.000000Z  46.611  38.429  13.800   1.100    5    5    1  63.780  39.600  176   0.242   7.100  21.300
2012-08-25T00:09:04.200000Z  46.695  38.455   4.200   1.600    6    6    1  82.830  33.900  188   0.355   9.600 999.900
2012-08-25T00:58:55.000000Z  46.770  38.424  14.500   1.200    6    6    2  78.180  26.500  187   0.319   6.100  16.300
2012-08-25T02:55:50.000000Z  46.625  38.453  20.000   2.000    6    6    1  81.530  39.400  182   0.286   6.600  17.900
2012-08-25T06:09:45.800000Z  46.682  38.419  18.700   3.000   10   10    1 106.810  33.400  136   0.285   5.100   9.100
2012-08-25T07:33:34.000000Z  46.571  38.464   3.400   2.100    6    6    1  69.910  44.200  181   0.335   7.200  70.500
2012-08-25T07:46:20.700000Z  46.880  38.428  15.000   3.300   10   10    2 106.340  18.700  137   0.253   4.200   5.400
2012-08-25T14:59:32.000000Z  46.941  38.400   9.500   2.300    7    7    2  77.720  12.700  207   0.236   6.700   5.400
2012-08-25T17:14:24.400000Z  46.635  38.438   4.100   1.600    6    6    0  76.820  38.000  179   0.457   9.700 102.900
2012-08-25T19:59:27.900000Z  46.910  38.450  12.100   1.800    6    6    1  79.630  18.700  210   0.442  13.700  13.000
2012-08-25T20:03:41.400000Z  46.653  38.413  20.000   2.600    7    7    2  71.120  35.600  175   0.248   4.500   6.700
2012-08-26T01:28:37.100000Z  46.636  38.428  19.900   2.600    6    6    3  72.340  37.500  177   0.237   4.800   7.100
2012-08-26T04:01:33.300000Z  46.659  38.408  19.800   2.300    7    7    1  73.800  34.900  174   0.269   6.400  10.600
2012-08-26T05:22:11.600000Z  46.698  38.432  18.500   2.800    7    7    1  81.750  32.600  183   0.257   6.800   9.500
2012-08-26T09:36:53.000000Z  46.659  38.432  14.700   3.900   10   10    1 112.050  35.800  127   0.249   4.100  10.400
2012-08-26T09:43:21.900000Z  46.661  38.439  16.000   3.900   10   10    1 112.220  35.900  127   0.288   4.700  10.800
2012-08-26T11:15:27.900000Z  46.678  38.443  18.500   2.300    7    7    1  81.920  34.700  184   0.322   8.100  12.100
2012-08-26T12:50:54.900000Z  46.693  38.398  12.400   1.900    7    7    1  77.300  31.700  174   0.349   9.000  20.000
2012-08-26T12:52:35.200000Z  46.647  38.423   5.000   1.800    5    5    2  75.260  36.400  177   0.397   9.400 642.500
2012-08-26T13:05:19.400000Z  46.649  38.447  11.300   2.100    8    8    1  82.530  37.200  182   0.432   9.800  29.400
2012-08-26T13:08:35.600000Z  46.666  38.428  14.600   3.800   11   11    1 109.300  35.000  127   0.288   4.500  11.500
2012-08-26T13:44:30.800000Z  46.746  38.377  10.000   1.500    5    5    1  63.550  26.700  171   0.355  12.500 999.900
2012-08-26T14:26:49.700000Z  46.694  38.351  12.000   1.800    6    6    1  68.200  30.600  162   0.324   8.300  20.800
2012-08-26T14:51:02.700000Z  46.855  38.454  17.400   1.800    6    6    1  79.490  22.200  206   0.365  11.300  10.000
2012-08-26T18:15:31.800000Z  46.874  38.424  12.300   3.400    9    9    2 109.610  18.800  136   0.267   4.700   7.500
2012-08-26T19:22:09.400000Z  46.652  38.446   4.600   1.300    5    5    1  69.250  36.900  183   0.252   8.200 235.400
2012-08-26T20:12:37.400000Z  46.670  38.421  14.800   1.300    6    6    1  70.510  34.400  178   0.352   9.400  17.800
2012-08-26T20:57:08.300000Z  46.697  38.467   4.500   1.700    5    5    1  70.220  34.400  191   0.328  11.300 334.400
2012-08-26T22:48:14.100000Z  46.668  38.471  13.100   2.800    6    6    1  83.640  36.800  189   0.350   8.200  34.700
2012-08-27T02:46:27.500000Z  46.633  38.417  20.000   1.700    5    5    1  63.620  37.400  175   0.319   9.400  18.100
2012-08-27T05:08:06.900000Z  46.570  38.456   4.100   1.900    5    5    1  73.370  44.000  179   0.252   6.800 999.900
2012-08-27T06:30:55.900000Z  46.691  38.411   4.600   2.100    7    7    1  77.380  32.400  177   0.384  10.800 999.900
2012-08-27T11:01:13.100000Z  46.685  38.400  19.300   2.500    7    7    1  79.580  32.500  174   0.365   7.100  20.500
2012-08-27T13:46:34.300000Z  46.692  38.362  19.700   1.700    5    5    1  62.600  31.000  164   0.443  14.000  24.400
2012-08-27T15:10:34.500000Z  46.832  38.405  16.300   1.600    6    6    0  78.300  20.700  188   0.318  10.200  15.900
2012-08-27T16:52:13.700000Z  46.850  38.424  19.700   2.200    7    7    0  84.130  20.500  197   0.353  10.300  15.200
2012-08-27T17:55:08.700000Z  46.812  38.377  17.700   2.000    7    7    0  81.130  21.100  176   0.497  11.300  19.200
2012-08-27T21:03:26.900000Z  46.675  38.379  12.400   1.900    5    5    1  72.570  32.800  198   0.331   6.700  30.700
2012-08-27T22:48:15.600000Z  46.739  38.344   4.200   1.300    5    5    1  62.730  26.600  190   0.303  10.200 604.500
2012-08-27T23:56:30.700000Z  46.887  38.425  10.100   3.400   18   18    1 138.910  18.000  109   0.308   4.300   9.700
2012-08-28T00:28:01.200000Z  46.691  38.375   3.800   1.500    6    6    0  75.200  31.300  168   0.318   9.100 999.900
2012-08-28T01:55:35.700000Z  46.719  38.410  12.100   2.000    6    6    0  80.730  30.000  179   0.250   6.900  24.300
2012-08-28T02:21:14.100000Z  46.597  38.422  19.900   2.500    7    7    1  74.250  40.500  174   0.690  12.200  23.100
2012-08-28T03:33:22.600000Z  46.670  38.396  13.900   1.800    6    6    1  71.860  33.600  172   0.336   6.900  19.600
2012-08-28T03:41:07.600000Z  46.790  38.407  21.800   2.100    7    7    2  77.810  24.200  184   0.384   9.700   9.900
2012-08-28T03:54:51.000000Z  46.624  38.435  20.000   1.400    5    5    1  71.770  38.800  178   0.303   7.600  26.000
2012-08-28T04:13:21.500000Z  46.773  38.371  13.200   1.400    5    5    1  70.750  24.300  171   0.343  11.600  17.500
2012-08-28T04:38:46.300000Z  46.769  38.404  19.900   2.400    7    7    1  78.240  25.700  181   0.307   6.200  11.000
2012-08-28T05:11:25.200000Z  46.742  38.426  23.700   1.800    6    6    1  78.310  28.800  185   0.328   7.800  15.000
2012-08-28T05:35:42.600000Z  46.666  38.393  20.000   1.400    5    5    2  65.470  33.900  171   0.524  13.400  28.400
2012-08-28T12:25:58.600000Z  46.599  38.438   4.200   1.900    6    6    1  85.660  41.000  177   0.336   7.100 999.900
2012-08-28T14:34:06.500000Z  46.702  38.390   8.000   1.700    4    4    3  64.010  30.700  172   0.422   9.200  56.600
2012-08-28T17:46:31.100000Z  46.744  38.425  20.000   3.300   10   10    2 102.680  28.600  137   0.287   4.600   6.600
2012-08-28T17:58:51.600000Z  46.654  38.413  19.800   3.600    9    9    3 107.720  35.500  125   0.362   5.300  10.200
2012-08-28T18:21:13.600000Z  46.643  38.385  15.900   1.900    6    6    1  69.370  35.600  168   0.322   8.000  15.700
2012-08-28T19:01:46.300000Z  46.643  38.426  10.000   1.200    4    4    1  60.100  36.800  177   0.254  12.000  48.500
2012-08-28T20:32:12.100000Z  46.667  38.414   4.100   1.900    6    6    1  73.070  34.400  176   0.245   6.400 999.900
2012-08-29T00:27:04.800000Z  46.608  38.421  20.000   2.400    7    7    1  74.250  39.600  174   0.304   6.900  12.500
2012-08-29T01:01:26.300000Z  46.857  38.429  29.900   1.600    5    5    2  72.870  20.400  200   0.235   8.000   6.300
2012-08-29T08:56:38.600000Z  46.684  38.492   4.300   2.600    7    7    0  91.330  36.700  195   0.302   8.000 999.900
2012-08-29T10:43:12.700000Z  46.669  38.409  17.400   2.200    5    5    0  75.180  34.100  175   0.276   9.100  19.600
2012-08-29T11:46:27.300000Z  46.652  38.419  18.500   3.900    9    9    1 109.160  35.800  126   0.330   5.800  11.700
2012-08-29T12:10:30.700000Z  46.692  38.416  21.400   2.500    7    7    1  80.560  32.500  178   0.289   6.600  16.700
2012-08-29T13:32:44.100000Z  46.833  38.417  22.100   1.800    4    4    2  68.600  21.300  192   0.338  15.000   8.200
2012-08-29T13:46:42.100000Z  46.797  38.365  14.400   2.200    6    6    1  68.600  22.000  171   0.302   8.000  11.500
2012-08-29T18:30:50.000000Z  46.635  38.401  19.400   1.800    6    6    0  75.480  36.800  171   0.437  10.800  27.500
2012-08-30T03:42:46.200000Z  46.653  38.439  17.200   2.400    5    5    1  69.130  36.500  181   0.271   8.900  12.700
2012-08-30T06:25:50.200000Z  46.696  38.432  10.600   2.700    7    7    1  81.580  32.700  182   0.259   6.600  18.200
2012-08-30T06:30:42.600000Z  46.877  38.438  14.300   2.600    8    8    1  91.720  19.600  206   0.491  13.800  22.300
2012-08-30T06:45:56.300000Z  46.687  38.440   7.200   1.900    5    5    1  72.220  33.800  184   0.436  10.700  90.500
2012-08-30T10:16:09.800000Z  46.882  38.449  12.800   2.800    7    7    1  95.460  20.100  209   0.243   6.600  12.100
2012-08-30T11:33:16.600000Z  46.675  38.434  18.700   2.300    6    6    1  74.000  34.500  181   0.278   7.300  11.400
2012-08-30T21:03:18.300000Z  46.584  38.488   7.200   2.700    6    6    1  75.390  44.200  187   0.397   9.400  81.700
2012-08-30T21:43:49.100000Z  46.581  38.448  16.500   1.800    4    4    1  59.640  42.800  178   0.247  10.300  32.800
2012-08-31T02:58:32.900000Z  46.943  38.485  11.400   2.100    5    5    1  81.620  20.500  215   0.291  10.500  11.700
2012-08-31T04:00:58.900000Z  46.611  38.435  19.900   2.500    6    6    1  73.270  39.800  177   0.270   6.700  11.700
2012-08-31T09:08:19.400000Z  46.720  38.511  15.400   2.200    7    6    1  93.100  35.300  203   0.296   7.200  21.200
2012-08-31T11:14:26.100000Z  46.735  38.375  10.100   2.100    6    6    0  75.800  27.600  170   0.337   9.300  37.400
2012-08-31T11:31:18.300000Z  46.672  38.373  12.500   2.100    6    6    0  74.880  33.000  166   0.338   8.500  32.200
2012-08-31T20:16:00.400000Z  46.758  38.371   4.100   1.900    6    6    1  68.730  25.500  171   0.333   9.300 859.000
2012-08-31T21:14:55.200000Z  46.638  38.445  10.000   1.400    4    4    1  60.480  38.000  181   0.256  12.100  67.100
2012-08-31T22:41:14.200000Z  46.715  38.401  25.600   1.500    5    5    1  63.920  30.000  176   0.269  10.600  13.200
2012-08-31T22:52:20.700000Z  46.734  38.398  24.000   2.400    6    6    0  76.670  28.400  177   0.383  15.000  26.800
2012-09-01T00:58:21.500000Z  46.797  38.362   7.100   1.400    5    5    0  76.560  22.000  170   0.265  10.500  43.300
2012-09-01T01:44:29.000000Z  46.637  38.380   4.300   1.500    6    6    0  74.730  36.000  166   0.356   8.500 999.900
2012-09-01T02:01:47.100000Z  46.679  38.359  10.900   1.400    5    5    0  68.480  32.100  163   0.326  10.000  51.800
2012-09-01T05:04:03.700000Z  46.792  38.384  18.700   3.500   10   10    1 105.650  23.000  132   0.321   5.700   7.400
2012-09-01T06:20:20.600000Z  46.754  38.431  17.700   3.000   10   10    1 107.080  28.100  138   0.361   6.400  10.300
2012-09-01T06:22:17.300000Z  46.623  38.444  10.000   2.400    7    7    1  83.180  39.200  180   0.490   8.100  62.100
2012-09-01T06:36:36.600000Z  46.610  38.437  14.300   2.600    7    7    1  75.800  40.000  178   0.446   8.500  24.500
2012-09-01T07:12:11.700000Z  46.699  38.363  13.700   2.200    6    6    1  68.610  30.400  165   0.341   8.900  18.200
2012-09-01T13:21:57.400000Z  46.697  38.401  19.200   2.300    7    7    0  79.810  31.600  175   0.292   8.100  18.200
2012-09-01T14:26:05.100000Z  46.916  38.475  20.000   1.900    6    6    0  91.370  20.700  213   0.440  11.600  12.900
2012-09-01T16:38:47.000000Z  46.944  38.335  10.200   1.600    5    5    0  79.190   8.740  171   0.300  10.800  12.400
2012-09-01T17:48:09.800000Z  46.849  38.392  14.100   1.700    6    6    2  72.800  18.800  186   0.414  12.300  11.300
2012-09-01T17:51:48.000000Z  46.731  38.389  15.800   1.700    6    6    1  69.330  28.300  174   0.252   7.300  10.900
2012-09-01T19:26:16.500000Z  46.655  38.364   5.100   1.600    5    5    1  72.420  34.200  163   0.315   9.900 999.900
2012-09-01T19:37:58.200000Z  46.766  38.372  18.200   1.700    5    5    1  70.900  24.900  171   0.259   9.000  10.300
2012-09-01T19:51:35.200000Z  46.770  38.386  18.200   2.000    7    7    1  73.660  25.000  176   0.295   7.600   9.900
2012-09-01T20:59:34.000000Z  46.778  38.372  16.800   2.800    7    7    1  73.180  23.900  172   0.443  11.100  15.100
2012-09-01T21:16:11.000000Z  46.808  38.372  18.000   1.300    4    4    2  66.700  21.300  175   0.279  12.600  17.000
2012-09-01T22:17:44.500000Z  46.712  38.415  17.400   2.300    8    8    0  87.190  30.800  180   0.385   9.300  23.400
2012-09-02T01:33:44.700000Z  46.915  38.311  10.900   1.600    6    6    0  76.530  11.100  153   0.274   8.800  13.500
2012-09-02T02:53:47.300000Z  46.864  38.403  17.500   3.400   10   10    0 115.310  18.100  134   0.356   6.500  12.800
2012-09-02T04:11:25.900000Z  46.764  38.417  19.900   2.900    7    7    1  75.030  26.700  184   0.398  10.300  12.100
2012-09-02T08:50:11.300000Z  46.773  38.421  15.900   4.200   11   11    1 108.910  26.100  136   0.330   5.600   9.000
2012-09-02T09:03:16.600000Z  46.772  38.407  17.000   3.400   10   10    0 114.350  25.600  135   0.323   5.700  15.800
2012-09-02T09:24:34.700000Z  46.701  38.434  28.700   2.700    6    6    1  70.610  32.400  183   0.284  10.400  12.900
2012-09-02T11:11:50.700000Z  46.659  38.393  19.900   3.100   10   10    1 106.070  34.500  133   0.255   4.500   7.900
2012-09-02T13:44:03.600000Z  46.686  38.397  17.300   3.000   10   10    1 106.250  32.300  134   0.340   5.800  11.000
2012-09-02T14:22:20.700000Z  46.746  38.399  19.600   2.100    6    6    1  76.710  27.400  178   0.411  11.300  14.400
2012-09-02T15:36:24.300000Z  46.789  38.365  10.000   1.900    5    5    1  70.320  22.700  171   0.423  14.000  28.300
2012-09-02T21:26:30.300000Z  46.678  38.411  10.000   1.800    4    4    1  69.460  33.400  221   0.272  11.900  27.400
2012-09-02T23:16:42.400000Z  46.727  38.232   6.500   2.400    8    8    1  74.110  29.200  130   0.450   9.100  93.600
2012-09-03T04:43:10.000000Z  46.654  38.427  14.900   2.900    8    8    1  81.520  36.000  178   0.373   8.500  18.200
2012-09-03T05:58:14.800000Z  46.702  38.397  23.300   2.600    6    6    1  69.140  31.000  174   0.287  10.300  15.400
2012-09-03T13:59:29.900000Z  46.828  38.364  15.400   2.200    6    6    0  76.800  19.400  173   0.370  11.100  19.000
2012-09-03T14:19:24.800000Z  46.812  38.348   9.500   1.900    6    6    0  76.080  20.400  166   0.374  11.000  33.500
2012-09-03T16:21:10.800000Z  46.717  38.375  19.900   2.200    6    6    1  72.110  29.100  169   0.322   6.600  12.300
2012-09-03T16:29:58.800000Z  46.866  38.390  20.000   1.800    6    6    1  76.500  17.300  188   0.390   8.700  12.100
2012-09-03T17:17:11.400000Z  46.843  38.407  19.500   2.200    6    6    1  76.460  20.000  190   0.281   6.400   9.700
2012-09-03T17:17:34.300000Z  46.868  38.417  18.500   2.300    6    6    1  70.800  18.700  197   0.393  12.800   9.200
2012-09-03T20:11:43.800000Z  46.857  38.345   4.100   1.900    5    5    0  79.440  16.400  168   0.250   9.200 712.700
2012-09-03T22:23:46.100000Z  46.650  38.389  15.400   1.500    6    6    0  75.220  35.200  169   0.276   7.100  21.900
2012-09-03T23:30:50.400000Z  46.801  38.382  11.100   1.200    6    6    1  79.990  22.200  177   0.382  10.900  28.300
2012-09-03T23:59:57.400000Z  46.778  38.360   4.100   1.200    5    5    1  82.830  23.600  168   0.239   8.200 958.500
2012-09-04T00:21:16.100000Z  46.766  38.401  24.100   1.500    5    5    1  64.480  25.800  180   0.259  11.700  12.800
2012-09-04T00:42:55.700000Z  46.793  38.536  14.400   1.000    6    6    1  85.870  32.500  214   0.292   9.900  22.300
2012-09-04T00:50:38.300000Z  46.767  38.387  17.600   2.200    7    7    1  77.460  25.200  176   0.327   6.500  12.700
2012-09-04T02:08:31.000000Z  46.627  38.386  17.600   1.300    6    6    1  69.400  37.000  167   0.273   6.800  12.400
2012-09-04T02:09:03.700000Z  46.663  38.402  20.000   1.400    6    6    1  78.170  34.400  173   0.282   6.500  16.500
2012-09-04T03:13:48.500000Z  46.714  38.382  20.000   3.000    6    6    1  72.370  29.500  171   0.246   5.300   9.800
2012-09-04T04:20:28.600000Z  46.686  38.402  20.000   2.800    7    7    1  73.730  32.500  174   0.270   6.600  10.000
2012-09-04T05:43:57.000000Z  46.708  38.386  20.000   2.600    7    7    1  73.150  30.100  171   0.275   6.800  10.000
2012-09-04T08:16:12.600000Z  46.767  38.379  18.200   2.500    6    6    1  69.000  25.000  174   0.270   8.000   9.300
2012-09-04T13:55:56.900000Z  46.721  38.343   4.500   2.200    6    6    0  74.620  28.200  160   0.365   9.400 444.600
2012-09-04T14:21:11.300000Z  46.700  38.373   4.200   1.800    5    5    0  80.160  30.500  168   0.302  10.300 999.900
2012-09-04T17:25:39.300000Z  46.816  38.390  18.800   2.400    7    7    1  74.280  21.300  181   0.300   8.100   8.500
2012-09-04T17:52:32.500000Z  46.806  38.366  14.900   1.300    6    6    0  76.480  21.300  172   0.444  12.900  24.700
2012-09-04T18:15:09.500000Z  46.707  38.426  29.300   1.300    5    5    0  71.280  31.700  182   0.274  11.000  18.300
2012-09-04T18:33:30.700000Z  46.781  38.394  17.300   1.300    6    6    0  77.070  24.300  179   0.324   9.700  17.900
2012-09-04T19:17:58.700000Z  46.815  38.406  17.100   1.400    5    5    0  81.400  22.100  186   0.354  13.000  19.600
2012-09-04T22:42:57.800000Z  47.052  38.332   4.200   0.700    5    5    1  67.140   1.810  206   0.344  12.300   4.000
2012-09-04T23:53:45.000000Z  46.795  38.341   5.000   1.000    5    5    0  79.120  21.800  163   0.341  11.500 177.200
2012-09-05T01:28:05.400000Z  46.801  38.428   4.100   1.500    6    5    1  93.130  60.800  203   0.404  10.000 999.900
2012-09-05T03:02:42.300000Z  46.642  38.441  13.200   2.600    5    5    1  92.500  48.700  197   0.344   9.100  54.400
2012-09-05T09:33:45.900000Z  46.703  38.403  14.800   3.900   17   17    1 148.980  31.100  125   0.251   4.000   7.400
2012-09-05T12:14:04.100000Z  46.671  38.453  13.600   2.900    6    6    0  81.030  35.700  185   0.284   7.500  26.900
2012-09-05T15:07:19.600000Z  46.792  38.402  18.000   1.700    7    7    2  72.760  23.700  183   0.313   6.200   7.400
2012-09-05T16:00:06.800000Z  46.684  38.388  20.000   2.300    7    7    1  73.140  32.200  171   0.319   7.600  11.800
2012-09-05T17:14:36.600000Z  46.867  38.368  15.000   2.100    5    5    0  80.320  16.300  179   0.372  13.100  17.600
2012-09-05T18:47:38.700000Z  46.650  38.386  20.000   2.400    6    6    1  69.290  35.100  168   0.313   8.000  12.200
2012-09-05T19:03:13.400000Z  46.808  38.420  19.600   2.200    6    6    1  82.360  23.400  190   0.382   9.500  16.600
2012-09-05T21:26:41.800000Z  46.782  38.388  17.700   1.700    6    6    1  69.290  24.000  178   0.321   9.500  10.600
2012-09-05T23:48:36.900000Z  46.843  38.421   4.500   2.000    6    6    1  90.100  64.000  204   0.398  11.800 999.900
2012-09-06T01:19:42.200000Z  46.788  38.423  20.000   2.400    7    7    1  75.400  25.000  188   0.335   9.100   9.700
2012-09-06T02:19:16.100000Z  46.854  38.393  18.200   2.400    7    7    1  74.720  18.500  187   0.404  11.100  10.100
2012-09-06T08:51:17.500000Z  46.638  38.390  19.000   2.000    5    5    1  65.830  36.200  169   0.282   9.100  20.700
2012-09-06T10:38:30.900000Z  46.813  38.401  13.000   2.200    7    7    2  74.980  22.000  185   0.441   9.400  16.500
2012-09-06T20:23:33.700000Z  46.660  38.408  19.900   2.100    7    7    1  73.800  34.800  174   0.261   6.200  10.200
2012-09-06T20:33:21.600000Z  46.851  38.397  19.600   2.100    6    6    1  69.770  18.900  188   0.365  11.500   8.900
2012-09-06T22:02:27.100000Z  46.838  38.357  17.000   1.900    6    6    2  68.960  18.300  172   0.266   5.900   7.400
2012-09-06T22:07:25.400000Z  46.687  38.387  20.000   1.500    5    5    2  73.370  32.000  171   0.388   8.700  14.800
2012-09-06T23:38:04.600000Z  46.690  38.401  18.500   1.300    5    5    2  73.960  32.100  174   0.293   6.800  12.200
2012-09-06T23:56:03.800000Z  46.786  38.387  14.100   1.200    5    5    1  71.170  23.700  177   0.272   9.700  12.400
2012-09-07T02:35:38.000000Z  47.039  38.431   4.100   1.400    4    4    2  98.550  12.600  215   0.375  11.300 550.000
2012-09-07T05:41:29.400000Z  46.766  38.664   4.200   1.500    5    5    2  97.190  45.300  226   0.430  12.000 999.900
2012-09-07T12:46:24.300000Z  46.706  38.386  19.200   3.100   10   10    2 105.250  30.300  132   0.332   4.500  12.500
2012-09-07T16:10:54.600000Z  46.803  38.426  19.900   2.700    7    7    1  85.480  24.100  191   0.444  11.700  21.100
2012-09-07T16:49:54.300000Z  46.643  38.383  15.100   1.700    6    6    1  70.800  35.700  167   0.289   6.100  15.500
2012-09-07T17:25:50.500000Z  46.812  38.397  16.100   2.100    7    7    1  79.360  21.900  183   0.434   8.700  16.700
2012-09-07T17:48:16.600000Z  46.837  38.190  14.400   1.500    6    5    1  73.800  22.900  111   0.296   5.700  15.200
2012-09-07T17:53:54.400000Z  46.703  38.386  17.800   1.600    6    6    0  75.750  30.600  171   0.313   8.400  19.900
2012-09-07T19:17:21.100000Z  46.777  38.436  19.200   2.500    7    7    0  83.060  26.600  191   0.325  10.000  16.300
2012-09-07T19:29:15.600000Z  46.696  38.380  19.300   2.600    7    7    0  78.940  31.000  169   0.263   6.400  16.200
2012-09-07T19:49:29.400000Z  46.812  38.353  11.100   1.400    6    6    0  76.220  20.500  168   0.456  13.200  33.000
2012-09-07T20:00:06.700000Z  46.810  38.375  14.500   1.700    6    6    0  76.930  21.200  176   0.259   8.200  15.500
2012-09-07T20:47:22.700000Z  46.813  38.390  13.800   1.400    6    6    0  77.380  21.600  181   0.313   9.700  19.000
2012-09-07T21:33:48.800000Z  46.666  38.365   4.200   1.700    6    6    0  74.550  33.200  164   0.351   8.600 999.900
2012-09-07T21:36:57.000000Z  46.893  38.394  17.900   2.200    7    7    0  83.890  15.500  194   0.384  11.200  14.600
2012-09-07T23:37:53.000000Z  46.834  38.358   4.300   1.300    6    6    1  79.090  18.700  172   0.396  11.500 999.900
2012-09-08T00:53:36.900000Z  46.747  38.466  20.000   2.200    7    7    2  79.260  30.600  195   0.301   7.800   9.500
2012-09-08T01:12:29.800000Z  46.759  38.370  14.300   1.400    6    6    1  68.660  25.400  170   0.264   7.700  11.800
2012-09-08T02:31:18.500000Z  46.854  38.415  23.200   1.500    5    5    1  84.480  19.600  195   0.302  11.800  10.900
2012-09-08T04:16:15.300000Z  46.645  38.399  14.500   2.300    6    6    1  69.810  35.800  171   0.341   8.600  18.400
2012-09-08T04:46:49.300000Z  46.632  38.360  19.900   1.700    5    5    1  62.070  36.200  161   0.215   7.400  17.000
2012-09-08T06:52:30.700000Z  46.693  38.393  16.100   3.200   10   10    0 113.510  31.600  133   0.270   4.800  16.600
2012-09-08T08:30:03.600000Z  46.764  38.397  13.000   2.500    7    7    1  74.030  25.800  179   0.389   9.900  17.800
2012-09-08T09:38:37.500000Z  46.782  38.315  11.000   2.100    6    6    1  67.260  22.800  153   0.527  14.000  30.400
2012-09-08T14:01:12.300000Z  46.664  38.387   4.100   1.900    6    6    0  75.330  33.900  169   0.389   9.600 999.900
2012-09-08T20:35:44.300000Z  46.838  38.390  13.200   3.600   17   17    0 145.510  19.600  124   0.350   5.100  14.500
2012-09-08T21:04:44.800000Z  46.797  38.384  11.800   1.600    5    5    1  74.120  22.600  178   0.329   8.500  19.100
2012-09-08T21:24:06.300000Z  46.683  38.455   4.400   2.000    5    5    1  79.720  34.800  187   0.236   7.000 520.900
2012-09-09T04:50:27.700000Z  46.729  38.374  14.200   1.600    5    5    0  80.140  28.000  170   0.282   9.900  25.500
2012-09-09T10:08:20.400000Z  46.857  38.402  18.200   3.000   10   10    1 106.300  18.700  134   0.364   6.500   7.300
2012-09-09T13:58:17.900000Z  46.681  38.360  17.900   2.700    7    7    1  79.810  31.900  163   0.292   6.000  17.700
2012-09-09T17:40:01.700000Z  46.679  38.377   4.300   1.600    5    5    0  80.360  32.400  168   0.434  13.900 999.900
2012-09-09T20:25:44.300000Z  46.633  38.391  16.300   2.000    7    7    1  73.040  36.700  169   0.389   8.600  18.700
2012-09-09T22:06:59.800000Z  46.647  38.430  20.000   2.000    7    7    1  74.860  36.700  178   0.349   8.200  13.600
2012-09-09T22:07:57.600000Z  46.667  38.383   9.300   1.400    6    6    1  69.200  33.600  168   0.258   6.700  25.300
2012-09-09T22:50:38.600000Z  46.882  38.348   9.000   1.800    6    6    1  68.200  14.300  171   0.360  11.100  15.500
2012-09-10T01:47:02.600000Z  46.729  38.432  16.300   1.700    7    7    0  81.810  30.100  185   0.404  10.300  27.000
2012-09-10T02:02:12.700000Z  46.823  38.406  18.800   3.000    7    7    0  82.640  21.400  187   0.358  10.000  16.800
2012-09-10T08:55:50.000000Z  46.715  38.396  19.800   3.800   10   10    2 101.600  29.800  134   0.258   4.100   6.000
2012-09-10T13:28:35.400000Z  46.737  38.231  14.800   2.000    5    5    1  61.070  28.400  129   0.266   6.600  14.900
2012-09-10T17:25:44.600000Z  46.650  38.383   4.900   1.800    6    6    0  74.900  35.000  168   0.354   8.600  74.200
2012-09-10T19:32:17.900000Z  46.791  38.481  24.300   1.900    6    6    0  85.680  28.500  204   0.312  10.400  14.300
2012-09-11T00:09:48.400000Z  46.539  38.406  20.000   1.100    5    5    1  62.520  39.000  167   0.279   6.900  15.900
2012-09-11T03:23:33.000000Z  46.787  38.396  16.600   2.300    6    6    1  69.630  23.900  180   0.360  10.700  12.100
2012-09-11T03:25:33.200000Z  46.660  38.384  16.900   2.300    6    6    1  69.330  34.200  168   0.340   8.700  15.200
2012-09-11T10:30:33.800000Z  46.650  38.399  20.000   3.300   10   10    3 103.830  35.400  124   0.453   5.900  12.300
2012-09-11T16:30:16.400000Z  46.809  38.349   4.100   1.200    5    5    1  83.630  20.700  167   0.251   8.700 916.000
2012-09-11T17:38:52.700000Z  46.938  38.324   4.100   1.800    4    4    1  72.580   9.100  162   0.239   8.600 118.300
2012-09-11T21:41:12.300000Z  46.900  38.352  11.600   1.900    5    5    1  85.020  13.000  175   0.306   8.100  13.000
2012-09-11T22:48:26.000000Z  46.717  38.422  19.900   2.000    5    5    2  67.030  30.600  182   0.220  11.000  18.300
2012-09-12T09:15:43.700000Z  46.639  38.364   4.100   2.000    5    5    1  71.330  35.500  162   0.296   7.700 999.900
2012-09-12T10:03:30.100000Z  46.642  38.396   4.600   2.300    7    7    0  78.660  36.000  170   0.334   7.600  22.500
2012-09-12T12:44:25.500000Z  46.687  38.374  19.800   1.600    5    5    0  69.080  31.600  167   0.256  10.700  24.000
2012-09-12T12:59:24.900000Z  46.675  38.395  14.700   2.900    7    7    0  79.100  33.200  172   0.285   6.700  23.100
2012-09-12T20:33:52.300000Z  46.626  38.392  14.200   1.400    5    5    0  67.880  37.300  168   0.259   7.300  30.300
2012-09-12T20:41:41.400000Z  46.541  38.450  12.100   1.800    5    5    1  71.080  41.700  176   0.284   6.300  40.900
2012-09-12T22:46:04.300000Z  46.664  38.385   4.100   1.300    6    6    0  75.100  33.900  169   0.293   7.500 999.900
2012-09-12T23:11:17.200000Z  46.695  38.398  18.600   0.700    5    5    0  70.020  31.600  174   0.343  11.500  30.700
2012-09-13T00:19:47.900000Z  46.670  38.440  15.300   1.700    7    7    1  75.440  35.200  182   0.503  11.900  24.200
2012-09-13T01:51:45.600000Z  46.662  38.372  14.100   1.700    6    6    0  74.770  33.700  165   0.254   6.500  22.000
2012-09-13T04:27:37.300000Z  46.857  38.413  19.800   2.100    7    7    0  83.740  19.200  194   0.258   7.700  11.100
2012-09-13T12:12:12.900000Z  46.876  38.420  17.700   2.600    7    7    1  76.350  18.400  200   0.459  13.000  10.600
2012-09-13T14:15:49.000000Z  46.723  38.383  19.800   1.700    5    5    0  70.420  28.800  172   0.254  12.200  22.900
2012-09-13T14:51:28.900000Z  46.625  38.373   4.200   2.100    6    6    0  74.300  36.900  164   0.324   7.600 999.900
2012-09-13T16:48:09.700000Z  46.850  38.346   8.800   1.700    6    6    1  68.010  17.100  168   0.317   9.600  17.800
2012-09-13T17:42:24.300000Z  46.764  38.386  18.100   1.900    6    6    0  76.650  25.500  175   0.276   8.100  15.700
2012-09-13T18:19:28.100000Z  46.637  38.382  13.600   1.800    6    6    0  74.750  36.100  167   0.351   8.500  31.200
2012-09-13T19:05:15.200000Z  46.804  38.359  11.600   1.800    6    6    0  76.220  21.300  170   0.288   8.700  21.500
2012-09-13T19:45:20.200000Z  46.695  38.399  20.000   3.200   10   10    1 106.060  31.600  134   0.252   4.400   7.300
2012-09-13T22:30:03.900000Z  46.878  38.376  16.600   1.700    6    6    0  78.050  15.700  184   0.331  10.800  13.800
2012-09-13T22:57:56.000000Z  46.661  38.383  15.000   1.600    5    5    0  80.700  34.100  168   0.259   8.900  28.200
2012-09-13T23:56:12.600000Z  46.713  38.395  28.400   1.000    5    5    0  70.480  30.000  174   0.261  10.400  17.300
2012-09-14T00:42:36.500000Z  46.825  38.399  17.200   2.500    6    6    1  69.800  21.000  185   0.331  10.200   9.600
2012-09-14T02:19:37.900000Z  46.642  38.394  14.200   3.500   19   19    1 148.640  35.900   98   0.353   4.700  13.100
2012-09-14T13:21:02.000000Z  46.791  38.362  10.700   1.800    7    7    1  72.910  22.400  170   0.341   8.800  18.200
2012-09-14T14:32:33.200000Z  46.615  38.439  18.800   2.600    6    6    1  77.810  39.600  178   0.329   6.600  22.200
2012-09-14T16:41:04.700000Z  46.784  38.393  13.000   2.400    7    7    1  74.180  24.100  179   0.343   9.000  14.800
2012-09-15T11:01:17.200000Z  46.773  38.386  19.100   2.700    7    7    0  80.760  24.700  176   0.381   9.800  19.700
2012-09-15T19:19:20.800000Z  46.810  38.410  18.400   2.200    7    7    1  75.050  22.700  187   0.272   7.600   8.000
2012-09-15T20:28:28.900000Z  46.799  38.367  11.700   1.500    7    7    1  73.180  21.900  172   0.308   8.000  14.500
2012-09-15T21:17:10.900000Z  46.843  38.366  18.100   1.800    6    6    1  68.600  18.100  175   0.272   8.600   7.600
2012-09-16T01:01:33.700000Z  46.586  38.396   1.900   0.900    5    5    0  66.920  40.800  167   0.297   6.500 178.600
2012-09-16T17:12:51.100000Z  46.847  38.405  18.400   2.400    7    7    0  83.130  19.600  190   0.338   9.700  15.100
2012-09-16T18:06:51.200000Z  46.719  38.340   4.100   2.500    5    5    0  70.120  28.400  198   0.250  10.400 999.900
2012-09-16T19:48:09.300000Z  46.770  38.339  12.600   1.300    6    6    0  75.120  23.900  161   0.256   7.400  20.100
2012-09-16T22:59:03.500000Z  46.713  38.390  18.400   1.600    6    6    0  75.920  29.800  173   0.262   7.300  16.300