                        ORT     Lon     Lat     Dep     Mag  Nus  NuP  NuS  ADS  MDS  GAP     RMS     ERH     ERZ
2012-08-11T12:23:15.030000Z  46.842  38.466   8.711   6.500  115  115    0    0    0   47   0.245   3.616   5.221
2012-08-11T12:49:15.100000Z  46.693  38.425  15.966   4.600   46   46    8    0    0   42   0.242   3.367   3.530
2012-08-11T13:42:11.270000Z  46.703  38.416  17.710   4.000   80   80   12    0    0   43   0.246   3.513   3.876
2012-08-11T14:25:15.190000Z  46.687  38.431  14.986   4.300   59   59   12    0    0   41   0.167   2.760   3.063
2012-08-11T15:21:14.370000Z  46.823  38.449  19.523   4.700  155  155    0    0    0   42   0.147   2.276   2.020
2012-08-11T16:00:50.070000Z  46.810  38.442  18.162   4.000   79   79    5    0    0   42   0.263   3.614   4.065
2012-08-11T16:15:04.200000Z  46.669  38.406  14.001   2.700   47   47   21    0    0   43   0.270   2.356   3.019
2012-08-11T16:21:53.050000Z  46.676  38.417  20.017   4.100   91   91    0    0    0   42   0.179   2.007   2.118
2012-08-11T16:34:32.470000Z  46.677  38.424  16.230   3.300  103  103   20    0    0   41   0.206   1.749   1.659
2012-08-11T17:37:58.520000Z  46.853  38.422  17.626   2.100   36   36   18    0    0   44   0.237   2.379   1.760
2012-08-11T17:45:44.000000Z  46.817  38.346  12.577   2.500    4    4    0    0    0   49   0.040   4.746   6.079
2012-08-11T17:49:25.280000Z  46.842  38.432  18.435   2.600   42   42   19    0    0   43   0.249   2.271   1.621
2012-08-11T18:21:44.680000Z  46.706  38.433  20.471   2.600   43   43   12    0    0   41   0.280   2.119   2.554
2012-08-11T19:12:04.640000Z  46.790  38.446  18.897   2.900   83   83   39    0    0   42   0.250   2.158   1.764
2012-08-11T19:29:29.880000Z  46.729  38.410  18.770   2.600   28   28   12    0    0   44   0.215   2.402   1.634
2012-08-11T19:30:45.400000Z  46.894  38.459  15.244   2.700   32   32   19    0    0   50   0.214   2.303   1.798
2012-08-11T19:40:17.280000Z  46.804  38.444  18.963   2.600   70   70   30    0    0   42   0.250   2.315   1.784
2012-08-11T20:10:29.800000Z  46.776  38.440  18.822   3.400   47   47    8    0    0   42   0.399   3.246   2.948
2012-08-11T20:45:45.900000Z  46.694  38.424  17.823   2.900   63   63   35    0    0   42   0.231   2.663   2.456
2012-08-11T21:18:35.200000Z  46.715  38.431  21.349   2.600   44   44   22    0    0   42   0.307   2.084   2.232
2012-08-11T21:21:14.300000Z  46.797  38.405  18.338   2.700   76   76   49    0    0   45   0.244   2.051   1.697
2012-08-11T21:33:50.960000Z  46.838  38.424  17.651   3.100   36   36   22    0    0   44   0.253   2.056   1.527
2012-08-11T22:04:32.040000Z  46.707  38.415  16.535   3.700   76   76   16    0    0   43   0.230   2.406   3.003
2012-08-11T22:12:46.560000Z  46.760  38.427  19.363   3.300   57   57   14    0    0   43   0.290   2.451   2.128
2012-08-11T23:58:13.240000Z  46.714  38.454  16.293   3.400   46   46    9    0    0   40   0.119   2.768   2.569
2012-08-12T00:15:22.720000Z  46.770  38.436  20.458   3.100   92   92   20    0    0   42   0.181   2.034   2.371
2012-08-12T00:34:16.210000Z  46.765  38.434  19.648   3.800   80   80   18    0    0   42   0.133   1.773   1.747
2012-08-12T02:24:42.950000Z  46.803  38.470   7.922   3.700   48   48    5    0    0   42   0.231   3.663   5.393
2012-08-12T04:10:44.660000Z  46.852  38.451  21.026   2.500   28   28   23    0    0   46   0.173   3.518   4.324
2012-08-12T04:35:39.420000Z  46.731  38.449  17.630   2.600   52   52   33    0    0   41   0.286   2.494   2.182
2012-08-12T05:37:55.630000Z  46.774  38.443  10.162   2.200   32   32   16    0    0   42   0.195   3.437   5.026
2012-08-12T06:03:57.680000Z  46.779  38.469  10.698   2.600   28   28   16    0    0   40   0.129   3.364   4.794
2012-08-12T06:17:49.600000Z  46.837  38.444  15.290   2.600   51   51   23    0    0   42   0.189   3.438   2.413
2012-08-12T06:29:57.100000Z  46.733  38.386  30.029   1.700    4    4    0    0    0   46   0.116   7.835   9.254
2012-08-12T06:40:44.500000Z  46.663  38.415  20.127   4.100   37   37    5    0    0   42   0.238   2.948   3.182
2012-08-12T07:22:55.740000Z  46.779  38.416  19.090   3.000   72   72   34    0    0   44   0.302   2.097   1.660
2012-08-12T07:26:53.290000Z  46.705  38.434  16.825   2.300   54   54   26    0    0   41   0.319   3.216   3.182
2012-08-12T07:29:28.840000Z  46.862  38.391  21.766   2.300   47   47   21    0    0   46   0.180   2.242   1.912
2012-08-12T07:33:02.160000Z  46.689  38.467  16.616   2.400   45   45   22    0    0   39   0.272   3.850   3.153
2012-08-12T07:36:35.620000Z  46.780  38.431  17.697   2.700   61   61   36    0    0   43   0.279   1.825   1.748
2012-08-12T08:01:19.910000Z  46.800  38.442  19.566   2.900   56   56   32    0    0   42   0.301   3.618   3.570
2012-08-12T08:03:43.890000Z  46.739  38.437  14.844   2.100   65   65   28    0    0   42   0.229   3.030   3.063
2012-08-12T10:15:33.370000Z  46.751  38.437  19.497   3.300   80   80   16    0    0   42   0.204   1.760   1.730
2012-08-12T11:51:31.270000Z  46.811  38.405  18.519   3.300   34   34    6    0    0   45   0.164   2.165   2.530
2012-08-12T14:19:08.750000Z  46.808  38.427  20.288   3.100   60   60   18    0    0   43   0.198   2.234   2.489
2012-08-12T15:59:25.480000Z  46.803  38.429  15.114   2.500   70   70   45    0    0   43   0.298   1.893   2.093
2012-08-12T17:18:30.920000Z  46.746  38.434  18.792   2.100   62   62   30    0    0   42   0.295   2.476   2.219
2012-08-12T18:44:22.120000Z  46.841  38.399  19.463   2.100   64   64   29    0    0   45   0.199   1.935   1.094
2012-08-12T18:46:39.980000Z  46.829  38.398  18.351   2.000   73   73   37    0    0   46   0.226   2.007   1.659
2012-08-12T19:28:05.160000Z  46.798  38.388  18.622   1.700   55   55   31    0    0   46   0.179   2.947   2.556
2012-08-12T20:04:31.360000Z  46.724  38.434  16.730   1.800   63   63   30    0    0   42   0.327   3.015   2.886
2012-08-12T20:09:35.700000Z  46.876  38.385  17.280   2.200   65   65   35    0    0   46   0.266   1.955   1.292
2012-08-12T20:11:01.920000Z  46.676  38.439  14.383   1.900   81   81   43    0    0   40   0.237   2.220   2.287
2012-08-12T22:01:15.840000Z  46.697  38.438  14.692   2.400   78   78   46    0    0   41   0.230   2.408   2.039
2012-08-12T22:05:42.960000Z  46.806  38.411  17.236   2.200   66   66   43    0    0   44   0.284   1.950   1.656
2012-08-12T22:45:48.960000Z  46.712  38.443  16.626   1.900   59   59   25    0    0   41   0.325   3.507   2.901
2012-08-12T22:57:08.040000Z  46.888  38.448  18.204   2.800   51   51   31    0    0   50   0.302   2.110   1.555
2012-08-12T23:02:03.720000Z  46.838  38.385  22.659   2.700   53   53   26    0    0   47   0.208   1.972   1.256
2012-08-12T23:16:12.880000Z  46.678  38.406  13.682   1.800   57   57   31    0    0   43   0.203   2.001   2.520
2012-08-12T23:58:41.560000Z  46.885  38.455  15.598   1.900   43   43   19    0    0   50   0.308   2.152   1.664
2012-08-13T00:18:02.410000Z  46.886  38.446   6.476   3.200   68   68   19    0    0   50   0.166   3.163   4.497
2012-08-13T00:22:08.350000Z  46.690  38.424  20.175   3.200   69   69   11    0    0   42   0.125   2.843   2.872
2012-08-13T01:02:22.990000Z  46.767  38.369  16.418   1.500   73   73   35    0    0   48   0.307   2.580   1.646
2012-08-13T01:38:46.840000Z  46.842  38.442  16.266   1.500   76   76   37    0    0   43   0.284   2.157   1.759
2012-08-13T01:56:09.830000Z  46.691  38.455  17.715   4.700   84   84   24    0    0   40   0.261   1.868   1.391
2012-08-13T04:15:52.380000Z  46.684  38.427  19.172   3.700   62   62    9    0    0   41   0.156   2.298   1.885
2012-08-13T06:58:22.050000Z  46.683  38.446  17.641   3.200   75   75   11    0    0   40   0.224   2.208   1.864
2012-08-13T07:28:30.340000Z  46.798  38.406  18.507   3.200   42   42    9    0    0   45   0.228   1.883   2.121
2012-08-13T08:16:49.650000Z  46.897  38.448   6.488   4.000   49   49    7    0    0   50   0.250   3.019   4.346
2012-08-13T10:45:44.150000Z  46.621  38.460  19.180   4.200   34   34    6    0    0   37   0.109   2.895   3.437
2012-08-13T12:45:57.920000Z  46.729  38.441  18.588   3.900   90   90   23    0    0   41   0.221   1.584   1.540
2012-08-13T12:53:47.130000Z  46.721  38.426  16.118   3.200   54   54    3    0    0   42   0.232   2.452   2.746
2012-08-13T15:32:15.860000Z  46.781  38.436  12.724   2.200   57   57   14    0    0   42   0.230   2.874   3.846
2012-08-13T16:14:40.840000Z  46.653  38.473  17.215   2.600   45   45    7    0    0   37   0.165   3.169   2.999
2012-08-13T18:40:05.440000Z  46.669  38.424  21.471   3.400   63   63   11    0    0   41   0.159   2.798   2.955
2012-08-13T19:43:22.200000Z  46.664  38.425  19.704   3.300   83   83   15    0    0   41   0.199   2.232   2.281
2012-08-13T20:12:42.640000Z  46.898  38.424  12.912   2.800   68   68    7    0    0   48   0.177   3.352   3.424
2012-08-13T21:10:31.480000Z  46.759  38.464  15.506   1.600   71   71   10    0    0   40   0.297   2.642   2.394
2012-08-13T21:25:25.480000Z  46.786  38.423  18.674   1.800   75   75   12    0    0   43   0.248   2.500   1.725
2012-08-13T21:33:29.800000Z  46.679  38.442  14.704   1.700   86   86   13    0    0   40   0.271   2.239   2.687
2012-08-13T22:37:04.400000Z  46.687  38.419  20.792   3.300   50   50    6    0    0   42   0.239   2.301   2.360
2012-08-14T01:49:19.900000Z  46.686  38.433  16.595   3.000   66   66   17    0    0   41   0.292   2.114   2.315
2012-08-14T03:46:54.420000Z  46.813  38.435  18.127   2.100   98   98   55    0    0   43   0.344   2.071   1.524
2012-08-14T04:52:17.900000Z  46.659  38.433  18.785   2.100   58   58   15    0    0   40   0.209   2.811   2.660
2012-08-14T05:28:12.990000Z  46.812  38.442  19.402   3.400   89   89   35    0    0   42   0.215   2.182   1.703
2012-08-14T10:28:43.970000Z  46.722  38.434  17.343   3.600   61   61    6    0    0   42   0.215   3.066   2.741
2012-08-14T14:02:25.810000Z  46.809  38.474  19.772   5.200   91   91    0    0    0   44   0.188   3.045   3.014
2012-08-14T15:48:20.190000Z  46.666  38.425  18.440   3.800   50   50   10    0    0   41   0.213   2.074   1.730
2012-08-14T16:36:24.700000Z  46.707  38.427  18.655   3.300   41   41    7    0    0   42   0.229   2.139   1.810
2012-08-14T17:09:09.820000Z  46.718  38.421  19.093   3.100   62   62   16    0    0   43   0.250   1.778   1.691
2012-08-14T20:20:33.160000Z  46.669  38.414  15.903   3.000   74   74   22    0    0   42   0.213   1.959   2.504
2012-08-15T03:41:30.370000Z  46.804  38.433  19.382   3.400   82   82   27    0    0   43   0.281   2.034   1.707
2012-08-15T04:29:39.460000Z  46.820  38.434  12.107   3.100   36   36   10    0    0   43   0.223   3.802   4.646
2012-08-15T05:39:51.310000Z  46.661  38.421  17.762   2.300   70   70    3    0    0   41   0.283   1.844   1.629
2012-08-15T09:03:48.250000Z  46.680  38.411  16.641   2.600   45   45    7    0    0   43   0.232   2.535   2.450
2012-08-15T17:49:04.640000Z  46.683  38.424  20.081   5.000   66   66    6    0    0   42   0.138   2.142   2.551
2012-08-15T18:00:01.160000Z  46.655  38.422  19.575   3.300   74   74    9    0    0   41   0.299   2.447   1.906
2012-08-16T00:15:16.390000Z  46.665  38.422  19.821   3.300  110  110   18    0    0   41   0.169   2.039   2.135
2012-08-16T01:31:21.090000Z  46.734  38.417  19.790   1.900   49   49    6    0    0   43   0.186   1.947   1.691
2012-08-16T03:01:38.170000Z  46.765  38.505  29.496   2.200    7    7    0    0    0   38   0.199   7.849   9.770
2012-08-16T09:27:46.990000Z  46.706  38.426  17.197   3.100   65   65   22    0    0   42   0.226   1.928   1.814
2012-08-16T15:15:34.930000Z  46.740  38.456  19.697   3.800   83   83   25    0    0   40   0.218   1.710   1.637
2012-08-16T17:14:13.000000Z  46.753  38.454  22.681   4.600   79   79   19    0    0   41   0.207   2.122   2.388
2012-08-16T17:19:40.620000Z  46.710  38.434  18.792   2.900   54   54   13    0    0   41   0.213   2.018   1.871
2012-08-16T17:34:59.420000Z  46.724  38.433  15.907   2.600   62   62   28    0    0   42   0.312   2.115   2.232
2012-08-17T03:34:20.120000Z  46.707  38.449  19.389   2.900   79   79   16    0    0   40   0.205   2.393   1.931
2012-08-17T04:48:15.100000Z  46.701  38.417  16.390   3.800   66   66   18    0    0   43   0.198   2.609   2.839
2012-08-17T04:52:29.270000Z  46.771  38.436  19.883   3.000   47   47   11    0    0   42   0.207   2.260   2.111
2012-08-17T08:09:50.720000Z  46.893  38.439   5.126   3.500   61   61   12    0    0   50   0.146   3.129   4.587
2012-08-17T09:17:59.940000Z  46.652  38.401  20.130   3.800   86   86   15    0    0   43   0.222   2.940   2.956
2012-08-17T12:09:50.460000Z  46.653  38.416  18.123   3.100   52   52   14    0    0   41   0.189   2.263   1.808
2012-08-17T14:37:38.420000Z  46.664  38.446  18.092   2.200   59   59   10    0    0   39   0.287   2.195   2.116
2012-08-17T18:49:55.460000Z  46.985  38.390   2.698   2.600    7    7    1    0    0   53   0.189   5.693   4.899
2012-08-17T19:34:08.520000Z  46.622  38.465  18.843   3.100   34   34    9    0    0   37   0.139   3.040   2.801
2012-08-17T20:05:00.120000Z  46.660  38.420  17.686   1.800   49   49   14    0    0   41   0.149   3.023   3.204
2012-08-17T20:15:33.920000Z  46.695  38.440  19.262   3.400   55   55   13    0    0   41   0.175   2.536   2.319
2012-08-17T23:14:09.060000Z  46.700  38.427  17.885   3.000   94   94   21    0    0   42   0.234   1.669   1.667
2012-08-18T01:48:25.630000Z  46.680  38.401  18.796   3.000   12   12    4    0    0   43   0.130   2.684   2.057
2012-08-18T03:26:47.170000Z  46.815  38.430  18.820   2.700   59   59   17    0    0   43   0.186   2.450   1.546
2012-08-18T04:44:40.120000Z  46.817  38.413  17.801   2.300   36   36    6    0    0   44   0.362   2.480   2.158
2012-08-18T11:21:28.780000Z  46.665  38.424  19.391   2.900  113  113   21    0    0   41   0.177   2.201   2.176
2012-08-18T14:33:47.460000Z  46.816  38.384  18.365   1.700   47   47   21    0    0   47   0.235   2.483   1.433
2012-08-18T15:56:05.560000Z  46.902  38.430   9.786   3.300   53   53    9    0    0   50   0.139   3.178   4.029
2012-08-18T20:31:54.160000Z  46.756  38.461  16.733   2.400   31   31   14    0    0   40   0.389   3.126   2.527
2012-08-18T20:41:51.560000Z  46.680  38.414   7.500   2.100   21   21    9    0    0   42   0.247   2.940   3.816
2012-08-18T21:08:39.460000Z  46.671  38.428  19.270   3.100   82   82   12    0    0   41   0.157   2.357   2.162
2012-08-18T21:09:40.480000Z  46.655  38.446  15.119   3.200   20   20    3    0    0   39   0.153   3.280   3.028
2012-08-18T21:20:44.200000Z  46.772  38.413  18.217   1.900   70   70   26    0    0   44   0.184   2.004   1.673
2012-08-18T21:29:15.160000Z  46.646  38.424  16.365   2.500   43   43   25    0    0   41   0.277   2.023   1.870
2012-08-18T21:41:09.920000Z  46.677  38.402  14.256   1.600   50   50   31    0    0   43   0.288   2.059   2.354
2012-08-18T22:11:09.900000Z  46.652  38.420  15.312   1.800   43   43   24    0    0   41   0.155   1.840   1.679
2012-08-18T22:52:25.280000Z  46.681  38.432  15.764   1.400   93   93   42    0    0   41   0.231   2.374   1.760
2012-08-18T23:14:44.040000Z  46.838  38.378  12.081   1.200   35   35   13    0    0   47   0.342   2.701   2.347
2012-08-18T23:47:22.880000Z  46.683  38.453  16.827   1.700   68   68   24    0    0   39   0.252   2.112   1.820
2012-08-18T23:54:42.360000Z  46.826  38.426  17.525   2.000   61   61   39    0    0   43   0.279   2.383   1.734
2012-08-19T00:04:53.420000Z  46.650  38.428  15.879   1.500   72   72   32    0    0   40   0.178   1.869   1.749
2012-08-19T00:37:06.630000Z  46.722  38.437  19.786   3.100   55   55   12    0    0   41   0.141   1.687   1.560
2012-08-19T00:55:17.370000Z  46.658  38.436  16.127   1.800   45   45   15    0    0   40   0.201   3.138   2.437
2012-08-19T01:12:37.470000Z  46.685  38.448  16.818   2.000   85   85   39    0    0   40   0.179   1.877   1.844
2012-08-19T01:29:33.970000Z  46.661  38.430  17.389   2.100   77   77   33    0    0   41   0.223   1.709   1.610
2012-08-19T01:58:30.320000Z  46.656  38.414  21.595   4.300   34   34    6    0    0   42   0.199   2.845   3.182
2012-08-19T02:23:11.620000Z  46.649  38.420  16.896   2.200   66   66   38    0    0   41   0.227   1.694   1.512
2012-08-19T02:26:29.930000Z  46.652  38.425  15.190   1.700   51   51   29    0    0   41   0.230   1.749   1.670
2012-08-19T03:29:48.090000Z  46.649  38.429  16.015   1.800   63   63   39    0    0   40   0.159   1.653   1.616
2012-08-19T03:47:58.990000Z  46.834  38.448  15.721   1.900   33   33   21    0    0   43   0.415   2.249   2.102
2012-08-19T05:10:15.520000Z  46.796  38.472  15.305   2.700   69   69   10    0    0   42   0.455   3.689   4.675
2012-08-19T13:41:50.830000Z  46.679  38.475  19.644   2.000   56   56    8    0    0   38   0.324   3.736   4.115
2012-08-20T04:09:59.640000Z  46.674  38.425  17.903   2.700   52   52   13    0    0   41   0.204   2.897   2.727
2012-08-20T06:06:14.570000Z  46.673  38.411  18.279   2.100   57   57   15    0    0   42   0.210   2.552   2.319
2012-08-20T16:54:51.750000Z  46.699  38.422  22.592   3.000  112  112    2    0    0   42   0.171   2.103   2.728
2012-08-20T21:24:17.360000Z  46.901  38.447  21.968   3.000   60   60    2    0    0   50   0.180   2.270   2.223
2012-08-21T03:31:54.350000Z  46.665  38.429  17.884   2.400   67   67   24    0    0   41   0.330   2.287   2.428
2012-08-21T17:43:02.200000Z  46.723  38.423  18.455   3.200   57   57    7    0    0   43   0.219   1.881   1.771
2012-08-22T09:50:22.660000Z  46.662  38.421  19.573   3.400   73   73   12    0    0   41   0.165   2.310   2.041
2012-08-22T15:37:57.560000Z  46.855  38.416  18.737   2.500   63   63   31    0    0   44   0.211   1.986   1.381
2012-08-23T00:10:39.210000Z  46.727  38.441  18.940   2.400   84   84   27    0    0   41   0.204   1.608   1.395
2012-08-23T02:37:15.190000Z  46.628  38.449  18.641   2.200   53   53    3    0    0   38   0.235   3.198   4.945
2012-08-23T04:06:36.780000Z  46.651  38.445  14.645   2.200   56   56    9    0    0   39   0.203   2.068   2.030
2012-08-23T14:52:19.170000Z  46.648  38.438  14.487   2.100   51   51    9    0    0   40   0.194   2.205   3.213
2012-08-23T20:31:29.040000Z  46.747  38.443  18.731   3.000   94   94    8    0    0   41   0.181   1.823   1.524
2012-08-24T09:49:29.780000Z  46.806  38.447  18.718   2.300   66   66   10    0    0   42   0.305   2.661   1.986
2012-08-24T12:02:55.020000Z  46.665  38.445   6.858   2.000   34   34    6    0    0   40   0.208   4.736   9.919
2012-08-25T06:09:45.850000Z  46.686  38.414  20.076   3.000   41   41    4    0    0   42   0.277   3.610   3.636
2012-08-25T07:46:20.450000Z  46.902  38.449  17.043   3.300   44   44    6    0    0   50   0.251   2.462   1.801
2012-08-25T14:59:31.920000Z  46.954  38.409   9.168   2.300   40   40    9    0    0   52   0.112   3.795   4.187
2012-08-25T20:03:41.480000Z  46.661  38.415  21.718   2.600   94   94   16    0    0   42   0.201   2.566   3.729
2012-08-26T01:28:37.130000Z  46.635  38.435  20.126   2.600   80   80   19    0    0   39   0.147   2.280   2.088
2012-08-26T04:01:33.480000Z  46.662  38.411  19.832   2.300   75   75    9    0    0   42   0.263   2.350   2.113
2012-08-26T09:36:52.930000Z  46.670  38.423  17.018   3.900   76   76   12    0    0   41   0.131   1.798   1.375
2012-08-26T09:43:21.910000Z  46.671  38.430  17.765   3.900   90   90   13    0    0   41   0.177   1.859   1.537
2012-08-26T13:08:35.640000Z  46.679  38.419  17.330   3.800  101  101   15    0    0   42   0.173   1.531   1.654
2012-08-26T18:15:31.680000Z  46.881  38.451   6.090   3.400   46   46    6    0    0   49   0.178   3.206   4.602
2012-08-27T11:01:13.300000Z  46.683  38.406  19.236   2.500   50   50    1    0    0   43   0.217   2.138   1.631
2012-08-27T23:56:30.420000Z  46.913  38.450  10.583   3.400   80   80    7    0    0   51   0.178   3.153   4.000
2012-08-28T02:21:14.150000Z  46.562  38.437  19.621   2.500   32   32    0    0    0   37   0.230   4.289   3.801
2012-08-28T03:41:07.670000Z  46.771  38.410  19.606   2.100   31   31    5    0    0   44   0.180   1.897   1.943
2012-08-28T04:38:46.530000Z  46.768  38.414  18.484   2.400   53   53    2    0    0   44   0.172   1.922   1.836
2012-08-28T17:46:31.140000Z  46.755  38.453  19.962   3.300   98   98   16    0    0   41   0.245   1.718   1.848
2012-08-28T17:58:51.680000Z  46.660  38.424  19.669   3.600   83   83   13    0    0   41   0.157   2.095   2.049
2012-08-29T00:27:04.870000Z  46.610  38.440  18.831   2.400   38   38    5    0    0   38   0.269   3.033   2.415
2012-08-29T11:46:27.380000Z  46.666  38.420  19.360   3.900  107  107   14    0    0   42   0.184   2.030   2.036
2012-08-29T12:10:30.650000Z  46.695  38.409  26.678   2.400   47   47    4    0    0   43   0.232   3.907   5.534
2012-08-30T06:30:42.440000Z  46.890  38.461  13.890   2.600   61   61    3    0    0   50   0.284   2.750   3.817
2012-09-01T05:04:03.680000Z  46.807  38.407  19.800   3.500   50   50    6    0    0   45   0.200   2.627   2.248
2012-09-01T06:20:20.430000Z  46.767  38.470  18.243   3.000   84   84   11    0    0   40   0.188   1.900   1.722
2012-09-01T19:51:35.240000Z  46.774  38.398  18.001   2.000   28   28    2    0    0   45   0.215   2.169   2.002
2012-09-01T20:59:34.060000Z  46.809  38.396  20.111   2.800   19   19    2    0    0   46   0.251   2.968   3.193
2012-09-02T02:53:47.140000Z  46.882  38.427  19.103   3.400   68   68    0    0    0   46   0.207   2.204   1.521
2012-09-02T04:11:25.990000Z  46.775  38.446  20.036   2.900   67   67    9    0    0   42   0.225   2.532   2.251
2012-09-02T08:50:11.160000Z  46.793  38.441  18.911   4.200   72   72    8    0    0   42   0.214   2.756   2.598
2012-09-02T09:03:16.460000Z  46.787  38.437  18.790   3.400   61   61    0    0    0   42   0.248   2.556   2.813
2012-09-02T11:11:50.740000Z  46.667  38.418  20.787   3.100   52   52    5    0    0   42   0.213   2.459   3.248
2012-09-02T13:44:03.500000Z  46.691  38.428  17.217   3.000   32   32    3    0    0   41   0.214   2.666   2.474
2012-09-03T04:43:10.030000Z  46.658  38.435  15.359   2.900   64   64   11    0    0   40   0.251   1.880   1.679
2012-09-04T00:50:38.390000Z  46.768  38.398  17.738   2.200   34   34    1    0    0   45   0.079   1.954   1.824
2012-09-04T04:20:28.730000Z  46.690  38.424  18.993   2.800   50   50    6    0    0   42   0.144   2.167   1.497
2012-09-04T05:43:57.140000Z  46.713  38.405  19.780   2.600   34   34    4    0    0   44   0.079   2.344   1.507
2012-09-04T17:25:39.360000Z  46.823  38.400  18.960   2.300   37   37    6    0    0   45   0.177   2.815   2.196
2012-09-05T09:33:45.650000Z  46.717  38.426  17.020   3.900   63   63    7    0    0   42   0.182   2.496   2.735
2012-09-05T15:07:19.660000Z  46.795  38.412  17.940   1.700   49   49   10    0    0   44   0.198   2.146   2.091
2012-09-05T16:00:06.980000Z  46.688  38.409  19.103   2.200   39   39    5    0    0   43   0.091   2.126   1.363
2012-09-06T01:19:42.280000Z  46.794  38.442  19.178   2.300   76   76    9    0    0   42   0.189   2.066   1.839
2012-09-06T02:19:16.130000Z  46.863  38.411  18.375   2.400   36   36    6    0    0   45   0.099   1.958   1.189
2012-09-06T20:23:33.820000Z  46.662  38.426  19.056   2.100   80   80   10    0    0   41   0.209   2.480   2.285
2012-09-07T12:46:24.330000Z  46.712  38.402  19.620   3.100   40   40    1    0    0   44   0.135   2.350   1.930
2012-09-07T16:10:54.700000Z  46.817  38.442  20.097   2.600   78   78    6    0    0   42   0.254   2.322   2.769
2012-09-08T00:53:37.030000Z  46.761  38.480  20.444   2.200   63   63   11    0    0   39   0.348   2.980   3.491
2012-09-08T06:52:30.660000Z  46.694  38.420  16.939   3.200   42   42    0    0    0   42   0.272   2.948   2.913
2012-09-08T20:35:44.040000Z  46.858  38.458  11.678   3.600   27   27    0    0    0   48   0.258   3.791   4.783
2012-09-09T10:08:20.300000Z  46.873  38.425  18.924   3.000   59   59    8    0    0   44   0.182   1.932   1.255
2012-09-09T22:06:59.840000Z  46.646  38.452  17.473   2.000   73   73   11    0    0   39   0.319   3.012   2.906
2012-09-10T08:55:50.100000Z  46.723  38.423  19.426   3.800   40   40    5    0    0   43   0.161   2.190   1.764
2012-09-11T10:30:33.750000Z  46.647  38.405  19.096   3.300   78   78   12    0    0   42   0.259   2.576   2.477
2012-09-13T00:19:48.080000Z  46.666  38.456   9.563   1.700   98   98   16    0    0   39   0.347   3.564   6.065
2012-09-13T12:12:12.960000Z  46.891  38.431  17.743   2.500   68   68   10    0    0   48   0.368   2.108   1.548
2012-09-13T19:45:20.300000Z  46.706  38.426  20.407   3.200   78   78    7    0    0   42   0.173   2.181   1.996
2012-09-15T19:19:20.920000Z  46.815  38.419  18.187   2.200   63   63    9    0    0   44   0.166   2.041   1.930
2012-09-06T10:38:30.900000Z  46.815  38.406  13.585   2.200    7    7    1    0    0   45   0.214   7.336   7.858
2012-09-08T08:30:03.600000Z  46.764  38.397  13.422   2.500    7    7    1    0    0   45   0.159   4.837   7.060
2012-09-14T16:41:04.700000Z  46.784  38.394  13.444   2.400   14   14    2    0    0   46   0.189   4.412   6.215
2012-09-14T13:21:02.000000Z  46.792  38.362  11.142   1.800    7    7    1    0    0   49   0.225  12.141  14.620
2012-09-15T20:28:28.900000Z  46.799  38.367  11.963   1.500    7    7    1    0    0   48   0.225  12.146  13.805
2012-08-26T05:22:11.600000Z  46.698  38.432  18.928   2.800    7    7    1    0    0   41   0.161   6.480   7.034
2012-08-26T11:15:27.900000Z  46.678  38.443  19.071   2.300    7    7    1    0    0   40   0.161   6.363   7.049
2012-08-15T05:26:26.800000Z  46.770  38.432  10.077   2.400    7    7    1    0    0   43   0.056   1.285   1.839
2012-08-23T16:37:19.100000Z  46.780  38.466   9.920   2.800    7    7    1    0    0   40   0.056   1.279   1.885
2012-08-20T21:17:40.000000Z  46.654  38.443  10.027   1.900    6    6    2    0    0   39   0.394   2.529   3.735
2012-08-20T21:37:38.800000Z  46.678  38.447   4.973   2.800    6    6    2    0    0   40   0.394   2.509   9.402
2012-08-11T13:14:05.500000Z  46.673  38.389   4.428   4.400    8    8    0    0    0   44   0.197   6.915  11.128
2012-08-11T18:13:03.200000Z  46.660  38.392   5.080   3.000    8    8    0    0    0   44   0.197   6.910  11.235