                        ORT     Lon     Lat     Dep     Mag  Nus  NuP  NuS     ADS     MDS  GAP  RMS  ERH  ERZ
2012-08-11T12:23:15.400000Z  46.809  38.416   4.200   6.500   15   15    0 143.390  23.100  NaN  NaN None None
2012-08-11T12:28:46.100000Z  46.771  38.444  21.700   3.500    5    5    0  73.940  27.500  NaN  NaN None None
2012-08-11T12:49:15.500000Z  46.688  38.393  13.300   4.600   12   12    2 126.860  32.100  NaN  NaN None None
2012-08-11T13:14:05.500000Z  46.673  38.388   4.100   4.400   18   18    0 154.540  33.200  NaN  NaN None None
2012-08-11T13:23:14.900000Z  46.714  38.482  10.000   3.700    6    6    0  88.550  34.000  NaN  NaN None None
2012-08-11T13:42:11.400000Z  46.679  38.407  13.800   4.000   17   17    1 137.830  33.300  NaN  NaN None None
2012-08-11T14:14:53.600000Z  46.696  38.489  27.100   2.800    5    5    2  70.340  35.700  NaN  NaN None None
2012-08-11T14:25:15.200000Z  46.680  38.441  12.500   4.300   10   10    2 117.840  34.500  NaN  NaN None None
2012-08-11T14:55:57.200000Z  46.745  38.443   8.000   3.100    6    6    3  71.180  29.500  NaN  NaN None None
2012-08-11T15:21:14.500000Z  46.793  38.430  16.800   4.700   20   20    0 164.860  25.100  NaN  NaN None None
2012-08-11T16:00:50.200000Z  46.779  38.412  15.100   4.000   19   19    1 140.980  25.300  NaN  NaN None None
2012-08-11T16:15:04.000000Z  46.676  38.422  16.400   2.700    6    6    4  72.110  34.000  NaN  NaN None None
2012-08-11T16:21:52.800000Z  46.661  38.412  19.900   4.100   10   10    0 129.070  34.900  NaN  NaN None None
2012-08-11T16:34:32.400000Z  46.666  38.435  15.100   3.300    9    9    2 105.510  35.400  NaN  NaN None None
2012-08-11T17:37:58.300000Z  46.876  38.408  21.300   2.100    5    5    4  72.470  17.600  NaN  NaN None None
2012-08-11T17:45:44.300000Z  46.803  38.412  10.000   2.500    6    6    4  69.280  23.400  NaN  NaN None None
2012-08-11T17:49:25.400000Z  46.822  38.420  16.900   2.600    7    7    5  74.730  22.300  NaN  NaN None None
2012-08-11T17:58:33.100000Z  46.807  38.374  10.000   4.100    9    9    1 112.110  21.500  NaN  NaN None None
2012-08-11T18:13:03.200000Z  46.660  38.393   5.400   3.000    9    9    0 114.840  34.400  NaN  NaN None None
2012-08-11T18:21:44.500000Z  46.697  38.432  19.900   2.600    6    6    4  74.050  32.700  NaN  NaN None None
2012-08-11T19:12:04.600000Z  46.804  38.442  19.900   2.900    7    7    7  76.460  25.000  NaN  NaN None None
2012-08-11T19:29:29.300000Z  46.780  38.449  26.400   2.600    6    6    3  71.670  27.100  NaN  NaN None None
2012-08-11T19:30:45.100000Z  46.941  38.432  22.200   2.700    6    6    5  78.450  15.400  NaN  NaN None None
2012-08-11T19:40:17.100000Z  46.810  38.452  20.000   2.600    7    6    6  76.500  25.200  NaN  NaN None None
2012-08-11T20:10:29.900000Z  46.762  38.420  14.100   3.400    8    8    1 109.600  27.000  NaN  NaN None None
2012-08-11T20:29:18.600000Z  46.864  38.381   4.100   2.600    6    5    2  69.130  17.100  NaN  NaN None None
2012-08-11T20:37:27.400000Z  46.782  38.463  20.000   2.300    5    5    1  82.820  27.900  NaN  NaN None None
2012-08-11T20:45:46.600000Z  46.685  38.417  14.000   2.900    7    7    6  74.650  33.100  NaN  NaN None None
2012-08-11T21:13:21.200000Z  46.672  38.429  12.300   2.400    6    6    1  70.800  34.600  NaN  NaN None None
2012-08-11T21:18:35.100000Z  46.715  38.445  20.000   2.600    6    6    6  78.250  31.900  NaN  NaN None None
2012-08-11T21:21:14.000000Z  46.804  38.439  18.200   2.700    7    7    5  77.220  24.800  NaN  NaN None None
2012-08-11T21:33:50.700000Z  46.848  38.439  19.100   3.100    7    7    7  77.410  21.600  NaN  NaN None None
2012-08-11T22:04:32.200000Z  46.696  38.414  14.000   3.700    9    9    2 104.560  32.100  NaN  NaN None None
2012-08-11T22:12:46.700000Z  46.756  38.413  17.400   3.300    9    9    3 101.780  27.200  NaN  NaN None None
2012-08-11T23:40:52.700000Z  46.783  38.472  14.900   2.200    5    5    1  83.120  28.400  NaN  NaN None None
2012-08-11T23:58:13.400000Z  46.700  38.464  11.400   3.400    8    8    2 110.640  34.000  NaN  NaN None None
2012-08-12T00:10:52.700000Z  46.696  38.401   7.200   2.500    5    5    0  75.460  31.600  NaN  NaN None None
2012-08-12T00:15:22.800000Z  46.762  38.445  17.500   3.100    8    8    3 111.290  28.300  NaN  NaN None None
2012-08-12T00:34:16.300000Z  46.763  38.424  19.200   3.800    8    8    2 108.780  27.100  NaN  NaN None None
2012-08-12T00:41:26.300000Z  46.746  38.475  19.800   2.700    5    5    1  82.100  31.200  NaN  NaN None None
2012-08-12T01:35:50.300000Z  46.748  38.447   8.900   2.200    5    5    1  81.280  29.400  NaN  NaN None None
2012-08-12T02:24:43.200000Z  46.785  38.433  12.500   3.700   14   14    1 131.350  25.900  NaN  NaN None None
2012-08-12T02:32:17.200000Z  46.694  38.391  18.300   1.700    5    5    1  67.870  31.500  NaN  NaN None None
2012-08-12T03:28:00.400000Z  46.751  38.478   4.700   2.400    5    5    1  83.700  31.000  NaN  NaN None None
2012-08-12T04:10:44.300000Z  46.881  38.405  27.200   2.500    4    4    4  75.700  17.100  NaN  NaN None None
2012-08-12T04:35:39.400000Z  46.737  38.483  14.200   2.600    4    4    4  71.120  32.400  NaN  NaN None None
2012-08-12T04:40:40.700000Z  46.752  38.428  10.000   2.900    5    5    4  68.840  28.200  NaN  NaN None None
2012-08-12T05:13:20.700000Z  46.856  38.480   4.200   2.300    4    4    4  76.200  24.300  NaN  NaN None None
2012-08-12T05:17:53.600000Z  46.933  38.310  31.400   2.200    4    4    3  78.610   9.590  NaN  NaN None None
2012-08-12T05:37:55.900000Z  46.782  38.429  10.000   2.200    4    4    4  71.920  25.900  NaN  NaN None None
2012-08-12T06:03:57.900000Z  46.791  38.461  10.000   2.600    4    4    4  72.880  27.100  NaN  NaN None None
2012-08-12T06:17:50.000000Z  46.841  38.445  10.000   2.600    5    5    4  78.840  22.500  NaN  NaN None None
2012-08-12T06:29:57.100000Z  46.744  38.346  30.100   1.700    4    4    4  69.550  26.300  NaN  NaN None None
2012-08-12T06:40:44.500000Z  46.650  38.392  19.400   4.100   19   19    1 151.900  35.300  NaN  NaN None None
2012-08-12T07:22:55.500000Z  46.774  38.446  19.200   3.000    6    6    5  77.280  27.400  NaN  NaN None None
2012-08-12T07:26:53.200000Z  46.711  38.463  15.500   2.300    5    5    5  77.240  33.100  NaN  NaN None None
2012-08-12T07:29:28.800000Z  46.881  38.382  23.000   2.300    5    5    4  79.180  15.800  NaN  NaN None None
2012-08-12T07:33:03.000000Z  46.696  38.424  10.000   2.400    5    5    5  75.140  32.500  NaN  NaN None None
2012-08-12T07:36:35.600000Z  46.778  38.449  15.200   2.700    5    5    5  79.700  27.300  NaN  NaN None None
2012-08-12T08:01:20.000000Z  46.819  38.417  21.600   2.900    5    5    5  80.460  22.400  NaN  NaN None None
2012-08-12T08:03:43.800000Z  46.752  38.428  17.900   2.100    5    5    4  74.560  28.200  NaN  NaN None None
2012-08-12T10:15:33.400000Z  46.750  38.422  19.800   3.300    9    9    2 106.410  28.000  NaN  NaN None None
2012-08-12T10:29:27.900000Z  46.650  38.404  10.000   2.000    5    5    1  63.400  35.600  NaN  NaN None None
2012-08-12T11:21:16.200000Z  46.707  38.423  19.600   2.200    6    6    1  70.240  31.500  NaN  NaN None None
2012-08-12T11:51:31.500000Z  46.798  38.400  15.300   3.300    8    8    3  92.790  23.200  NaN  NaN None None
2012-08-12T14:19:08.800000Z  46.799  38.420  18.900   3.100    9    9    3 103.190  24.100  NaN  NaN None None
2012-08-12T15:15:10.000000Z  46.858  38.431  15.000   2.100    6    6    1  86.190  20.400  NaN  NaN None None
2012-08-12T15:59:25.400000Z  46.811  38.450  14.500   2.500    6    6    6  69.920  13.900  NaN  NaN None None
2012-08-12T17:18:30.600000Z  46.744  38.460  19.400   2.100    6    6    5  62.920   8.240  NaN  NaN None None
2012-08-12T18:44:22.100000Z  46.843  38.411  18.100   2.100    6    6    5  67.440  18.500  NaN  NaN None None
2012-08-12T18:46:40.200000Z  46.835  38.398  15.600   2.000    5    5    5  62.500  18.700  NaN  NaN None None
2012-08-12T19:28:04.700000Z  46.814  38.437  21.000   1.700    5    5    5  61.400  14.800  NaN  NaN None None
2012-08-12T19:29:56.500000Z  46.780  38.422  19.700   2.100    5    5    2  75.370  25.700  NaN  NaN None None
2012-08-12T20:04:31.000000Z  46.766  38.494  18.400   1.800    5    5    4  59.820   8.630  NaN  NaN None None
2012-08-12T20:09:35.500000Z  46.877  38.419  16.600   2.200    5    5    5  64.740  18.300  NaN  NaN None None
2012-08-12T20:11:02.200000Z  46.686  38.428  12.700   1.900    5    5    5  55.960   8.580  NaN  NaN None None
2012-08-12T21:26:31.800000Z  46.677  38.393  10.100   2.200    5    5    1  48.800  12.400  NaN  NaN None None
2012-08-12T21:33:17.800000Z  46.805  38.457   5.800   3.100    8    8    2 110.520  25.900  NaN  NaN None None
2012-08-12T22:01:15.900000Z  46.708  38.438  14.700   2.400    5    5    5  56.750   8.130  NaN  NaN None None
2012-08-12T22:05:43.000000Z  46.803  38.429  16.500   2.200    6    6    5  60.750  14.400  NaN  NaN None None
2012-08-12T22:45:49.200000Z  46.729  38.428  15.800   1.900    6    6    5  61.980   9.990  NaN  NaN None None
2012-08-12T22:57:07.600000Z  46.901  38.486  19.600   2.800    6    6    6  67.420  20.400  NaN  NaN None None
2012-08-12T23:02:03.900000Z  46.846  38.388  19.900   2.700    7    7    7  69.110  18.800  NaN  NaN None None
2012-08-12T23:16:13.100000Z  46.682  38.392  11.200   1.800    5    5    4  52.040  12.500  NaN  NaN None None
2012-08-12T23:58:41.500000Z  46.896  38.459  16.400   1.900    7    7    5  72.970  20.200  NaN  NaN None None
2012-08-13T00:07:53.900000Z  46.676  38.411  18.800   2.400    6    6    0  79.600  33.600  NaN  NaN None None
2012-08-13T00:18:02.600000Z  46.897  38.450   9.700   3.200    9    9    6 107.450  19.400  NaN  NaN None None
2012-08-13T00:22:08.400000Z  46.694  38.419  20.000   3.200    8    8    2 108.470  32.400  NaN  NaN None None
2012-08-13T01:02:22.500000Z  46.801  38.450  19.900   1.500    5    5    4  73.990  13.100  NaN  NaN None None
2012-08-13T01:29:26.600000Z  46.791  38.480   4.500   2.400    6    6    2  75.230  28.400  NaN  NaN None None
2012-08-13T01:38:46.800000Z  46.844  38.452  16.900   1.500    6    6    4  70.820  16.400  NaN  NaN None None
2012-08-13T01:56:10.000000Z  46.694  38.437  17.500   4.700   11   11    3 127.610  33.200  NaN  NaN None None
2012-08-13T03:58:28.900000Z  46.876  38.474   4.200   2.900    5    5    2  79.710  22.600  NaN  NaN None None
2012-08-13T04:15:52.400000Z  46.683  38.397  19.800   3.700    8    8    2 107.320  32.600  NaN  NaN None None
2012-08-13T05:22:28.800000Z  46.667  38.394  19.800   2.600    5    5    1  66.650  33.900  NaN  NaN None None
2012-08-13T06:58:22.000000Z  46.674  38.452  17.200   3.200    9    9    1 110.060  35.500  NaN  NaN None None
2012-08-13T07:28:30.500000Z  46.793  38.393  17.000   3.200   10   10    3 102.000  23.300  NaN  NaN None None
2012-08-13T07:50:54.300000Z  46.661  38.418   4.900   2.200    5    5    1  71.770  35.100  NaN  NaN None None
2012-08-13T08:16:50.100000Z  46.889  38.438   4.300   4.000   20   20    3 142.230  18.900  NaN  NaN None None
2012-08-13T10:28:13.700000Z  46.690  38.443  10.000   1.900    4    4    2  67.030  33.800  NaN  NaN None None
2012-08-13T10:29:31.200000Z  46.650  38.414   4.100   2.200    6    6    0  79.080  35.900  NaN  NaN None None
2012-08-13T10:45:44.000000Z  46.610  38.464  20.000   4.200   11   11    2 117.390  41.100  NaN  NaN None None
2012-08-13T11:47:52.300000Z  46.864  38.454   4.700   1.800    4    4    1  62.900  21.700  NaN  NaN None None
2012-08-13T12:07:37.300000Z  46.591  38.446   4.100   2.100    6    6    1  73.560  41.900  NaN  NaN None None
2012-08-13T12:45:58.000000Z  46.736  38.439  20.000   3.900   11   11    3 115.620  29.900  NaN  NaN None None
2012-08-13T12:53:47.200000Z  46.719  38.433  12.600   3.200   10   10    1 111.680  31.000  NaN  NaN None None
2012-08-13T13:31:40.300000Z  46.841  38.403  15.400   1.500    6    6    1  70.000  20.000  NaN  NaN None None
2012-08-13T13:57:03.300000Z  46.701  38.439   4.100   1.800    7    7    0  81.590  32.700  NaN  NaN None None
2012-08-13T14:02:42.800000Z  46.702  38.355  15.300   1.500    6    6    1  68.230  30.000  NaN  NaN None None
2012-08-13T15:06:34.400000Z  46.676  38.413   4.100   2.700    6    6    1  69.240  33.700  NaN  NaN None None
2012-08-13T15:32:15.700000Z  46.786  38.427  15.600   2.200    7    7    2  73.800  25.500  NaN  NaN None None
2012-08-13T16:14:40.600000Z  46.676  38.488  22.000   2.600    6    6    2  70.410  37.200  NaN  NaN None None
2012-08-13T16:31:48.900000Z  46.686  38.415   4.100   1.600    6    6    0  76.470  33.000  NaN  NaN None None
2012-08-13T17:08:41.800000Z  46.678  38.436   4.600   2.800    7    7    0  80.870  34.400  NaN  NaN None None
2012-08-13T18:31:10.900000Z  46.784  38.416   4.100   1.900    7    7    0  82.010  25.100  NaN  NaN None None
2012-08-13T18:40:05.700000Z  46.674  38.422  20.500   3.400   10   10    3 103.860  34.200  NaN  NaN None None
2012-08-13T19:43:22.000000Z  46.647  38.428  19.500   3.300   10   10    4 100.710  36.600  NaN  NaN None None
2012-08-13T19:55:52.700000Z  46.726  38.361  28.600   1.800    6    6    0  87.150  52.300  NaN  NaN None None
2012-08-13T20:12:42.800000Z  46.884  38.417  11.300   2.800    7    7    1  85.800  17.700  NaN  NaN None None
2012-08-13T20:22:37.600000Z  46.980  38.384   4.100   1.500    6    6    0  80.370   9.120  NaN  NaN None None
2012-08-13T20:29:51.900000Z  46.768  38.552   4.100   1.800    6    6    1  80.670  35.300  NaN  NaN None None
2012-08-13T20:44:57.200000Z  46.819  38.367  10.000   1.600    6    6    1  68.540  20.300  NaN  NaN None None
2012-08-13T20:57:07.500000Z  46.661  38.385   4.300   1.500    5    5    1  62.980  34.200  NaN  NaN None None
2012-08-13T21:01:40.200000Z  46.679  38.407   4.300   1.800    6    6    1  69.990  33.300  NaN  NaN None None
2012-08-13T21:10:31.500000Z  46.763  38.477  14.800   1.600    7    7    1  78.040  30.100  NaN  NaN None None
2012-08-13T21:18:45.800000Z  46.771  38.394  17.500   1.200    5    5    1  64.380  25.200  NaN  NaN None None
2012-08-13T21:25:25.100000Z  46.800  38.458  19.200   1.800    7    7    1  77.380  26.300  NaN  NaN None None
2012-08-13T21:29:06.200000Z  46.837  38.416  21.000   1.300    4    4    2  75.100  21.000  NaN  NaN None None
2012-08-13T21:33:29.800000Z  46.680  38.436  16.600   1.700    7    7    1  75.240  34.300  NaN  NaN None None
2012-08-13T22:37:04.500000Z  46.688  38.390  20.000   3.300   10   10    2 104.780  32.000  NaN  NaN None None
2012-08-13T23:22:37.000000Z  46.746  38.444  10.000   1.500    5    5    0  73.160  29.400  NaN  NaN None None
2012-08-13T23:43:33.600000Z  46.863  38.398  12.100   1.500    7    7    0  83.190  18.000  NaN  NaN None None
2012-08-14T01:32:41.700000Z  46.693  38.454   9.400   2.200    7    7    0  82.270  34.100  NaN  NaN None None
2012-08-14T01:39:59.300000Z  46.726  38.467  19.300   1.400    5    5    0  73.500  32.200  NaN  NaN None None
2012-08-14T01:49:20.100000Z  46.692  38.419  17.700   3.000   10   10    3 103.890  32.600  NaN  NaN None None
2012-08-14T02:00:50.700000Z  46.690  38.477   4.300   2.000    6    6    0  82.520  35.500  NaN  NaN None None
2012-08-14T02:37:06.900000Z  46.805  38.440  15.000   2.300    5    2    4  71.380  24.800  NaN  NaN None None
2012-08-14T03:46:54.400000Z  46.805  38.442  18.200   2.100    7    7    6  71.080  13.800  NaN  NaN None None
2012-08-14T04:08:43.300000Z  46.640  38.462   4.300   2.300    5    5    1  69.800  38.600  NaN  NaN None None
2012-08-14T04:52:17.700000Z  46.661  38.446  20.000   2.100    6    6    2  73.240  36.200  NaN  NaN None None
2012-08-14T05:28:13.200000Z  46.804  38.437  18.100   3.400   10   10    4 103.320  24.700  NaN  NaN None None
2012-08-14T06:58:45.500000Z  46.657  38.402  16.500   1.800    5    5    1  63.400  34.900  NaN  NaN None None
2012-08-14T08:11:48.900000Z  46.662  38.392  15.500   2.100    5    5    1  63.150  34.200  NaN  NaN None None
2012-08-14T10:28:44.200000Z  46.706  38.408  15.800   3.600   21   21    2 139.790  31.000  NaN  NaN None None
2012-08-14T10:50:24.700000Z  46.805  38.504  14.400   2.100    6    6    0  86.800  29.300  NaN  NaN None None
2012-08-14T11:17:14.100000Z  46.666  38.398   5.200   1.700    4    4    0  63.800  34.100  NaN  NaN None None
2012-08-14T11:44:11.800000Z  46.686  38.452   5.300   1.800    7    7    0  81.900  34.500  NaN  NaN None None
2012-08-14T12:42:55.300000Z  46.679  38.415  19.900   2.200    7    7    0  80.100  33.500  NaN  NaN None None
2012-08-14T13:31:03.400000Z  46.694  38.431  17.500   2.200    7    7    0  81.100  32.900  NaN  NaN None None
2012-08-14T14:02:25.700000Z  46.790  38.474  18.600   5.200   21   21    0 155.470  28.000  NaN  NaN None None
2012-08-14T15:48:20.200000Z  46.650  38.436  17.000   3.800   11   11    3 116.150  36.700  NaN  NaN None None
2012-08-14T16:07:08.700000Z  46.848  38.397  12.900   1.900    5    5    2  71.670  19.100  NaN  NaN None None
2012-08-14T16:30:46.100000Z  46.785  38.410  16.300   2.000    7    7    2  84.240  24.700  NaN  NaN None None
2012-08-14T16:36:24.800000Z  46.705  38.410  19.000   3.300   10   10    4  99.750  31.200  NaN  NaN None None
2012-08-14T17:05:18.200000Z  46.658  38.428   8.100   1.700    5    5    2  75.640  35.700  NaN  NaN None None
2012-08-14T17:09:09.900000Z  46.729  38.419  20.000   3.100   10   10    4 100.530  29.600  NaN  NaN None None
2012-08-14T17:16:26.100000Z  46.794  38.432   5.100   2.000    5    5    2  87.390  60.500  NaN  NaN None None
2012-08-14T18:53:41.200000Z  46.661  38.409  14.600   2.000    6    6    2  67.450  34.800  NaN  NaN None None
2012-08-14T20:20:33.200000Z  46.663  38.421  15.400   3.000    9    9    3  86.780  35.100  NaN  NaN None None
2012-08-14T21:29:04.300000Z  46.885  38.445  16.800   1.300    6    6    0  81.130  19.700  NaN  NaN None None
2012-08-14T21:32:40.200000Z  46.792  38.417  16.300   1.500    6    6    0  77.870  24.500  NaN  NaN None None
2012-08-14T22:10:17.600000Z  46.676  38.422   4.300   2.000    6    6    0  76.750  34.000  NaN  NaN None None
2012-08-14T22:41:54.500000Z  46.701  38.389  12.000   1.700    6    6    0  75.830  30.900  NaN  NaN None None
2012-08-14T23:07:43.000000Z  46.750  38.397   4.400   1.300    5    5    0  72.140  27.000  NaN  NaN None None
2012-08-14T23:33:30.800000Z  46.770  38.406  19.900   1.700    6    6    0  77.230  25.700  NaN  NaN None None
2012-08-14T23:42:05.500000Z  46.700  38.380  13.400   1.700    6    6    0  75.420  30.700  NaN  NaN None None
2012-08-15T00:42:47.100000Z  46.710  38.396  16.900   1.000    3    3    2  62.900  30.300  NaN  NaN None None
2012-08-15T01:35:40.000000Z  46.680  38.433  20.000   1.600    5    5    2  66.410  34.100  NaN  NaN None None
2012-08-15T01:43:13.000000Z  46.699  38.393  18.100   1.600    5    5    2  68.100  31.100  NaN  NaN None None
2012-08-15T03:03:30.600000Z  46.622  38.491  19.900   1.800    4    4    2  66.370  41.400  NaN  NaN None None
2012-08-15T03:41:30.500000Z  46.804  38.428  18.700   3.400    9    9    4 108.410  24.100  NaN  NaN None None
2012-08-15T04:29:39.900000Z  46.817  38.410  11.500   3.100    9    9    4 104.290  22.200  NaN  NaN None None
2012-08-15T05:26:26.800000Z  46.770  38.432  10.000   2.400    7    7    1  85.090  27.000  NaN  NaN None None
2012-08-15T05:39:51.100000Z  46.684  38.454  16.000   2.300    7    7    1  82.390  34.800  NaN  NaN None None
2012-08-15T07:12:14.500000Z  46.641  38.413   4.200   2.600    6    6    1  70.230  36.600  NaN  NaN None None
2012-08-15T08:39:21.700000Z  46.860  38.429   8.700   3.100    7    7    3  78.940  20.100  NaN  NaN None None
2012-08-15T09:03:48.000000Z  46.694  38.434  19.100   2.600    7    7    1  75.160  33.100  NaN  NaN None None
2012-08-15T09:37:46.900000Z  46.681  38.362   4.700   1.800    5    5    1  62.600  32.000  NaN  NaN None None
2012-08-15T11:27:05.700000Z  46.780  38.349  18.400   2.500    6    6    0  80.300  23.200  NaN  NaN None None
2012-08-15T11:39:29.800000Z  46.692  38.365  12.000   2.200    5    5    1  67.470  31.100  NaN  NaN None None
2012-08-15T13:52:42.400000Z  46.667  38.441  10.000   2.100    7    7    0  81.060  35.500  NaN  NaN None None
2012-08-15T13:58:28.200000Z  46.802  38.488   7.900   2.000    6    6    1  73.840  28.200  NaN  NaN None None
2012-08-15T16:01:21.900000Z  46.687  38.378  10.000   2.200    5    5    1  63.050  31.800  NaN  NaN None None
2012-08-15T17:49:04.700000Z  46.666  38.407  18.600   5.000   19   19    1 147.440  34.300  NaN  NaN None None
2012-08-15T18:00:01.000000Z  46.648  38.433  18.600   3.300   10   10    1 107.270  36.700  NaN  NaN None None
2012-08-15T18:16:27.300000Z  46.707  38.451  19.000   2.100    6    6    1  71.740  32.800  NaN  NaN None None
2012-08-15T18:38:43.800000Z  46.673  38.417  17.900   2.200    6    6    1  70.330  34.100  NaN  NaN None None
2012-08-15T19:23:57.800000Z  46.664  38.412  14.800   1.800    6    6    2  73.440  34.700  NaN  NaN None None
2012-08-15T20:27:44.200000Z  46.682  38.426  19.900   2.000    5    5    1  74.880  33.700  NaN  NaN None None
2012-08-15T21:26:47.400000Z  46.675  38.404  21.100   2.200    6    6    1  69.840  33.500  NaN  NaN None None
2012-08-15T23:01:19.700000Z  46.643  38.376   4.500   1.700    5    5    1  65.520  35.500  NaN  NaN None None
2012-08-16T00:15:16.200000Z  46.653  38.428  19.900   3.300   10   10    2 105.060  36.100  NaN  NaN None None
2012-08-16T00:32:52.000000Z  46.656  38.426  16.200   1.700    6    6    1  70.710  35.800  NaN  NaN None None
2012-08-16T01:31:21.000000Z  46.757  38.432  21.300   1.900    7    7    1  84.460  28.000  NaN  NaN None None
2012-08-16T02:26:38.500000Z  46.844  38.384   4.200   1.700    5    5    0  80.560  18.800  NaN  NaN None None
2012-08-16T03:01:38.400000Z  46.763  38.487  25.900   2.200    7    7    1  87.280  30.800  NaN  NaN None None
2012-08-16T03:10:48.000000Z  46.828  38.405  17.700   2.400    7    7    0  82.630  21.100  NaN  NaN None None
2012-08-16T05:33:56.100000Z  46.676  38.452   4.200   2.300    7    7    1  85.490  35.300  NaN  NaN None None
2012-08-16T05:39:30.900000Z  46.687  38.391  19.700   1.600    5    5    1  63.380  32.100  NaN  NaN None None
2012-08-16T06:33:56.700000Z  46.785  38.478   4.400   2.000    4    4    1  72.660  28.700  NaN  NaN None None
2012-08-16T08:56:53.800000Z  46.708  38.442   4.100   1.800    4    4    1  66.000  32.300  NaN  NaN None None
2012-08-16T09:27:46.900000Z  46.720  38.426  19.600   3.100    7    7    3  75.200  30.600  NaN  NaN None None
2012-08-16T11:28:36.800000Z  46.711  38.434  11.100   1.900    6    6    0  77.280  31.700  NaN  NaN None None
2012-08-16T13:20:15.200000Z  46.699  38.418   4.200   1.300    5    5    0  70.840  32.000  NaN  NaN None None
2012-08-16T13:56:30.200000Z  46.712  38.411  13.600   2.000    7    7    0  80.430  30.700  NaN  NaN None None
2012-08-16T15:15:35.000000Z  46.738  38.451  18.300   3.800   11   11    4 111.970  30.400  NaN  NaN None None
2012-08-16T15:31:10.400000Z  46.689  38.372   4.300   1.500    5    5    0  69.200  31.500  NaN  NaN None None
2012-08-16T17:11:47.600000Z  46.741  38.458  19.900   1.700    7    7    0  83.410  30.600  NaN  NaN None None
2012-08-16T17:14:13.200000Z  46.731  38.436  19.500   4.600   20   20    2 150.400  30.200  NaN  NaN None None
2012-08-16T17:19:40.800000Z  46.703  38.432  18.200   2.900   10   10    3 106.120  32.200  NaN  NaN None None
2012-08-16T17:34:59.600000Z  46.730  38.440  15.500   2.600    8    8    6  71.920   8.940  NaN  NaN None None
2012-08-16T20:27:17.500000Z  46.916  38.441   7.800   2.300    7    7    1  90.060  17.600  NaN  NaN None None
2012-08-16T21:50:59.500000Z  46.745  38.446  14.000   1.400    5    5    0  73.220  29.600  NaN  NaN None None
2012-08-16T23:15:00.300000Z  46.641  38.391   4.200   0.800    6    6    1  75.760  36.000  NaN  NaN None None
2012-08-16T23:59:14.400000Z  46.641  38.416   4.100   1.200    6    6    0  76.070  36.700  NaN  NaN None None
2012-08-17T00:31:16.900000Z  46.855  38.511   4.100   1.700    7    7    1  81.240  27.000  NaN  NaN None None
2012-08-17T02:13:52.900000Z  46.788  38.402  20.200   1.600    7    7    0  81.610  24.100  NaN  NaN None None
2012-08-17T03:19:23.900000Z  46.786  38.427  20.000   1.900    5    5    1  78.880  25.500  NaN  NaN None None
2012-08-17T03:34:20.100000Z  46.691  38.457  17.800   2.900    7    7    3  80.630  34.400  NaN  NaN None None
2012-08-17T04:48:15.400000Z  46.690  38.420  13.000   3.800   21   21    4 137.580  32.800  NaN  NaN None None
2012-08-17T04:52:29.300000Z  46.770  38.421  20.000   3.000   10   10    3 102.420  26.400  NaN  NaN None None
2012-08-17T05:28:37.700000Z  46.843  38.391   8.200   2.100    6    6    2  79.600  19.200  NaN  NaN None None
2012-08-17T05:35:06.500000Z  46.777  38.404  13.700   1.600    5    5    1  64.800  25.100  NaN  NaN None None
2012-08-17T08:09:51.000000Z  46.886  38.417   9.300   3.500   10   10    4 104.280  17.500  NaN  NaN None None
2012-08-17T08:19:47.900000Z  46.813  38.439  18.900   1.700    5    5    2  71.970  24.100  NaN  NaN None None
2012-08-17T09:17:59.900000Z  46.643  38.418  20.000   3.800   21   21    4 135.480  36.600  NaN  NaN None None
2012-08-17T10:36:48.400000Z  46.681  38.436  19.700   1.600    5    5    1  64.820  34.200  NaN  NaN None None
2012-08-17T11:19:11.800000Z  46.696  38.436  20.000   2.000    6    6    1  77.740  33.000  NaN  NaN None None
2012-08-17T12:09:50.400000Z  46.640  38.439  17.400   3.100    7    7    5  79.030  37.600  NaN  NaN None None
2012-08-17T13:04:44.000000Z  46.879  38.421  22.200   1.500    5    5    2  73.240  18.300  NaN  NaN None None
2012-08-17T13:24:24.300000Z  46.567  38.469   5.200   2.000    5    5    2  68.560  44.800  NaN  NaN None None
2012-08-17T14:34:36.600000Z  46.650  38.425  16.700   2.000    6    5    2  77.490  36.300  NaN  NaN None None
2012-08-17T14:37:38.400000Z  46.656  38.448  17.400   2.200    7    7    2  79.660  36.700  NaN  NaN None None
2012-08-17T15:04:09.100000Z  46.768  38.422  10.000   1.400    5    5    2  70.340  26.600  NaN  NaN None None
2012-08-17T16:13:15.000000Z  46.790  38.458   5.300   1.500    5    5    2  80.630  27.000  NaN  NaN None None
2012-08-17T16:58:47.500000Z  46.651  38.391  15.400   1.600    6    6    1  69.490  35.200  NaN  NaN None None
2012-08-17T17:57:47.000000Z  46.928  38.367   4.100   1.500    5    5    2  80.460  11.400  NaN  NaN None None
2012-08-17T18:49:55.700000Z  46.982  38.381   4.800   2.600    7    7    3  83.490   8.750  NaN  NaN None None
2012-08-17T19:34:08.400000Z  46.622  38.471  20.000   3.100   10   10    4 101.510  40.500  NaN  NaN None None
2012-08-17T20:04:59.900000Z  46.666  38.438  20.000   1.800    6    6    2  72.820  35.500  NaN  NaN None None
2012-08-17T20:15:33.700000Z  46.685  38.449  19.900   3.400   10   10    2 105.750  34.400  NaN  NaN None None
2012-08-17T21:36:15.600000Z  46.702  38.409  20.000   1.100    5    5    2  74.130  31.400  NaN  NaN None None
2012-08-17T23:14:09.100000Z  46.686  38.433  15.500   3.000   10   10    3 105.450  33.700  NaN  NaN None None
2012-08-18T01:48:25.100000Z  46.722  38.446  26.300   3.000   10   10    3 104.960  31.400  NaN  NaN None None
2012-08-18T02:06:28.600000Z  46.753  38.374  19.800   2.300    6    5    2  72.940  26.000  NaN  NaN None None
2012-08-18T02:21:31.700000Z  46.690  38.404   9.300   1.700    5    5    1  63.800  32.200  NaN  NaN None None
2012-08-18T03:26:47.000000Z  46.845  38.452  20.800   2.700    7    7    2  80.830  22.800  NaN  NaN None None
2012-08-18T04:44:40.300000Z  46.797  38.393  17.300   2.300    7    7    1  73.920  23.000  NaN  NaN None None
2012-08-18T05:38:00.900000Z  46.906  38.531  11.700   2.300    7    7    1  83.120  26.500  NaN  NaN None None
2012-08-18T06:02:57.800000Z  46.942  38.434  13.000   1.900    6    6    1  78.630  15.600  NaN  NaN None None
2012-08-18T08:46:28.100000Z  46.663  38.468  16.700   2.100    5    5    1  74.270  37.100  NaN  NaN None None
2012-08-18T08:59:07.800000Z  46.711  38.420  14.500   2.400    7    7    1  74.680  31.100  NaN  NaN None None
2012-08-18T11:21:28.700000Z  46.663  38.423  20.000   2.900   10   10    3 103.710  35.100  NaN  NaN None None
2012-08-18T14:33:47.100000Z  46.838  38.436  19.300   1.700    6    6    3  81.780  22.100  NaN  NaN None None
2012-08-18T15:56:05.800000Z  46.880  38.414   7.600   3.300   10   10    2 105.820  17.700  NaN  NaN None None
2012-08-18T18:15:49.200000Z  46.952  38.468   4.100   1.900    6    6    6  73.680  18.400  NaN  NaN None None
2012-08-18T19:10:11.500000Z  46.655  38.454  14.800   1.700    6    6    1  78.930  37.100  NaN  NaN None None
2012-08-18T19:30:33.800000Z  46.865  38.469  10.500   1.900    6    6    1  84.290  22.800  NaN  NaN None None
2012-08-18T19:39:46.800000Z  46.642  38.413   4.300   1.600    5    5    1  74.400  36.500  NaN  NaN None None
2012-08-18T20:31:53.800000Z  46.785  38.547  14.400   2.400    7    7    7  77.560  11.300  NaN  NaN None None
2012-08-18T20:41:51.400000Z  46.707  38.450  12.400   2.100    7    7    6  72.340   6.890  NaN  NaN None None
2012-08-18T21:08:39.400000Z  46.664  38.413  19.900   3.100    9    9    2 107.340  34.700  NaN  NaN None None
2012-08-18T21:09:40.500000Z  46.648  38.462  11.700   3.200    9    9    1 110.260  38.000  NaN  NaN None None
2012-08-18T21:20:44.100000Z  46.776  38.430  18.100   1.900    7    7    5  67.530  12.500  NaN  NaN None None
2012-08-18T21:29:15.400000Z  46.646  38.427  15.200   2.500    7    7    6  66.920   8.770  NaN  NaN None None
2012-08-18T21:41:10.400000Z  46.671  38.418  12.300   1.600    6    6    6  64.460   9.560  NaN  NaN None None
2012-08-18T22:11:10.000000Z  46.657  38.413  14.800   1.800    6    6    4  56.860  10.200  NaN  NaN None None
2012-08-18T22:52:25.200000Z  46.696  38.443  16.900   1.400    5    5    4  56.590   7.210  NaN  NaN None None
2012-08-18T23:14:43.700000Z  46.859  38.422  14.000   1.200    6    6    4  65.960  19.000  NaN  NaN None None
2012-08-18T23:47:23.000000Z  46.688  38.457  16.500   1.700    7    7    4  62.200   5.500  NaN  NaN None None
2012-08-18T23:54:42.400000Z  46.822  38.444  15.000   2.000    7    7    6  75.450  15.000  NaN  NaN None None
2012-08-19T00:04:53.600000Z  46.659  38.436  15.500   1.500    6    6    6  64.330   7.590  NaN  NaN None None
2012-08-19T00:37:06.700000Z  46.724  38.426  19.900   3.100    9    9    2 108.440  30.300  NaN  NaN None None
2012-08-19T00:55:16.900000Z  46.697  38.491  19.800   1.800    6    6    4  64.150   2.910  NaN  NaN None None
2012-08-19T01:12:37.800000Z  46.688  38.439  15.200   2.000    7    7    6  67.820   7.430  NaN  NaN None None
2012-08-19T01:29:34.300000Z  46.654  38.435  15.600   2.100    7    7    7  69.590   7.760  NaN  NaN None None
2012-08-19T01:58:30.400000Z  46.650  38.388  19.900   4.300   11   11    3 125.800  35.200  NaN  NaN None None
2012-08-19T02:23:11.900000Z  46.657  38.421  15.700   2.200    7    7    6  67.040   9.270  NaN  NaN None None
2012-08-19T02:26:30.000000Z  46.664  38.414  15.300   1.700    7    7    5  63.630  10.000  NaN  NaN None None
2012-08-19T03:29:48.300000Z  46.649  38.416  14.000   1.800    5    5    4  50.840   9.920  NaN  NaN None None
2012-08-19T03:47:58.700000Z  46.833  38.477  14.900   1.900    7    7    5  70.680  14.700  NaN  NaN None None
2012-08-19T04:39:27.700000Z  46.780  38.427  23.000   2.000    5    5    2  70.770  25.900  NaN  NaN None None
2012-08-19T05:10:15.500000Z  46.781  38.465  19.500   2.700    7    7    1  77.560  28.100  NaN  NaN None None
2012-08-19T08:18:27.700000Z  46.648  38.450   4.200   2.400    7    7    0  81.070  37.500  NaN  NaN None None
2012-08-19T08:25:19.900000Z  46.665  38.444   4.200   2.000    6    6    0  76.300  35.800  NaN  NaN None None
2012-08-19T10:51:59.600000Z  46.819  38.443   4.100   2.500    7    7    0  84.070  23.900  NaN  NaN None None
2012-08-19T13:41:50.700000Z  46.675  38.464  19.800   2.000    7    7    1  76.620  36.000  NaN  NaN None None
2012-08-19T14:40:59.300000Z  46.768  38.434  16.300   2.100    6    6    1  70.990  27.200  NaN  NaN None None
2012-08-19T15:32:28.900000Z  46.821  38.356  14.200   2.200    6    6    0  81.620  19.800  NaN  NaN None None
2012-08-19T22:30:29.100000Z  46.636  38.433  14.200   1.500    6    6    2  68.150  37.700  NaN  NaN None None
2012-08-19T23:27:02.100000Z  46.652  38.423  14.800   1.700    6    6    1  70.590  36.000  NaN  NaN None None
2012-08-20T01:04:22.500000Z  46.677  38.495   8.600   2.000    6    6    0  83.130  37.500  NaN  NaN None None
2012-08-20T01:24:12.800000Z  46.693  38.422   4.100   1.500    5    5    0  81.800  32.600  NaN  NaN None None
2012-08-20T01:45:10.500000Z  46.679  38.434   4.100   1.300    6    6    0  77.170  34.300  NaN  NaN None None
2012-08-20T02:04:58.500000Z  46.683  38.382  15.500   1.900    6    6    0  78.850  32.200  NaN  NaN None None
2012-08-20T04:09:59.400000Z  46.679  38.444  19.900   2.700    7    7    2  76.570  34.700  NaN  NaN None None
2012-08-20T06:06:14.300000Z  46.673  38.427  20.000   2.100    6    6    2  71.430  34.500  NaN  NaN None None
2012-08-20T06:59:31.400000Z  46.776  38.394  13.400   1.700    4    4    2  71.530  24.800  NaN  NaN None None
2012-08-20T10:06:32.400000Z  46.842  38.435   9.200   2.000    5    5    2  67.190  21.800  NaN  NaN None None
2012-08-20T12:21:03.200000Z  46.743  38.461  22.900   1.800    5    5    2  71.310  30.600  NaN  NaN None None
2012-08-20T14:53:29.300000Z  46.642  38.429  20.000   1.800    5    5    1  81.180  48.100  NaN  NaN None None
2012-08-20T16:54:51.800000Z  46.678  38.422  20.000   3.000    8    8    1 125.740  50.700  NaN  NaN None None
2012-08-20T20:32:50.100000Z  46.812  38.430  18.000   2.100    5    5    2  98.410  61.900  NaN  NaN None None
2012-08-20T21:17:40.000000Z  46.654  38.443  10.000   1.900    6    6    2  83.150  49.800  NaN  NaN None None
2012-08-20T21:24:17.400000Z  46.876  38.432  19.800   3.000    9    9    1 123.950  67.200  NaN  NaN None None
2012-08-20T21:37:38.800000Z  46.678  38.447   5.100   2.800    6    6    3  85.170  51.900  NaN  NaN None None
2012-08-20T22:20:12.400000Z  46.668  38.425   4.200   1.500    5    5    2  81.160  50.000  NaN  NaN None None
2012-08-21T03:31:54.600000Z  46.677  38.431  17.100   2.400    7    7    6  74.990   8.150  NaN  NaN None None
2012-08-21T05:23:59.000000Z  46.750  38.439   4.700   2.000    5    5    1  90.250  57.200  NaN  NaN None None
2012-08-21T08:38:50.200000Z  46.564  38.381  14.300   2.600    5    5    1  88.030  39.700  NaN  NaN None None
2012-08-21T09:15:11.900000Z  46.757  38.474   5.700   1.700    4    4    1  88.760  59.400  NaN  NaN None None
2012-08-21T10:24:46.500000Z  46.725  38.453  10.000   1.800    5    5    1  92.670  55.800  NaN  NaN None None
2012-08-21T17:43:01.900000Z  46.721  38.411  20.000   3.200    8    8    2 118.410  53.700  NaN  NaN None None
2012-08-22T04:24:53.500000Z  46.686  38.420   7.700   2.300    6    6    1  70.530  33.100  NaN  NaN None None
2012-08-22T09:50:22.500000Z  46.664  38.428  20.000   3.400    9    9    2 107.860  35.200  NaN  NaN None None
2012-08-22T10:08:09.300000Z  46.864  38.461  27.600   2.000    5    4    2  68.530  22.200  NaN  NaN None None
2012-08-22T11:33:50.400000Z  46.656  38.439  10.300   2.800    6    6    3  73.270  36.300  NaN  NaN None None
2012-08-22T14:45:02.200000Z  46.658  38.440  15.000   1.800    4    4    1  60.700  36.200  NaN  NaN None None
2012-08-22T15:37:57.300000Z  46.858  38.431  19.300   2.500    7    7    4  80.420  20.400  NaN  NaN None None
2012-08-22T15:55:46.500000Z  46.780  38.429  18.300   1.400    5    5    1  78.320  26.000  NaN  NaN None None
2012-08-22T16:29:10.400000Z  46.852  38.426  21.900   1.700    5    5    2  72.800  20.500  NaN  NaN None None
2012-08-22T18:32:35.100000Z  46.650  38.416  14.400   2.100    6    6    1  70.400  36.000  NaN  NaN None None
2012-08-22T21:40:45.100000Z  46.701  38.429  10.000   1.600    5    5    2  67.330  32.300  NaN  NaN None None
2012-08-23T00:10:39.100000Z  46.734  38.440  19.500   2.400    7    7    3  76.180  30.200  NaN  NaN None None
2012-08-23T00:16:44.300000Z  46.708  38.428  10.000   1.500    4    4    2  62.980  31.700  NaN  NaN None None
2012-08-23T00:56:25.700000Z  46.708  38.439   8.900   1.800    6    5    3  74.530  32.200  NaN  NaN None None
2012-08-23T02:37:15.000000Z  46.639  38.461  19.800   2.200    7    7    2  82.770  38.700  NaN  NaN None None
2012-08-23T04:06:36.700000Z  46.654  38.449  16.900   2.200    7    7    1  75.620  36.900  NaN  NaN None None
2012-08-23T08:23:42.100000Z  46.610  38.431   4.200   2.800    7    7    1  74.690  39.800  NaN  NaN None None
2012-08-23T12:14:46.300000Z  46.651  38.434   4.100   2.700    7    7    1  84.240  36.500  NaN  NaN None None
2012-08-23T12:31:56.900000Z  46.738  38.430   4.100   2.000    4    4    1  81.780  29.400  NaN  NaN None None
2012-08-23T14:52:19.000000Z  46.654  38.449  16.900   2.100    7    7    1  75.620  36.900  NaN  NaN None None
2012-08-23T16:37:19.100000Z  46.780  38.466  10.000   2.800    7    7    1  86.930  28.200  NaN  NaN None None
2012-08-23T17:18:11.700000Z  46.623  38.405  16.100   1.900    7    7    1  73.560  37.900  NaN  NaN None None
2012-08-23T20:31:29.100000Z  46.727  38.450  16.100   3.000   10   10    2 111.970  31.200  NaN  NaN None None
2012-08-23T22:56:32.600000Z  46.629  38.459  19.500   1.700    5    5    1  76.030  39.400  NaN  NaN None None
2012-08-24T05:14:47.200000Z  46.619  38.418   4.800   1.800    6    6    1  68.690  38.600  NaN  NaN None None
2012-08-24T07:38:39.100000Z  46.988  38.504  10.900   3.200   10   10    1 111.820  21.200  NaN  NaN None None
2012-08-24T09:49:29.400000Z  46.825  38.482  19.500   2.300    7    7    1  78.840  26.300  NaN  NaN None None
2012-08-24T10:44:03.300000Z  46.892  38.449  20.400   1.500    4    4    3  76.630  19.600  NaN  NaN None None
2012-08-24T11:11:20.700000Z  46.782  38.391   8.600   1.600    5    5    1  71.220  24.200  NaN  NaN None None
2012-08-24T12:02:54.800000Z  46.671  38.439  14.300   2.000    7    7    1  75.210  35.100  NaN  NaN None None
2012-08-24T12:14:53.300000Z  46.703  38.434  19.600   1.500    4    4    2  69.950  32.300  NaN  NaN None None
2012-08-24T15:50:11.700000Z  46.681  38.414   4.600   1.500    6    6    1  78.990  33.300  NaN  NaN None None
2012-08-24T16:08:29.900000Z  46.734  38.404  17.900   1.200    5    5    3  70.460  28.600  NaN  NaN None None
2012-08-24T16:37:38.000000Z  47.010  38.553   4.100   2.100    6    6    1  97.090  26.300  NaN  NaN None None
2012-08-24T21:42:06.900000Z  46.669  38.421  10.800   1.700    6    6    1  81.190  34.600  NaN  NaN None None
2012-08-24T21:44:06.600000Z  46.742  38.441  19.900   1.700    6    6    1  81.370  29.600  NaN  NaN None None
2012-08-24T22:43:36.000000Z  46.723  38.461  23.900   1.100    5    5    1  85.170  32.100  NaN  NaN None None
2012-08-24T23:20:32.600000Z  46.807  38.536   4.100   1.100    5    5    1  86.600  31.800  NaN  NaN None None
2012-08-24T23:57:19.900000Z  46.611  38.429  14.800   1.100    5    5    1  63.870  39.700  NaN  NaN None None
2012-08-25T00:09:04.200000Z  46.693  38.458   4.100   1.600    6    6    1  82.940  34.300  NaN  NaN None None
2012-08-25T00:58:55.000000Z  46.772  38.423  15.500   1.200    6    6    2  78.150  26.300  NaN  NaN None None
2012-08-25T02:55:50.000000Z  46.628  38.455  20.000   2.000    6    6    1  81.570  39.300  NaN  NaN None None
2012-08-25T06:09:45.800000Z  46.682  38.419  19.200   3.000   10   10    1 106.650  33.400  NaN  NaN None None
2012-08-25T07:33:34.200000Z  46.559  38.445   3.600   2.100    6    6    1  69.010  42.700  NaN  NaN None None
2012-08-25T07:46:20.700000Z  46.878  38.430  14.800   3.300   10   10    2 106.410  19.000  NaN  NaN None None
2012-08-25T14:59:32.100000Z  46.938  38.400   9.100   2.300    7    7    2  77.820  12.900  NaN  NaN None None
2012-08-25T17:14:24.400000Z  46.633  38.435   4.100   1.600    6    6    0  76.620  38.100  NaN  NaN None None
2012-08-25T19:59:27.900000Z  46.910  38.450  12.300   1.800    6    6    1  79.500  18.700  NaN  NaN None None
2012-08-25T20:03:41.400000Z  46.653  38.414  20.000   2.600    7    7    2  71.210  35.700  NaN  NaN None None
2012-08-26T01:28:37.000000Z  46.640  38.432  19.900   2.600    6    6    3  72.580  37.400  NaN  NaN None None
2012-08-26T04:01:33.300000Z  46.658  38.407  19.900   2.300    7    7    1  73.800  35.000  NaN  NaN None None
2012-08-26T05:22:11.600000Z  46.698  38.432  18.900   2.800    7    7    1  81.500  32.600  NaN  NaN None None
2012-08-26T09:36:52.900000Z  46.659  38.432  15.300   3.900   10   10    1 111.800  35.800  NaN  NaN None None
2012-08-26T09:43:21.900000Z  46.660  38.439  16.600   3.900   10   10    1 112.060  36.000  NaN  NaN None None
2012-08-26T11:15:27.900000Z  46.678  38.443  19.100   2.300    7    7    1  81.960  34.700  NaN  NaN None None
2012-08-26T12:50:54.900000Z  46.693  38.398  13.000   1.900    7    7    1  77.360  31.800  NaN  NaN None None
2012-08-26T12:52:35.100000Z  46.649  38.426   6.700   1.800    5    5    2  75.410  36.400  NaN  NaN None None
2012-08-26T13:05:19.400000Z  46.649  38.447  12.200   2.100    8    8    1  82.340  37.200  NaN  NaN None None
2012-08-26T13:08:35.600000Z  46.666  38.428  15.200   3.800   11   11    1 109.350  35.100  NaN  NaN None None
2012-08-26T13:44:30.800000Z  46.745  38.376  10.000   1.500    5    5    1  63.600  26.800  NaN  NaN None None
2012-08-26T14:26:49.700000Z  46.694  38.351  12.600   1.800    6    6    1  68.260  30.700  NaN  NaN None None
2012-08-26T14:51:02.700000Z  46.855  38.454  17.700   1.700    6    6    1  79.410  22.300  NaN  NaN None None
2012-08-26T18:15:31.800000Z  46.876  38.421  13.100   3.400    9    9    2 109.370  18.500  NaN  NaN None None
2012-08-26T19:22:09.400000Z  46.651  38.446   4.600   1.300    5    5    1  69.280  37.000  NaN  NaN None None
2012-08-26T20:12:37.300000Z  46.670  38.421  15.400   1.300    6    6    1  70.570  34.500  NaN  NaN None None
2012-08-26T20:57:08.300000Z  46.695  38.465   4.900   1.700    5    5    1  70.050  34.500  NaN  NaN None None
2012-08-26T22:48:14.000000Z  46.672  38.473  14.100   2.800    6    6    1  83.730  36.600  NaN  NaN None None
2012-08-27T02:46:27.600000Z  46.632  38.417  19.900   1.700    5    5    1  63.650  37.500  NaN  NaN None None
2012-08-27T05:08:06.900000Z  46.568  38.454   4.200   1.900    5    5    1  73.180  43.900  NaN  NaN None None
2012-08-27T06:30:55.900000Z  46.690  38.411   4.800   2.100    7    7    1  77.270  32.500  NaN  NaN None None
2012-08-27T11:01:13.000000Z  46.686  38.404  20.000   2.500    7    7    1  79.760  32.600  NaN  NaN None None
2012-08-27T13:46:34.300000Z  46.691  38.362  20.000   1.700    5    5    1  62.670  31.100  NaN  NaN None None
2012-08-27T15:10:34.500000Z  46.832  38.405  16.300   1.600    6    6    0  78.350  20.800  NaN  NaN None None
2012-08-27T16:52:13.700000Z  46.850  38.424  19.700   2.200    7    7    0  84.040  20.500  NaN  NaN None None
2012-08-27T17:55:08.700000Z  46.812  38.377  17.700   2.000    7    7    0  80.910  21.200  NaN  NaN None None
2012-08-27T21:03:26.800000Z  46.676  38.383  13.600   1.900    5    5    1  72.820  32.800  NaN  NaN None None
2012-08-27T22:48:15.500000Z  46.743  38.349  10.000   1.300    5    5    1  62.950  26.400  NaN  NaN None None
2012-08-27T23:56:30.700000Z  46.887  38.425  10.400   3.400   18   18    1 138.720  18.000  NaN  NaN None None
2012-08-28T00:28:01.200000Z  46.691  38.376   3.300   1.500    6    6    0  75.300  31.400  NaN  NaN None None
2012-08-28T01:55:35.700000Z  46.719  38.410  12.100   2.000    6    6    0  80.620  30.000  NaN  NaN None None
2012-08-28T02:21:14.200000Z  46.597  38.423  20.500   2.500    7    7    1  74.250  40.600  NaN  NaN None None
2012-08-28T03:33:22.600000Z  46.671  38.398  14.700   1.800    6    6    1  71.860  33.600  NaN  NaN None None
2012-08-28T03:41:07.600000Z  46.794  38.409  22.500   2.100    7    7    2  77.830  23.900  NaN  NaN None None
2012-08-28T03:54:51.000000Z  46.624  38.440  19.900   1.400    5    5    1  72.080  39.000  NaN  NaN None None
2012-08-28T04:13:21.500000Z  46.773  38.371  13.700   1.400    5    5    1  70.600  24.300  NaN  NaN None None
2012-08-28T04:38:46.400000Z  46.769  38.404  20.000   2.400    7    7    1  78.290  25.700  NaN  NaN None None
2012-08-28T05:11:25.200000Z  46.744  38.431  24.000   1.700    6    6    1  78.630  28.900  NaN  NaN None None
2012-08-28T05:35:42.600000Z  46.666  38.395  20.000   1.300    5    5    2  65.630  34.000  NaN  NaN None None
2012-08-28T12:25:58.500000Z  46.599  38.442   4.100   1.900    6    6    1  85.690  41.100  NaN  NaN None None
2012-08-28T14:34:06.400000Z  46.706  38.384  12.500   1.700    4    4    3  64.140  30.300  NaN  NaN None None
2012-08-28T17:46:31.100000Z  46.744  38.426  19.900   3.300   10   10    2 102.530  28.700  NaN  NaN None None
2012-08-28T17:58:51.700000Z  46.654  38.413  19.900   3.600    9    9    3 107.500  35.500  NaN  NaN None None
2012-08-28T18:21:13.600000Z  46.643  38.385  16.500   1.900    6    6    1  69.400  35.700  NaN  NaN None None
2012-08-28T19:01:46.200000Z  46.646  38.423  14.000   1.200    4    4    1  60.160  36.500  NaN  NaN None None
2012-08-28T20:32:12.100000Z  46.667  38.414   5.800   1.900    6    6    1  73.100  34.500  NaN  NaN None None
2012-08-29T00:27:04.800000Z  46.605  38.416  20.000   2.400    7    7    1  73.990  39.800  NaN  NaN None None
2012-08-29T01:01:26.100000Z  46.866  38.435  31.100   1.600    5    5    2  73.470  20.100  NaN  NaN None None
2012-08-29T08:56:38.600000Z  46.684  38.492   4.300   2.600    7    7    0  91.390  36.800  NaN  NaN None None
2012-08-29T10:43:12.700000Z  46.669  38.409  17.400   2.200    5    5    0  75.080  34.200  NaN  NaN None None
2012-08-29T11:46:27.300000Z  46.652  38.419  19.100   3.900    9    9    1 109.200  35.900  NaN  NaN None None
2012-08-29T12:10:30.700000Z  46.692  38.420  21.500   2.400    7    7    1  80.640  32.600  NaN  NaN None None
2012-08-29T13:32:44.100000Z  46.835  38.412  22.600   1.800    4    4    2  68.430  20.900  NaN  NaN None None
2012-08-29T13:46:42.100000Z  46.797  38.365  14.700   2.100    6    6    1  68.690  22.100  NaN  NaN None None
2012-08-29T18:30:50.000000Z  46.635  38.401  19.400   1.800    6    6    0  75.400  36.800  NaN  NaN None None
2012-08-30T03:42:46.200000Z  46.653  38.439  17.800   2.400    5    5    1  69.030  36.600  NaN  NaN None None
2012-08-30T06:25:50.200000Z  46.696  38.432  11.400   2.700    7    7    1  81.510  32.800  NaN  NaN None None
2012-08-30T06:30:42.600000Z  46.874  38.438  13.900   2.600    8    8    1  91.690  19.800  NaN  NaN None None
2012-08-30T06:45:56.300000Z  46.689  38.442   8.700   1.900    5    5    1  72.380  33.800  NaN  NaN None None
2012-08-30T10:16:09.800000Z  46.887  38.452  13.600   2.800    7    7    1  95.550  20.100  NaN  NaN None None
2012-08-30T11:33:16.600000Z  46.675  38.434  19.300   2.300    6    6    1  73.790  34.600  NaN  NaN None None
2012-08-30T21:03:18.200000Z  46.584  38.488   9.300   2.700    6    6    1  75.300  44.300  NaN  NaN None None
2012-08-30T21:43:49.000000Z  46.582  38.446  18.200   1.800    4    4    1  59.680  42.700  NaN  NaN None None
2012-08-31T02:58:32.900000Z  46.943  38.486  11.700   2.100    5    5    1  81.520  20.600  NaN  NaN None None
2012-08-31T04:00:59.000000Z  46.610  38.432  20.000   2.500    6    6    1  73.290  39.900  NaN  NaN None None
2012-08-31T09:08:19.300000Z  46.724  38.514  16.500   2.200    7    6    1  93.300  35.300  NaN  NaN None None
2012-08-31T11:14:26.100000Z  46.735  38.375  10.100   2.100    6    6    0  75.680  27.600  NaN  NaN None None
2012-08-31T11:31:18.300000Z  46.672  38.373  12.500   2.100    6    6    0  74.930  32.900  NaN  NaN None None
2012-08-31T20:16:00.400000Z  46.757  38.371   4.200   1.900    6    6    1  68.770  25.600  NaN  NaN None None
2012-08-31T21:14:55.200000Z  46.637  38.446  10.000   1.400    4    4    1  60.540  38.200  NaN  NaN None None
2012-08-31T22:41:14.200000Z  46.716  38.401  26.200   1.400    5    5    1  64.000  30.000  NaN  NaN None None
2012-08-31T22:52:20.700000Z  46.734  38.398  24.000   2.400    6    6    0  76.530  28.400  NaN  NaN None None
2012-09-01T00:58:21.500000Z  46.797  38.362   7.100   1.400    5    5    0  76.620  22.000  NaN  NaN None None
2012-09-01T01:44:29.000000Z  46.637  38.380   4.300   1.500    6    6    0  74.770  36.100  NaN  NaN None None
2012-09-01T02:01:47.100000Z  46.679  38.359  10.900   1.400    5    5    0  68.580  32.100  NaN  NaN None None
2012-09-01T05:04:03.700000Z  46.792  38.384  18.900   3.500   10   10    1 105.520  23.100  NaN  NaN None None
2012-09-01T06:20:20.600000Z  46.754  38.431  18.100   3.000   10   10    1 106.950  28.100  NaN  NaN None None
2012-09-01T06:22:17.200000Z  46.625  38.448  12.300   2.400    7    7    1  83.350  39.200  NaN  NaN None None
2012-09-01T06:36:36.500000Z  46.611  38.438  15.200   2.600    7    7    1  75.660  40.000  NaN  NaN None None
2012-09-01T07:12:11.700000Z  46.699  38.363  14.200   2.200    6    6    1  68.500  30.400  NaN  NaN None None
2012-09-01T13:21:57.400000Z  46.697  38.401  19.200   2.300    7    7    0  79.740  31.600  NaN  NaN None None
2012-09-01T14:26:05.100000Z  46.916  38.475  20.000   1.900    6    6    0  91.350  20.600  NaN  NaN None None
2012-09-01T16:38:47.000000Z  46.944  38.335  10.200   1.600    5    5    0  79.240   8.780  NaN  NaN None None
2012-09-01T17:48:09.800000Z  46.846  38.394  13.700   1.700    6    6    2  72.860  19.100  NaN  NaN None None
2012-09-01T17:51:48.000000Z  46.731  38.389  16.300   1.700    6    6    1  69.390  28.300  NaN  NaN None None
2012-09-01T19:26:16.600000Z  46.654  38.364   4.100   1.600    5    5    1  72.300  34.300  NaN  NaN None None
2012-09-01T19:37:58.200000Z  46.766  38.372  18.600   1.700    5    5    1  70.770  24.900  NaN  NaN None None
2012-09-01T19:51:35.200000Z  46.770  38.386  18.500   2.000    7    7    1  73.580  25.000  NaN  NaN None None
2012-09-01T20:59:34.000000Z  46.778  38.372  17.200   2.800    7    7    1  72.960  23.900  NaN  NaN None None
2012-09-01T21:16:10.900000Z  46.815  38.377  19.300   1.100    4    4    2  66.930  20.900  NaN  NaN None None
2012-09-01T22:17:44.500000Z  46.712  38.415  17.400   2.300    8    8    0  87.070  30.800  NaN  NaN None None
2012-09-02T01:33:44.700000Z  46.915  38.311  10.900   1.600    6    6    0  76.400  11.100  NaN  NaN None None
2012-09-02T02:53:47.300000Z  46.864  38.403  17.500   3.400   10   10    0 115.050  18.200  NaN  NaN None None
2012-09-02T04:11:25.900000Z  46.767  38.419  19.700   2.900    7    7    1  74.960  26.500  NaN  NaN None None
2012-09-02T08:50:11.300000Z  46.773  38.422  16.300   4.200   11   11    1 108.700  26.200  NaN  NaN None None
2012-09-02T09:03:16.600000Z  46.772  38.407  17.000   3.400   10   10    0 114.180  25.600  NaN  NaN None None
2012-09-02T09:24:34.700000Z  46.702  38.435  29.300   2.700    6    6    1  70.730  32.500  NaN  NaN None None
2012-09-02T11:11:50.700000Z  46.658  38.393  20.000   3.100   10   10    1 106.090  34.600  NaN  NaN None None
2012-09-02T13:44:03.500000Z  46.686  38.397  17.800   3.000   10   10    1 105.850  32.400  NaN  NaN None None
2012-09-02T14:22:20.600000Z  46.754  38.403  20.000   2.000    6    6    1  76.810  26.900  NaN  NaN None None
2012-09-02T15:36:24.300000Z  46.789  38.365  10.400   1.900    5    5    1  70.220  22.800  NaN  NaN None None
2012-09-02T21:26:29.500000Z  46.701  38.445  24.200   1.800    4    4    1  72.040  33.000  NaN  NaN None None
2012-09-02T23:16:42.400000Z  46.726  38.232   7.600   2.400    8    8    1  74.180  29.300  NaN  NaN None None
2012-09-03T04:43:10.000000Z  46.654  38.427  15.500   2.900    8    8    1  81.240  36.000  NaN  NaN None None
2012-09-03T05:58:14.800000Z  46.702  38.397  23.700   2.500    6    6    1  69.040  31.000  NaN  NaN None None
2012-09-03T13:59:29.900000Z  46.828  38.364  15.400   2.200    6    6    0  76.680  19.400  NaN  NaN None None
2012-09-03T14:19:24.800000Z  46.812  38.348   9.500   1.900    6    6    0  75.930  20.400  NaN  NaN None None
2012-09-03T16:21:10.800000Z  46.718  38.377  20.000   2.100    6    6    1  72.300  29.100  NaN  NaN None None
2012-09-03T16:29:58.800000Z  46.869  38.395  19.900   1.800    6    6    1  76.640  17.400  NaN  NaN None None
2012-09-03T17:17:11.400000Z  46.845  38.410  20.000   2.200    6    6    1  76.660  20.000  NaN  NaN None None
2012-09-03T17:17:34.300000Z  46.868  38.417  18.700   2.200    6    6    1  70.730  18.800  NaN  NaN None None
2012-09-03T20:11:43.800000Z  46.857  38.345   4.100   1.900    5    5    0  79.100  16.500  NaN  NaN None None
2012-09-03T22:23:46.100000Z  46.650  38.389  15.400   1.500    6    6    0  75.120  35.200  NaN  NaN None None
2012-09-03T23:30:50.500000Z  46.799  38.383  10.000   1.200    6    6    1  79.830  22.500  NaN  NaN None None
2012-09-03T23:59:57.400000Z  46.776  38.362   4.100   1.200    5    5    1  82.680  23.800  NaN  NaN None None
2012-09-04T00:21:16.100000Z  46.767  38.401  24.500   1.500    5    5    1  64.570  25.800  NaN  NaN None None
2012-09-04T00:42:55.700000Z  46.796  38.533  15.500   1.000    6    6    1  85.740  32.100  NaN  NaN None None
2012-09-04T00:50:38.300000Z  46.769  38.388  18.300   2.200    7    7    1  77.590  25.100  NaN  NaN None None
2012-09-04T02:08:31.000000Z  46.627  38.385  18.300   1.300    6    6    1  69.440  37.100  NaN  NaN None None
2012-09-04T02:09:03.700000Z  46.666  38.405  19.900   1.400    6    6    1  78.270  34.300  NaN  NaN None None
2012-09-04T03:13:48.500000Z  46.716  38.384  20.000   2.900    6    6    1  72.390  29.500  NaN  NaN None None
2012-09-04T04:20:28.600000Z  46.685  38.401  19.900   2.800    7    7    1  73.750  32.600  NaN  NaN None None
2012-09-04T05:43:57.000000Z  46.706  38.384  19.900   2.600    7    7    1  73.040  30.300  NaN  NaN None None
2012-09-04T08:16:12.500000Z  46.767  38.380  18.600   2.500    6    6    1  69.090  25.000  NaN  NaN None None
2012-09-04T13:55:56.900000Z  46.719  38.343   4.100   2.200    6    6    0  74.470  28.400  NaN  NaN None None
2012-09-04T14:21:11.300000Z  46.700  38.373   4.200   1.800    5    5    0  80.200  30.500  NaN  NaN None None
2012-09-04T17:25:39.300000Z  46.816  38.390  19.100   2.300    7    7    1  74.060  21.300  NaN  NaN None None
2012-09-04T17:52:32.500000Z  46.806  38.366  14.900   1.200    6    6    0  76.350  21.300  NaN  NaN None None
2012-09-04T18:15:09.500000Z  46.707  38.426  29.300   1.200    5    5    0  71.360  31.700  NaN  NaN None None
2012-09-04T18:33:30.700000Z  46.781  38.394  17.300   1.300    6    6    0  76.980  24.300  NaN  NaN None None
2012-09-04T19:17:58.700000Z  46.815  38.406  17.100   1.400    5    5    0  81.240  22.100  NaN  NaN None None
2012-09-04T22:42:57.800000Z  47.052  38.332   4.200   0.700    5    5    1  67.160   1.790  NaN  NaN None None
2012-09-04T23:53:45.000000Z  46.795  38.341   5.000   1.000    5    5    0  78.960  21.800  NaN  NaN None None
2012-09-05T01:28:05.300000Z  46.805  38.433  10.000   1.500    6    5    1  93.350  61.400  NaN  NaN None None
2012-09-05T03:02:42.200000Z  46.637  38.441  16.400   2.600    5    5    1  92.370  48.400  NaN  NaN None None
2012-09-05T09:33:45.800000Z  46.703  38.403  15.300   3.900   17   17    1 148.710  31.100  NaN  NaN None None
2012-09-05T12:14:04.100000Z  46.671  38.453  13.600   2.900    6    6    0  81.080  35.700  NaN  NaN None None
2012-09-05T15:07:19.600000Z  46.795  38.404  18.700   1.700    7    7    2  72.820  23.600  NaN  NaN None None
2012-09-05T16:00:06.800000Z  46.684  38.388  20.000   2.200    7    7    1  73.200  32.300  NaN  NaN None None
2012-09-05T17:14:36.600000Z  46.867  38.368  15.000   2.000    5    5    0  79.940  16.300  NaN  NaN None None
2012-09-05T18:47:38.800000Z  46.649  38.385  19.900   2.400    6    6    1  69.310  35.200  NaN  NaN None None
2012-09-05T19:03:13.400000Z  46.811  38.423  19.000   2.200    6    6    1  82.330  23.300  NaN  NaN None None
2012-09-05T21:26:41.800000Z  46.782  38.388  18.000   1.600    6    6    1  69.190  24.000  NaN  NaN None None
2012-09-05T23:48:36.900000Z  46.847  38.420   5.900   2.000    6    6    1  90.190  64.400  NaN  NaN None None
2012-09-06T01:19:42.200000Z  46.788  38.422  20.000   2.300    7    7    1  75.270  25.000  NaN  NaN None None
2012-09-06T02:19:16.100000Z  46.854  38.394  18.400   2.400    7    7    1  74.660  18.500  NaN  NaN None None
2012-09-06T08:51:17.500000Z  46.638  38.390  19.700   2.000    5    5    1  65.920  36.200  NaN  NaN None None
2012-09-06T10:38:30.900000Z  46.815  38.405  13.600   2.200    7    7    2  75.100  22.100  NaN  NaN None None
2012-09-06T20:23:33.700000Z  46.659  38.408  20.000   2.100    7    7    1  73.850  35.000  NaN  NaN None None
2012-09-06T20:33:21.600000Z  46.851  38.397  19.900   2.100    6    6    1  69.800  18.900  NaN  NaN None None
2012-09-06T22:02:27.100000Z  46.840  38.361  17.500   1.800    6    6    2  69.030  18.300  NaN  NaN None None
2012-09-06T22:07:25.400000Z  46.686  38.390  19.800   1.500    5    5    2  73.540  32.200  NaN  NaN None None
2012-09-06T23:38:04.600000Z  46.692  38.405  19.500   1.300    5    5    2  74.030  32.100  NaN  NaN None None
2012-09-06T23:56:03.800000Z  46.786  38.387  14.500   1.200    5    5    1  71.050  23.700  NaN  NaN None None
2012-09-07T02:35:38.000000Z  47.047  38.436   4.200   1.400    4    4    2  98.650  13.100  NaN  NaN None None
2012-09-07T05:41:29.300000Z  46.772  38.673   4.100   1.500    5    5    2  97.610  46.000  NaN  NaN None None
2012-09-07T12:46:24.200000Z  46.707  38.388  20.000   3.100   10   10    2 105.180  30.300  NaN  NaN None None
2012-09-07T16:10:54.600000Z  46.802  38.428  20.000   2.600    7    7    1  85.180  24.300  NaN  NaN None None
2012-09-07T16:49:54.200000Z  46.644  38.384  15.900   1.700    6    6    1  70.790  35.600  NaN  NaN None None
2012-09-07T17:25:50.400000Z  46.815  38.399  16.900   2.000    7    7    1  79.450  21.800  NaN  NaN None None
2012-09-07T17:48:16.600000Z  46.839  38.192  15.400   1.400    6    5    1  73.670  22.600  NaN  NaN None None
2012-09-07T17:53:54.400000Z  46.703  38.386  17.800   1.600    6    6    0  75.620  30.600  NaN  NaN None None
2012-09-07T19:17:21.100000Z  46.777  38.436  19.200   2.500    7    7    0  82.970  26.600  NaN  NaN None None
2012-09-07T19:29:15.600000Z  46.696  38.380  19.300   2.500    7    7    0  78.840  31.000  NaN  NaN None None
2012-09-07T19:49:29.400000Z  46.812  38.353  11.100   1.400    6    6    0  75.950  20.500  NaN  NaN None None
2012-09-07T20:00:06.700000Z  46.810  38.375  14.500   1.700    6    6    0  76.670  21.300  NaN  NaN None None
2012-09-07T20:47:22.700000Z  46.813  38.390  13.800   1.400    6    6    0  77.400  21.600  NaN  NaN None None
2012-09-07T21:33:48.800000Z  46.667  38.365   4.500   1.700    6    6    0  74.650  33.200  NaN  NaN None None
2012-09-07T21:36:57.000000Z  46.893  38.394  17.900   2.100    7    7    0  83.630  15.500  NaN  NaN None None
2012-09-07T23:37:53.000000Z  46.837  38.364   4.100   1.300    6    6    1  79.200  18.600  NaN  NaN None None
2012-09-08T00:53:36.900000Z  46.746  38.462  19.900   2.200    7    7    2  78.960  30.400  NaN  NaN None None
2012-09-08T01:12:29.800000Z  46.759  38.370  14.700   1.400    6    6    1  68.710  25.400  NaN  NaN None None
2012-09-08T02:31:18.500000Z  46.850  38.415  22.600   1.300    5    5    1  84.370  20.000  NaN  NaN None None
2012-09-08T04:16:15.300000Z  46.645  38.398  15.100   2.300    6    6    1  69.710  35.800  NaN  NaN None None
2012-09-08T04:46:49.400000Z  46.632  38.360  20.300   1.600    5    5    1  62.100  36.200  NaN  NaN None None
2012-09-08T06:52:30.700000Z  46.693  38.393  16.100   3.200   10   10    0 113.240  31.600  NaN  NaN None None
2012-09-08T08:30:03.600000Z  46.764  38.397  13.500   2.500    7    7    1  73.960  25.900  NaN  NaN None None
2012-09-08T09:38:37.500000Z  46.782  38.315  11.400   2.000    6    6    1  67.170  22.800  NaN  NaN None None
2012-09-08T14:01:12.300000Z  46.664  38.387   4.200   1.900    6    6    0  75.220  33.900  NaN  NaN None None
2012-09-08T20:35:44.300000Z  46.838  38.390  13.200   3.600   17   17    0 145.510  19.600  NaN  NaN None None
2012-09-08T21:04:44.800000Z  46.800  38.387  12.600   1.600    5    5    1  74.250  22.500  NaN  NaN None None
2012-09-08T21:24:06.300000Z  46.686  38.460   5.300   2.000    5    5    1  80.030  34.900  NaN  NaN None None
2012-09-09T04:50:27.700000Z  46.729  38.374  14.200   1.600    5    5    0  80.220  28.100  NaN  NaN None None
2012-09-09T10:08:20.400000Z  46.857  38.402  18.300   3.000   10   10    1 106.310  18.700  NaN  NaN None None
2012-09-09T13:58:17.900000Z  46.684  38.361  19.000   2.700    7    7    1  79.890  31.700  NaN  NaN None None
2012-09-09T17:40:01.700000Z  46.679  38.377   4.300   1.600    5    5    0  80.240  32.400  NaN  NaN None None
2012-09-09T20:25:44.300000Z  46.632  38.391  16.900   2.000    7    7    1  73.110  36.800  NaN  NaN None None
2012-09-09T22:06:59.800000Z  46.646  38.429  20.000   2.000    7    7    1  74.660  36.800  NaN  NaN None None
2012-09-09T22:07:57.600000Z  46.667  38.383  10.300   1.400    6    6    1  69.260  33.600  NaN  NaN None None
2012-09-09T22:50:38.600000Z  46.882  38.348   9.300   1.800    6    6    1  67.990  14.400  NaN  NaN None None
2012-09-10T01:47:02.600000Z  46.729  38.432  16.300   1.700    7    7    0  81.890  30.200  NaN  NaN None None
2012-09-10T02:02:12.700000Z  46.823  38.406  18.800   2.900    7    7    0  82.560  21.500  NaN  NaN None None
2012-09-10T08:55:50.000000Z  46.716  38.397  20.000   3.800   10   10    2 101.570  29.800  NaN  NaN None None
2012-09-10T13:28:35.400000Z  46.737  38.230  15.200   2.000    5    5    1  61.080  28.400  NaN  NaN None None
2012-09-10T17:25:44.600000Z  46.651  38.383   4.600   1.800    6    6    0  75.000  35.000  NaN  NaN None None
2012-09-10T19:32:17.900000Z  46.791  38.481  24.300   1.900    6    6    0  85.220  28.500  NaN  NaN None None
2012-09-11T00:09:48.400000Z  46.538  38.405  20.000   1.100    5    5    1  62.570  38.900  NaN  NaN None None
2012-09-11T03:23:33.000000Z  46.788  38.396  17.000   2.300    6    6    1  69.670  23.900  NaN  NaN None None
2012-09-11T03:25:33.200000Z  46.660  38.384  17.500   2.300    6    6    1  69.210  34.200  NaN  NaN None None
2012-09-11T10:30:33.100000Z  46.658  38.406  20.000   3.300   10   10    3 104.020  35.000  NaN  NaN None None
2012-09-11T16:30:16.400000Z  46.814  38.350   4.100   1.200    5    5    1  83.570  20.300  NaN  NaN None None
2012-09-11T17:38:52.700000Z  46.936  38.325   4.200   1.800    4    4    1  72.800   9.310  NaN  NaN None None
2012-09-11T21:41:12.300000Z  46.906  38.356  12.500   1.800    5    5    1  85.050  12.600  NaN  NaN None None
2012-09-11T22:48:26.100000Z  46.722  38.429  20.700   2.000    5    5    2  67.490  30.600  NaN  NaN None None
2012-09-12T09:15:43.700000Z  46.640  38.360   4.100   2.000    5    5    1  71.400  35.500  NaN  NaN None None
2012-09-12T10:03:30.100000Z  46.642  38.396   4.200   2.300    7    7    0  78.570  36.000  NaN  NaN None None
2012-09-12T12:44:25.500000Z  46.687  38.374  19.800   1.500    5    5    0  69.160  31.700  NaN  NaN None None
2012-09-12T12:59:24.900000Z  46.675  38.395  14.700   2.900    7    7    0  79.140  33.200  NaN  NaN None None
2012-09-12T20:33:52.300000Z  46.626  38.392  14.200   1.400    5    5    0  67.980  37.300  NaN  NaN None None
2012-09-12T20:41:41.400000Z  46.541  38.454  12.200   1.800    5    5    1  71.330  42.000  NaN  NaN None None
2012-09-12T22:46:04.300000Z  46.664  38.385   4.100   1.300    6    6    0  75.180  33.900  NaN  NaN None None
2012-09-12T23:11:17.200000Z  46.695  38.398  18.600   0.700    5    5    0  70.060  31.600  NaN  NaN None None
2012-09-13T00:19:47.900000Z  46.670  38.440  15.900   1.700    7    7    1  75.240  35.200  NaN  NaN None None
2012-09-13T01:51:45.600000Z  46.662  38.372  14.100   1.700    6    6    0  74.670  33.800  NaN  NaN None None
2012-09-13T04:27:37.300000Z  46.857  38.413  19.800   2.100    7    7    0  83.830  19.300  NaN  NaN None None
2012-09-13T12:12:12.800000Z  46.876  38.420  18.000   2.500    7    7    1  76.260  18.400  NaN  NaN None None
2012-09-13T14:15:49.000000Z  46.723  38.383  19.800   1.600    5    5    0  70.480  28.800  NaN  NaN None None
2012-09-13T14:51:28.900000Z  46.625  38.373   4.200   2.100    6    6    0  74.350  37.000  NaN  NaN None None
2012-09-13T16:48:09.700000Z  46.850  38.346   9.100   1.700    6    6    1  67.900  17.100  NaN  NaN None None
2012-09-13T17:42:24.300000Z  46.764  38.386  18.100   1.900    6    6    0  76.370  25.500  NaN  NaN None None
2012-09-13T18:19:28.100000Z  46.637  38.382  13.600   1.800    6    6    0  74.820  36.100  NaN  NaN None None
2012-09-13T19:05:15.200000Z  46.804  38.359  11.600   1.800    6    6    0  76.120  21.300  NaN  NaN None None
2012-09-13T19:45:20.200000Z  46.694  38.398  20.000   3.200   10   10    1 106.080  31.700  NaN  NaN None None
2012-09-13T22:30:03.900000Z  46.878  38.376  16.600   1.600    6    6    0  77.920  15.700  NaN  NaN None None
2012-09-13T22:57:56.000000Z  46.661  38.383  15.000   1.600    5    5    0  80.560  34.100  NaN  NaN None None
2012-09-13T23:56:12.600000Z  46.713  38.395  28.400   1.000    5    5    0  70.500  30.000  NaN  NaN None None
2012-09-14T00:42:36.500000Z  46.825  38.399  17.500   2.500    6    6    1  69.860  21.000  NaN  NaN None None
2012-09-14T02:19:37.900000Z  46.642  38.393  14.900   3.500   19   19    1 148.310  36.000  NaN  NaN None None
2012-09-14T13:21:02.000000Z  46.792  38.362  11.100   1.800    7    7    1  72.840  22.400  NaN  NaN None None
2012-09-14T14:32:33.100000Z  46.616  38.443  19.400   2.600    6    6    1  78.100  39.800  NaN  NaN None None
2012-09-14T16:41:04.700000Z  46.784  38.394  13.400   2.400    7    7    1  73.960  24.100  NaN  NaN None None
2012-09-15T11:01:17.200000Z  46.773  38.386  19.100   2.600    7    7    0  80.510  24.700  NaN  NaN None None
2012-09-15T19:19:20.800000Z  46.810  38.411  18.700   2.200    7    7    1  75.120  22.800  NaN  NaN None None
2012-09-15T20:28:28.900000Z  46.799  38.367  12.000   1.500    7    7    1  72.970  21.900  NaN  NaN None None
2012-09-15T21:17:10.900000Z  46.844  38.366  18.300   1.700    6    6    1  68.490  18.100  NaN  NaN None None
2012-09-16T01:01:33.700000Z  46.586  38.396   3.500   0.900    5    5    0  67.000  40.800  NaN  NaN None None
2012-09-16T17:12:51.100000Z  46.847  38.405  18.400   2.400    7    7    0  83.030  19.600  NaN  NaN None None
2012-09-16T18:06:51.200000Z  46.719  38.340   4.100   2.500    5    5    0  70.020  28.400  NaN  NaN None None
2012-09-16T19:48:09.300000Z  46.770  38.339  12.600   1.300    6    6    0  75.020  23.900  NaN  NaN None None
2012-09-16T22:59:03.500000Z  46.713  38.390  18.400   1.500    6    6    0  75.980  29.900  NaN  NaN None None