 DATE    ORIGIN    LAT N    LONG E    DEPTH    MAG NO GAP DMIN  RMS  ERH  ERZ QM
120811 1223 15.33 38-25.04  46-48.82   5.34        15  76 22.8 0.43  1.7  3.0 C1
120811 1228 46.19 38-26.03  46-45.47  18.97         5 189 28.0 0.23  5.3  4.4 D1
120811 1249 15.37 38-23.71  46-40.98   1.76        14  82 32.5 0.31  1.2  4.0 C1
120811 1314  5.47 38-24.00  46-40.39   7.39        17  82 33.5 0.34  1.5  2.4 C1
120811 1323 15.07 38-27.80  46-42.05  10.00         6 142 33.9 0.44  4.9 44.6 C1
120811 1342 11.30 38-24.63  46-41.09   1.78        18  80 32.9 0.34  1.3  5.7 C1
120811 1414 54.99 38-19.18  46-21.62  10.00         7 143 20.7 3.72  1.8  9.6 D1
120811 1425 15.56 38-25.49  46-39.89   5.31        12 109 35.0 0.41  1.8  4.9 C1
120811 1455 57.11 38-26.44  46-45.09  10.56         9 190 28.8 0.41  2.6  9.9 D1
120811 1521 14.56 38-25.54  46-48.03   1.81        20 110 24.3 0.53  2.0  6.7 D1
120811 16 0 50.41 38-23.79  46-46.15  11.11        20  79 25.4 0.37  1.4  1.8 C1
120811 1615  4.11 38-25.07  46-40.30  14.30        10 178 34.2 0.26  1.4  4.6 C1
120811 1621 53.29 38-24.31  46-39.57  10.34         9 126 34.8 0.25  1.7  3.1 C1
120811 1634 32.70 38-25.73  46-39.84   9.83        11 128 35.2 0.20  1.0  2.2 C1
120811 1737 58.51 38-23.71  46-51.46  18.90         9 189 18.3 0.29  2.1  1.6 C1
120811 1745 43.91 38-24.87  46-49.02  15.83        10 190 22.4 0.44  2.8  4.0 D1
120811 1749 25.29 38-26.00  46-49.49  16.55        12 196 22.9 0.22  1.4  1.0 C1
120811 1758 33.10 38-22.01  46-48.12  13.12        10 105 21.7 0.38  2.0  3.5 C1
120811 1813  3.17 38-24.74  46-38.89  11.54         9 126 36.0 0.33  2.2  4.0 C1
120811 1821 44.66 38-25.66  46-41.68  17.91        10 182 32.7 0.25  1.5  1.5 C1
120811 1912  4.80 38-26.44  46-48.39  19.67        14 196 24.7 0.46  2.2  1.7 D1
120811 1929 29.77 38-25.79  46-45.13  19.14         9 187 28.2 0.28  2.6  2.3 D1
120811 1930 45.44 38-25.32  46-54.13  17.81        11 206 16.8 0.33  2.0  2.2 D1
120811 1940 17.54 38-25.69  46-47.65  15.89        11 191 24.9 0.36  2.0  2.5 D1
120811 2010 30.07 38-26.22  46-45.19  13.92         9 128 28.5 0.20  1.5  1.7 C1
120811 2029 18.06 38-22.94  46-53.92  13.91         6 190 14.4 0.20  4.6  5.9 D1
120811 2037 27.66 38-27.72  46-46.80  16.93         6 198 27.9 0.24  5.1  2.9 D1
120811 2045 46.03 38-25.90  46-42.53  17.24        13 184 31.7 0.68  2.9  3.1 D1
120811 2113 21.18 38-25.86  46-40.37  11.87         7 181 34.6 0.26  3.3 10.1 D1
120811 2118 35.19 38-26.83  46-42.36  15.19        12 187 32.7 0.41  2.0  2.6 D1
120811 2121 14.03 38-26.59  46-48.23  17.88        12 196 25.0 0.35  2.2  1.4 D1
120811 2133 50.78 38-26.84  46-50.79  16.58        14 204 22.3 0.47  2.3  1.9 D1
120811 22 4 32.24 38-24.46  46-41.40  14.74        10 126 32.3 0.31  2.1  2.9 C1
120811 2212 46.66 38-26.33  46-44.57  14.71        12 128 29.4 0.48  2.7  3.0 C1
120811 2340 52.60 38-29.26  46-47.05  14.93         6 205 29.4 0.24  4.7  8.6 D1
120811 2358 13.49 38-27.71  46-41.85  10.82        10 130 34.1 0.15  0.9  1.6 B1
120812  010 52.52 38-24.04  46-41.79  14.52         5 175 31.6 0.19  5.0 11.5 D1
120812  015 22.99 38-26.59  46-45.26  14.29        11 128 28.7 0.22  1.2  1.6 C1
120812  034 16.52 38-25.96  46-45.05  14.34        10 128 28.4 0.28  1.9  2.1 B1
120812  041 26.30 38-30.23  46-44.88  14.88         6 204 32.9 0.28  5.1 10.7 D1
120812  135 50.22 38-27.56  46-44.90  11.98         6 194 30.1 0.17  3.2  7.7 D1
120812  224 42.99 38-25.44  46-47.49   0.87        15 118 24.9 0.42  1.8  3.5 C1
120812  232 17.29 38-23.96  46-41.61  15.13         6 175 31.8 0.26  4.8  7.5 C1
120812  327 59.96 38-30.00  46-46.14  14.99         6 206 31.2 0.28  5.3 12.1 D1
120812  410 44.37 38-25.46  46-52.64  26.18         8 202 18.6 0.29  4.6  4.9 D1
120812  435 39.25 38-29.33  46-44.22  14.55         8 200 32.7 0.30  3.5 10.0 D1
120812  440 40.38 38-25.98  46-45.27  14.48         9 188 28.2 0.25  3.0  6.9 D1
120812  513 20.43 38-27.96  46-51.45  13.92         8 210 23.0 0.26  3.0  6.2 D1
120812  517 55.08 38-19.18  46-50.51  18.27         7 171 17.5 0.36  8.0  6.1 D1
120812  537 55.55 38-25.61  46-47.45  15.53         8 190 25.0 0.26  2.7  5.5 D1
120812  6 3 57.56 38-28.11  46-47.91  14.84         8 202 27.0 0.25  2.9  6.7 D1
120812  617 49.59 38-26.83  46-51.15  16.78         9 204 21.9 0.27  3.1  2.7 D1
120812  629 57.89 38-23.78  46-42.73  18.32         8 175 30.1 0.41  5.8  5.7 D1
120812  640 44.53 38-23.60  46-38.79   0.77        20  52 35.6 0.44  1.5  5.2 C1
120812  722 55.55 38-26.94  46-46.32  17.74        11 194 27.7 0.33  2.4  2.6 D1
120812  726 53.25 38-27.52  46-42.33  14.72        10 190 33.3 0.29  2.1  6.7 D1
120812  729 29.22 38-24.66  46-50.18  15.49         9 191 20.7 0.26  2.7  2.4 D1
120812  733  2.36 38-27.44  46-42.46  18.04        10 190 33.1 0.53  3.7  4.0 D1
120812  736 35.75 38-26.78  46-45.77  11.22        10 193 28.2 0.11  0.8  3.2 C1
120812  8 1 20.27 38-25.09  46-47.91  17.77        10 189 24.0 0.25  1.9  1.8 C1
120812  8 3 43.95 38-25.88  46-44.70  14.90         9 187 28.8 0.24  2.1  5.0 C1
120812 1015 33.67 38-26.54  46-43.71  11.63        11 128 30.7 0.23  1.2  1.6 C1
120812 1029 27.45 38-24.45  46-39.64  18.93         6 175 34.8 0.29  4.0  3.8 C1
120812 1121 16.52 38-25.26  46-41.69  14.35         7 180 32.4 0.24  3.2  9.6 D1
120812 1151 31.60 38-24.13  46-46.90  11.85        11 135 24.6 0.24  1.2  2.3 C1
120812 1419  9.04 38-25.95  46-46.95  13.18        12 127 26.0 0.15  0.8  1.0 B1
120812 1515  9.90 38-26.62  46-51.67  14.10         7 205 21.1 0.33  4.3 10.9 D1
120812 1559 25.29 38-27.20  46-48.58  15.01        12 192 13.6 0.22  1.6  1.6 C1
120812 1718 31.10 38-25.84  46-44.30  16.00        10 152 10.2 0.11  1.1  0.9 C1
120812 1844 22.31 38-24.61  46-49.87  16.19        11 173 17.6 0.16  1.3  0.9 C1
120812 1846 39.99 38-25.26  46-50.21  16.52        10 181 17.4 0.29  2.4  1.7 C1
120812 1928  5.17 38-24.34  46-48.26  17.70        10 163 16.2 0.27  2.0  1.5 C1
120812 1929 56.61 38-25.62  46-46.49  17.53         7 189 26.3 0.36  3.5  3.9 D1
120812 20 4 31.17 38-30.34  46-45.64  16.42         9 206  8.1 0.29  4.0  1.7 D1
120812 20 9 35.70 38-24.49  46-52.31  15.14        10 183 17.9 0.15  1.2  1.0 C1
120812 2011  2.25 38-25.22  46-40.18  11.27        10 136  9.3 0.44  3.0  4.3 C1
120812 2126 31.76 38-23.55  46-40.18  10.00         6 145 12.4 0.26  4.5  7.9 C1
120812 2133 17.68 38-26.78  46-47.94  11.63        10 128 25.6 0.24  1.5  1.7 C1
120812 22 1 15.89 38-26.47  46-42.39  14.80        10 141  7.7 0.26  2.1  2.1 C1
120812 22 5 42.86 38-24.91  46-47.99  16.74        10 166 15.2 0.10  0.8  0.6 B1
120812 2245 49.11 38-25.92  46-43.03  15.86        11 142  9.1 0.28  2.4  2.1 C1
120812 2257  7.77 38-29.24  46-54.11  16.69        12 223 20.5 0.30  2.1  1.7 C1
120812 23 2  3.91 38-24.43  46-50.12  19.29        13 172 18.1 0.26  1.5  1.3 C1
120812 2316 12.97 38-23.91  46-40.89  12.90         9 143 11.8 0.36  2.5  4.3 C1
120812 2358 41.60 38-27.70  46-53.67  15.55        12 211 20.3 0.27  2.4  1.2 C1
120813  0 7 53.95 38-25.07  46-40.33  19.06         6 178 34.2 0.16  2.3  1.9 C1
120813  018  2.69 38-26.54  46-53.30  10.84        15 127 19.3 0.33  1.2  2.0 C1
120813  022  8.65 38-26.23  46-40.96  12.57        10 128 34.1 0.33  2.3  2.7 C1
120813  1 2 22.89 38-25.91  46-47.96  17.74         9 176 14.0 0.09  1.4  0.6 C1
120813  129 26.55 38-28.36  46-47.62   9.33         8 203 27.7 0.41  3.4  9.8 D1
120813  138 46.85 38-27.14  46-50.43  15.02        10 199 16.1 0.30  2.9  3.0 D1
120813  156 10.25 38-26.32  46-41.31   8.08        14 110 33.7 0.44  2.0  3.2 C1
120813  358 28.95 38-27.62  46-52.27   8.73         7 211 21.7 0.26  4.7 15.3 D1
120813  415 52.78 38-25.82  46-40.31   8.64        10 128 34.7 0.36  2.1  3.8 C1
120813  522 28.86 38-24.26  46-40.24  19.63         6 174 33.8 0.25  3.6  4.4 C1
120813  658 22.33 38-26.58  46-40.26  11.39        10 129 35.3 0.19  1.1  2.0 C1
120813  728 30.56 38-23.92  46-46.79  13.73        13 125 24.6 0.09  0.5  0.6 B1
120813  750 54.05 38-24.45  46-39.06   0.50         6 174 35.6 0.32  3.8 13.4 C1
120813  816 49.99 38-25.58  46-53.12  10.44        23  83 18.2 0.53  1.9  2.3 C1
120813 1028 13.49 38-24.69  46-41.52  16.95         6 178 32.3 0.14  2.3  2.5 C1
120813 1029 30.90 38-24.52  46-38.55   0.65         6 174 36.3 0.26  3.3412.4 C1
120813 1045 44.45 38-26.88  46-36.26  14.50        13 111 40.9 0.41  1.9  2.6 C1
120813 1147 52.21 38-27.52  46-52.10   3.83         5 210 21.8 0.22  5.6 10.4 D1
120813 12 7 37.33 38-26.50  46-34.91   3.71         7 177 42.5 0.24  2.7  7.1 C1
120813 1245 58.35 38-26.24  46-43.26  11.42        14 110 31.0 0.41  1.7  3.0 C1
120813 1253 47.30 38-26.06  46-42.60   9.60        11 128 31.8 0.21  1.0  2.3 C1
120813 1331 40.14 38-25.19  46-51.33  16.42         7 197 19.8 0.40  5.3  4.5 D1
120813 1357  3.07 38-26.46  46-42.22  14.46         7 186 32.6 0.27  3.2 11.5 D1
120813 14 2 42.93 38-19.95  46-41.94  14.72         7 157 30.0 0.36  4.3 10.5 C1
120813 15 6 34.19 38-24.38  46-41.24  14.43         7 176 32.5 0.24  3.5 11.1 C1
120813 1532 15.77 38-25.55  46-46.92  14.26         9 189 25.7 0.24  2.1  3.5 C1
120813 1614 40.63 38-29.79  46-40.26  18.70         8 196 38.0 0.22  2.0  1.6 C1
120813 1631 48.84 38-24.60  46-40.88   5.20         6 176 33.1 0.30  3.5 64.9 C1
120813 17 8 41.91 38-24.40  46-39.64  10.50         7 174 34.7 0.25  3.0 17.4 C1
120813 1831 10.95 38-24.56  46-46.73   6.72         7 184 25.1 0.28  3.5 28.9 D1
120813 1840  5.60 38-25.27  46-39.30  14.54        13 127 35.7 0.24  1.2  1.7 C1
120813 1943 22.38 38-25.10  46-38.71  14.60        14 127 36.4 0.21  0.9  1.3 C1
120813 1955 52.93 38-21.31  46-43.58  19.22         6 192 52.2 0.39  5.8  7.8 D1
120813 2012 42.98 38-23.81  46-52.30  10.00         8 191 17.3 0.29  3.2  8.2 D1
120813 2022 37.54 38-23.19  46-58.67   3.43         6 208  9.5 0.31  5.7  4.2 D1
120813 2029 51.82 38-32.55  46-46.11  11.59         7 214 34.5 0.32  5.1 11.5 D1
120813 2044 57.19 38-21.63  46-48.40   3.10         7 171 21.1 0.26  2.9  8.5 C1
120813 2057  7.32 38-23.77  46-40.72  14.70         6 173 32.9 0.26  3.4 10.5 C1
120813 21 1 39.85 38-25.22  46-41.64  14.36         7 180 32.5 0.32  3.9  9.5 C1
120813 2110 31.69 38-27.66  46-45.03  11.56         8 195 30.0 0.27  3.2  7.6 D1
120813 2118 46.00 38-22.62  46-46.06  14.90         6 201 24.9 0.37  8.2 11.4 D1
120813 2125 25.12 38-29.07  46-48.05  14.75         8 206 28.0 0.38  4.7  4.9 D1
120813 2129  6.30 38-25.10  46-48.00  14.65         6 216 23.9 0.41  5.7 12.6 D1
120813 2133 29.85 38-26.04  46-40.40  14.34         8 182 34.7 0.30  3.2  8.2 D1
120813 2237  4.57 38-24.46  46-40.30  14.29        12 126 33.9 0.25  1.4  1.8 C1
120813 2322 37.02 38-26.50  46-44.52  10.00         5 189 29.6 0.24  6.8 38.2 D1
120813 2343 33.74 38-23.13  46-51.14  10.00         7 184 18.2 0.27  3.5  9.8 D1
120814  132 41.76 38-25.47  46-40.46  11.18         7 179 34.2 0.15  1.9  9.3 C1
120814  139 59.74 38-27.30  46-42.48  10.00         5 189 32.9 0.31  7.2 46.2 D1
120814  149 20.13 38-25.25  46-40.61  14.17        13 127 33.9 0.25  1.1  1.7 C1
120814  2 0 50.73 38-25.83  46-40.44   1.77         6 181 34.5 0.31  4.1425.9 D1
120814  346 54.42 38-26.64  46-48.43  17.07        12 186 13.9 0.19  1.2  0.6 C1
120814  4 8 42.91 38-30.47  46-39.85  11.56         6 197 39.2 0.39  5.7 15.0 D1
120814  452 17.86 38-26.38  46-38.87  17.17         8 181 37.0 0.27  2.0  3.2 C1
120814  528 13.35 38-26.25  46-47.55  13.37        14 128 25.5 0.28  1.3  1.9 B1
120814  658 45.51 38-23.95  46-39.05  14.32         6 172 35.4 0.21  3.2 10.8 C1
120814  811 48.97 38-23.40  46-39.51  14.85         6 170 34.5 0.21  3.3 10.7 C1
120814 1028 44.32 38-25.15  46-42.11  10.66        23  49 31.8 0.30  1.0  1.5 C1
120814 1050 25.11 38-27.86  46-46.57  10.00         6 199 28.4 0.35  5.3 17.1 D1
120814 1117 14.09 38-23.48  46-39.54  10.00         4 201 34.5 0.31           D1
120814 1144 11.85 38-26.32  46-41.04   6.37         7 184 34.0 0.31  3.6 52.4 D1
120814 1242 55.29 38-25.47  46-40.23  18.64         7 179 34.6 0.13  1.5  1.4 C1
120814 1331  3.54 38-25.40  46-41.25  14.76         7 180 33.1 0.30  3.5 13.0 D1
120814 14 2 26.06 38-27.20  46-46.88  14.99        21  46 27.3 0.34  1.4  1.8 C1
120814 1548 20.56 38-25.39  46-38.58   8.32        13 127 36.8 0.26  1.1  3.0 C1
120814 16 7  8.58 38-23.90  46-51.28  14.60         7 189 18.6 0.29  2.8  4.6 D1
120814 1630 46.19 38-24.58  46-46.81  14.48         9 184 25.0 0.38  2.4 10.2 D1
120814 1636 25.03 38-25.26  46-41.72  10.37        14 127 32.4 0.35  1.3  3.3 C1
120814 17 5 18.01 38-25.49  46-39.79  14.88         7 179 35.2 0.29  3.1 10.6 C1
120814 17 9 10.17 38-25.25  46-41.60  11.22        14 127 32.5 0.30  1.2  2.7 C1
120814 1716 25.79 38-25.68  46-47.14   0.80         7 203 59.6 0.15  2.0  4.8 C1
120814 1853 41.03 38-24.73  46-39.71  14.72         8 176 34.8 0.48  4.0  9.9 C1
120814 2020 33.52 38-24.82  46-39.50   9.80        12 126 35.2 0.24  1.1  3.4 C1
120814 2129  4.57 38-25.80  46-52.44  14.20         6 203 19.2 0.26  4.4  7.6 D1
120814 2132 40.22 38-24.93  46-47.40  16.28         6 187 24.5 0.32  4.8  4.2 D1
120814 2210 17.47 38-25.35  46-40.70  14.54         6 179 33.8 0.26  4.0 14.1 C1
120814 2241 54.50 38-23.19  46-42.02  14.78         6 172 30.8 0.24  3.6 12.0 C1
120814 23 7 42.70 38-23.76  46-44.87   0.46         5 177 27.1 0.29  6.7 11.2 D1
120814 2333 30.98 38-23.95  46-45.97  18.96         6 180 25.7 0.26  3.9  3.0 C1
120814 2342  5.50 38-22.64  46-41.89  14.56         6 169 30.8 0.25  3.5 11.9 C1
120815  042 47.25 38-23.30  46-42.24  14.92         5 202 30.6 0.21  5.7 20.8 D1
120815  135 40.08 38-25.72  46-40.86  19.45         7 181 33.9 0.35  4.6  2.9 D1
120815  143 13.28 38-23.57  46-41.46  14.34         7 173 31.8 0.26  2.8  8.6 C1
120815  3 3 30.80 38-30.10  46-36.94  14.61         6 192 42.5 0.20  4.9 16.7 D1
120815  341 30.79 38-26.32  46-47.45  11.78        13 128 25.7 0.28  1.2  1.9 C1
120815  429 39.76 38-24.53  46-48.84  14.12        13 125 22.3 0.45  2.4  2.4 C1
120815  526 26.57 38-26.28  46-46.60  17.59         8 192 26.7 0.26  2.7  2.3 D1
120815  539 51.24 38-26.88  46-40.82  11.56         8 185 34.7 0.39  3.2 21.7 D1
120815  712 14.31 38-24.89  46-38.85  11.42         7 175 36.1 0.28  3.2 12.4 C1
120815  839 21.51 38-25.98  46-52.49  11.57        10 204 19.4 0.31  2.4  4.6 D1
120815  9 3 48.14 38-25.98  46-41.45  18.14         8 183 33.2 0.40  4.2  3.3 D1
120815  937 46.83 38-22.20  46-41.32  11.35         6 167 31.4 0.34  4.9 21.3 C1
120815 1127  5.81 38-21.37  46-46.19  14.28         6 167 24.2 0.28  4.7 10.3 C1
120815 1139 29.69 38-22.10  46-41.70  14.68         6 167 30.8 0.22  3.9  6.5 C1
120815 1352 42.28 38-26.42  46-40.02  14.71         7 183 35.5 0.27  3.2 12.5 D1
120815 1358 28.16 38-27.62  46-48.18  14.48         7 201 26.2 0.22  3.3  4.2 D1
120815 16 1 21.72 38-23.25  46-42.14  14.64         6 172 30.7 0.25  4.0 11.9 C1
120815 1749  4.95 38-24.74  46-39.81  10.12        20  50 34.7 0.30  1.2  1.7 C1
120815 18 0  1.43 38-25.52  46-38.63  11.00        11 127 36.8 0.28  1.5  2.9 C1
120815 1816 27.47 38-27.14  46-41.93  14.99         7 188 33.5 0.35  4.6  9.5 D1
120815 1838 43.83 38-24.72  46-39.75  16.41         7 176 34.8 0.21  2.4  2.7 C1
120815 1923 57.81 38-24.93  46-40.03  12.10         8 177 34.5 0.20  1.3  7.3 C1
120815 2027 44.67 38-24.95  46-40.26  10.00         6 177 34.2 0.27  2.8 24.4 C1
120815 2126 47.47 38-23.85  46-39.81  18.60         7 172 34.2 0.23  2.7  2.2 C1
120815 23 1 19.29 38-23.41  46-39.55  14.90         6 201 34.4 0.27  4.4  8.4 D1
120816  015 16.65 38-25.42  46-38.66   9.85        12 127 36.7 0.14  0.6  1.5 B1
120816  032 52.05 38-25.52  46-39.06  14.51         7 178 36.2 0.24  2.9  7.4 C1
120816  131 21.02 38-25.59  46-44.93  18.43         8 186 28.3 0.26  2.9  2.4 D1
120816  226 38.48 38-22.76  46-50.31   6.34         5 180 19.0 0.32  7.8 47.8 D1
120816  3 1 38.74 38-27.80  46-44.34  19.11         8 194 31.0 0.28  3.0  2.4 D1
120816  310 48.19 38-22.34  46-48.31  16.62         7 175 21.6 0.17  2.0  1.8 C1
120816  533 55.96 38-26.75  46-40.55  14.84         8 185 35.0 0.40  4.3 17.1 D1
120816  539 30.97 38-24.70  46-42.27  19.25         6 178 31.3 0.51  5.9  5.3 D1
120816  633 56.59 38-27.54  46-46.67   3.74         5 197 27.9 0.38  8.4 20.2 D1
120816  856 53.75 38-26.18  46-42.27   3.70         5 185 32.3 0.17  5.5 12.8 D1
120816  927 46.94 38-25.79  46-42.80  17.02        10 184 31.3 0.30  2.1  1.7 C1
120816 1128 36.92 38-25.90  46-42.05   5.70         6 183 32.4 0.30  4.7 87.1 D1
120816 1320 15.15 38-25.13  46-41.99   5.93         5 180 31.9 0.23  5.2104.9 D1
120816 1356 30.06 38-25.03  46-42.10  14.53         7 180 31.7 0.09  1.1  3.9 C1
120816 1515 35.18 38-27.23  46-43.65  14.32        14 129 31.3 0.24  1.0  1.6 C1
120816 1531 10.40 38-21.80  46-41.37   3.08         5 165 31.2 0.32  4.8673.5 D1
120816 1711 47.82 38-27.48  46-44.54  19.43         7 193 30.4 0.26  3.3  2.6 D1
120816 1714 13.57 38-25.12  46-43.63  14.91        22  49 29.7 0.52  2.3  2.8 C1
120816 1719 40.88 38-26.35  46-41.68  15.80        13 128 33.2 0.39  1.9  2.2 C1
120816 1734 59.52 38-26.26  46-43.72  15.34        14 152  9.1 0.27  1.5  1.7 C1
120816 2027 17.34 38-26.50  46-55.14  13.43         8 211 17.4 0.38  4.2  7.8 D1
120816 2150 59.66 38-26.47  46-44.11  10.00         5 189 30.1 0.27  7.4 43.0 D1
120816 2315  0.18 38-23.61  46-38.47   5.32         7 170 36.0 0.30  2.7 61.8 C1
120816 2359 14.32 38-24.41  46-37.99   5.68         6 173 37.1 0.25  2.9 52.9 C1
120817  031 17.00 38-30.30  46-50.69   5.20         8 213 27.0 0.35  4.2 38.5 D1
120817  213 52.67 38-25.79  46-48.42  18.00         7 193 24.0 0.26  2.6  2.1 D1
120817  319 24.17 38-24.83  46-46.78  15.89         6 213 25.3 0.25  5.2  9.5 D1
120817  334 20.25 38-27.06  46-41.08  14.36        10 187 34.5 0.25  1.7  5.8 D1
120817  448 15.48 38-25.03  46-41.12  10.15        25  50 33.1 0.44  1.3  2.4 C1
120817  452 29.58 38-25.79  46-45.48  14.32        13 127 27.8 0.31  1.5  1.9 C1
120817  528 37.50 38-24.00  46-50.50  11.62         8 188 19.7 0.22  2.2  5.3 D1
120817  535  6.30 38-25.12  46-47.51  14.98         6 188 24.6 0.28  5.4 10.7 D1
120817  8 9 50.92 38-24.95  46-52.65   9.94        14 125 18.0 0.27  1.1  1.8 B1
120817  819 48.07 38-26.64  46-49.11  17.39         7 199 24.0 0.26  3.0  4.0 D1
120817  918  0.09 38-25.73  46-38.43  14.34        25  50 37.2 0.55  1.9  2.7 D1
120817 1036 48.49 38-25.85  46-40.58  18.66         6 181 34.3 0.29  4.2  3.7 D1
120817 1119 12.12 38-25.57  46-40.92  14.70         7 180 33.7 0.29  3.0 16.9 D1
120817 12 9 50.46 38-25.47  46-39.03  17.38        12 178 36.2 0.21  1.0  1.4 C1
120817 13 4 44.23 38-25.67  46-51.13  17.33         7 199 20.6 0.29  4.0  4.5 D1
120817 1324 24.20 38-28.05  46-34.22  11.73         7 182 44.4 0.24  2.2 14.5 D1
120817 1434 36.55 38-26.09  46-39.65  10.35         6 197 49.9 0.27  5.4 56.6 D1
120817 1437 38.52 38-26.51  46-39.00  14.73         9 182 36.9 0.28  2.4  2.4 C1
120817 15 4  8.45 38-27.23  46-47.96  17.66         7 199 26.0 0.41  4.8  6.0 D1
120817 1613 15.10 38-26.89  46-46.88   6.85         7 195 27.0 0.26  2.6 34.7 D1
120817 1658 47.54 38-22.64  46-38.91  15.19         7 167 35.0 0.28  3.2  8.3 C1
120817 1757 46.79 38-21.68  46-55.46   1.41         7 185 11.4 0.31  3.2  4.5 D1
120817 1849 55.73 38-22.47  46-58.97   5.38        10 207  8.1 0.44  2.9  9.3 D1
120817 1934  8.78 38-27.59  46-36.67  14.35        14 130 40.8 0.26  1.2  2.1 C1
120817 20 5  0.17 38-25.80  46-39.32  15.41         8 179 36.0 0.32  2.4  4.3 C1
120817 2015 34.12 38-26.93  46-40.66  10.12        12 129 35.0 0.15  0.7  1.6 C1
120817 2136 15.82 38-24.28  46-42.81  19.11         7 177 30.3 0.47  6.3  6.4 D1
120817 2314  9.28 38-26.03  46-40.85  12.33        13 128 34.1 0.14  0.6  1.3 B1
120818  148 25.45 38-26.33  46-41.27  14.40        13 128 33.7 0.53  2.4  3.4 D1
120818  2 6 29.02 38-22.81  46-43.98  14.77         6 172 27.9 0.18  2.0  6.3 C1
120818  221 31.39 38-25.30  46-42.15  14.57         6 181 31.8 0.33  5.6 15.5 D1
120818  326 47.14 38-26.49  46-49.48  17.68         9 199 23.4 0.32  3.3  2.3 D1
120818  444 40.16 38-24.92  46-48.90  16.88         8 190 22.6 0.39  4.0  2.9 D1
120818  538  0.72 38-31.88  46-55.69  14.88         8 220 25.7 0.49  5.4  4.3 D1
120818  6 2 57.73 38-26.02  46-56.87  13.49         7 211 15.3 0.29  4.2  3.6 D1
120818  846 28.19 38-27.70  46-39.37  14.46         6 187 37.3 0.24  3.0 18.7 D1
120818  859  7.78 38-25.08  46-42.52  14.52         8 180 31.2 0.30  3.3  7.5 D1
120818 1121 29.08 38-25.16  46-39.65  11.42        13 127 35.2 0.30  1.2  3.8 C1
120818 1433 47.36 38-25.78  46-50.53  18.03         9 198 21.4 0.29  3.6  1.5 D1
120818 1556  5.73 38-25.05  46-52.46  10.37        12 125 18.3 0.30  1.4  2.2 B1
120818 1815 48.95 38-28.89  46-57.26   4.08        12 216 19.7 0.41  2.9496.3 D1
120818 1910 11.51 38-26.83  46-39.02  14.94         7 183 37.1 0.28  2.6  5.1 D1
120818 1930 33.80 38-27.18  46-51.41  14.41         7 207 22.1 0.37  5.5 10.8 D1
120818 1939 46.29 38-24.57  46-39.67   0.36         6 175 34.8 0.13  1.6  6.3 C1
120818 2031 54.28 38-30.34  46-45.96  13.00        14 207  8.6 0.61  3.4  3.2 D1
120818 2041 51.27 38-26.78  46-42.35  12.47        13 143  7.2 0.26  1.2  1.6 C1
120818 21 8 39.82 38-25.35  46-39.55  10.10        11 127 35.4 0.26  1.3  2.7 C1
120818 21 9 40.73 38-27.09  46-39.17  11.08        10 129 37.1 0.30  2.0  4.7 C1
120818 2120 44.20 38-26.09  46-46.60  17.29        12 170 12.2 0.19  1.2  0.7 C1
120818 2129 15.41 38-26.06  46-38.69  15.37        13  96  8.0 0.34  2.0  2.1 C1
120818 2141 10.26 38-25.30  46-40.18  12.99        12 118  9.1 0.68  3.9  5.6 C1
120818 2211  9.95 38-24.92  46-39.25  14.84        10 119  9.9 0.27  1.8  2.2 B1
120818 2252 25.26 38-26.65  46-41.44  16.50         9 131  6.9 0.22  2.5  2.0 B1
120818 2314 43.60 38-25.13  46-51.50  14.24        10 185 19.1 0.27  2.9  2.5 D1
120818 2347 22.95 38-27.02  46-40.81  16.14        11 125  6.1 0.19  1.6  1.3 B1
120818 2354 42.37 38-26.22  46-49.06  15.23        12 184 15.0 0.12  0.9  0.9 C1
120819  0 4 53.51 38-25.57  46-39.08  14.78        12 117  8.8 0.21  1.2  1.4 B1
120819  037  6.91 38-26.40  46-42.18  11.79        11 128 32.6 0.26  1.5  1.9 C1
120819  055 17.09 38-30.34  46-41.89  18.21        10 200  2.6 0.35  4.3  1.4 D1
120819  112 37.62 38-26.54  46-41.26  15.66        13 128  7.1 0.36  2.6  2.1 C1
120819  129 34.10 38-25.56  46-39.56  15.64        14 105  8.7 0.28  1.2  1.5 B1
120819  158 30.76 38-23.66  46-38.72   4.30        14 107 35.7 0.47  2.0  3.6 C1
120819  223 11.78 38-24.90  46-38.83  15.26        13  97 10.1 0.24  1.3  1.5 B1
120819  226 29.85 38-25.52  46-40.18  15.91        12 111  8.7 0.44  2.4  2.6 C1
120819  329 48.34 38-25.03  46-38.69  13.35         9 137  9.8 0.31  2.1  3.0 C1
120819  347 58.77 38-28.62  46-50.20  13.90        12 210 15.0 0.35  2.6  2.5 D1
120819  439 27.85 38-25.44  46-45.93  19.67         7 187 26.9 0.21  2.9  2.4 D1
120819  510 15.72 38-27.75  46-46.72  17.85         8 198 28.0 0.34  4.0  2.6 D1
120819  818 27.69 38-27.00  46-39.31   7.23         7 184 36.8 0.38  4.1 49.3 D1
120819  825 19.79 38-26.80  46-39.90   5.29         6 184 35.9 0.39  5.8117.2 D1
120819 1051 59.69 38-25.68  46-48.50   6.64         7 193 23.8 0.27  3.4 25.2 D1
120819 1341 51.01 38-27.39  46-39.58  14.73         8 186 36.8 0.30  2.9  3.6 D1
120819 1440 59.32 38-26.11  46-45.86  14.68         7 190 27.5 0.26  3.6  6.1 D1
120819 1532 28.74 38-22.05  46-49.20  14.33         6 174 20.2 0.14  2.5  4.3 C1
120819 2230 29.02 38-25.83  46-38.01  14.66         8 178 37.8 0.21  1.6  2.3 C1
120819 2327  2.00 38-25.31  46-38.91  14.53         7 177 36.3 0.23  2.7  7.0 C1
120820  1 4 22.40 38-29.36  46-40.40  16.74         6 194 37.4 0.28  5.3  4.2 D1
120820  124 12.51 38-26.38  46-42.63  14.30         5 186 32.0 0.28  6.4 22.0 D1
120820  145 10.22 38-25.88  46-40.42   0.64         6 181 34.6 0.42  6.0725.3 D1
120820  2 4 58.38 38-24.14  46-41.42  14.48         6 175 32.1 0.40  5.6 19.7 D1
120820  4 9 59.56 38-26.38  46-40.97  18.14         9 184 34.2 0.27  2.1  2.0 C1
120820  6 6 15.55 38-19.18  46-24.19  10.00         8 145 24.1 3.21  2.9 19.1 D1
120820  659 31.24 38-24.38  46-46.69  14.45         6 183 25.1 0.32  4.5  9.2 D1
120820 10 6 32.26 38-25.71  46-50.80  12.18         7 198 21.0 0.36  4.2  7.8 D1
120820 1221  3.33 38-27.61  46-43.72  18.84         7 193 31.6 0.20  2.8  2.5 D1
120820 1453 29.72 38-25.48  46-37.56  19.20         6 195 46.6 0.18  3.3  3.7 D1
120820 1654 51.96 38-25.68  46-40.52  10.68         9 128 50.7 0.23  1.4  2.7 C1
120820 2032 50.29 38-25.66  46-48.48  14.51         7 204 61.4 0.18  1.8 25.4 D1
120820 2117 39.91 38-26.22  46-39.18  14.89         8 197 49.4 0.29  4.6  9.1 D1
120820 2124 17.49 38-26.58  46-52.39  14.55        10 127 67.3 0.19  1.0  1.5 C1
120820 2137 38.46 38-26.22  46-40.13   0.13         9 198 50.6 0.19  1.8  3.8 C1
120820 2220 12.54 38-23.98  46-39.12  14.42         7 193 47.6 0.24  2.5 10.2 D1
120821  331 54.72 38-25.45  46-40.18  16.31        13 128  8.9 0.44  2.0  1.9 C1
120821  523 59.13 38-25.92  46-44.60   4.71         6 201 56.3 0.23  3.5403.4 D1
120821  838 50.36 38-21.70  46-33.35  14.29         6 184 38.2 0.37  4.7 22.8 D1
120821  915 12.19 38-27.62  46-44.26  14.54         5 244 57.1 0.19  5.6 48.1 D1
120821 1024 46.42 38-27.43  46-43.92   9.31         6 203 56.5 0.20  2.2 38.5 D1
120821 1743  2.56 38-25.70  46-42.56   5.90        10 127 53.4 0.45  2.2  6.3 D1
120822  424 53.32 38-25.48  46-41.61  14.45         7 181 32.7 0.29  3.6  8.0 D1
120822  950 22.91 38-25.43  46-39.28  13.16        11 127 35.8 0.30  1.9  3.4 C1
120822 10 8 10.13 38-25.02  46-47.24  19.16         5 187 24.8 0.05  0.9  0.7 C1
120822 1133 50.37 38-26.44  46-39.33  10.53         9 182 36.4 0.28  2.7  7.9 D1
120822 1445  1.97 38-28.61  46-40.15  14.68         5 191 37.0 0.28  8.7 29.5 D1
120822 1537 57.46 38-25.98  46-51.29  17.06        11 201 20.7 0.32  2.5  1.3 D1
120822 1555 47.02 38-24.86  46-45.38  10.00         6 183 27.2 0.20  3.0 15.8 D1
120822 1629 10.59 38-25.33  46-49.69  17.59         7 194 22.0 0.27  3.7  4.4 D1
120822 1832 35.03 38-24.96  46-38.82  14.57         7 176 36.2 0.26  3.1  8.1 C1
120822 2140 45.62 38-19.18  46-28.26  10.00         7 147 29.6 2.99  2.2 17.7 D1
120823  010 39.24 38-26.38  46-43.33  15.78        10 187 31.0 0.15  1.2  1.1 C1
120823  016 44.41 38-25.74  46-42.45   5.11         6 213 31.7 0.25  4.0 76.1 D1
120823  056 25.40 38-27.23  46-43.11  14.24         7 190 32.0 0.40  4.9 10.5 D1
120823  237 15.18 38-27.30  46-37.80  17.14         9 183 39.1 0.21  1.4  2.1 C1
120823  4 6 36.80 38-26.51  46-38.70  14.78         8 182 37.3 0.29  2.8  3.6 D1
120823  823 41.90 38-25.76  46-36.67  12.16         8 176 39.6 0.28  2.6 10.7 C1
120823 1214 46.08 38-26.63  46-39.78   3.63         8 183 35.9 0.43  4.0 10.6 D1
120823 1231 56.85 38-25.98  46-44.32   4.07         5 187 29.4 0.30  4.9663.8 D1
120823 1452 19.13 38-26.42  46-38.62  14.77         8 181 37.4 0.31  3.0  3.8 D1
120823 1637 18.89 38-28.07  46-46.91  16.40         8 200 28.2 0.23  2.5  2.0 D1
120823 1718 11.70 38-24.22  46-37.11  14.84         8 171 38.2 0.23  1.9  2.9 C1
120823 2031 29.30 38-26.78  46-43.25  10.23        12 129 31.5 0.18  0.8  2.1 C1
120823 2256 32.77 38-27.36  46-37.00  14.47         6 183 40.2 0.34  5.3  6.4 D1
120824  514 46.75 38-26.04  46-38.47  18.11         7 179 37.3 0.21  3.0  3.6 C1
120824  738 39.12 38-30.44  46-58.55  10.48        11 132 21.8 0.26  1.5  2.5 C1
120824  949 29.49 38-29.97  46-49.24  14.71         8 212 27.9 0.46  6.2  6.1 D1
120824 1044  3.70 38-25.81  46-50.50  14.40         7 198 21.5 0.37  3.6  7.9 D1
120824 1111 20.56 38-23.88  46-47.67  12.32         6 182 23.4 0.23  4.4  8.4 D1
120824 12 2 54.81 38-26.36  46-40.15  14.39         8 183 35.3 0.36  3.9  9.8 D1
120824 1214 53.49 38-24.77  46-40.69   0.06         6 177 33.5 0.23  2.3  7.3 C1
120824 1550 11.43 38-24.79  46-40.70   2.44         7 177 33.5 0.28  3.2  9.7 C1
120824 16 8 30.19 38-23.67  46-44.07  14.83         8 176 28.2 0.39  3.3 10.9 C1
120824 1637 37.79 38-33.59  47- 1.37   3.31         7 227 26.9 0.29  3.0  5.1 D1
120824 2142  6.73 38-25.19  46-40.25  14.38         7 178 34.4 0.25  3.1 11.4 C1
120824 2144  6.81 38-26.39  46-44.46  16.70         7 189 29.6 0.24  2.8  2.4 D1
120824 2243 35.46 38-30.95  46-45.71  26.68         6 209 32.9 0.32  5.7  8.0 D1
120824 2320 32.80 38-30.65  46-47.75   7.15         6 212 30.3 0.25  4.8 29.6 D1
120824 2357 19.93 38-25.57  46-36.46  14.91         6 176 39.8 0.21  3.0 10.5 C1
120825  0 9  3.91 38-28.69  46-42.45  14.37         7 195 34.2 0.35  4.7 16.8 D1
120825  058 54.81 38-26.77  46-47.03  14.52         8 195 26.7 0.36  2.7  8.4 D1
120825  255 50.20 38-27.31  46-37.49  14.59         7 183 39.5 0.25  3.3  3.5 D1
120825  6 9 46.12 38-25.01  46-40.23   9.50        11 127 34.3 0.24  1.3  2.6 C1
120825  733 35.37 38-27.29  46-34.60  14.42         7 180 43.4 0.37  4.1 16.1 C1
120825  746 20.83 38-25.59  46-52.45  13.65        12 126 19.0 0.24  1.2  1.6 B1
120825 1459 32.00 38-24.06  46-56.54  10.00         9 208 12.7 0.22  2.5  2.4 D1
120825 1714 25.64 38-26.37  46-37.91   0.47         6 180 38.3 0.47  6.5802.8 D1
120825 1959 28.00 38-27.11  46-53.73   9.34         7 210 19.6 0.43  6.0 10.9 D1
120825 20 3 41.53 38-24.80  46-38.85  18.68         9 175 36.1 0.21  1.5  1.4 C1
120826  128 37.10 38-26.88  46-37.95  17.56         9 182 38.6 0.24  2.3  1.6 C1
120826  4 1 33.45 38-24.31  46-39.36  19.27         8 174 35.1 0.24  2.3  2.1 C1
120826  522 11.87 38-25.74  46-41.24  12.28         8 182 33.4 0.27  3.0  4.2 D1
120826  936 53.24 38-25.71  46-39.13   7.47        11 128 36.2 0.12  0.6  1.4 B1
120826  943 22.22 38-25.98  46-39.33   8.41        11 128 36.1 0.17  0.9  1.9 C1
120826 1115 28.18 38-26.55  46-40.10  11.93         8 183 35.5 0.36  3.9  5.7 D1
120826 1250 55.00 38-22.79  46-41.26  11.58         8 169 31.7 0.25  2.7  8.8 C1
120826 1252 35.04 38-26.07  46-39.42  10.12         7 181 36.0 0.35  4.4 16.5 D1
120826 13 5 19.39 38-27.09  46-38.98  12.01         9 184 37.3 0.42  3.9  6.4 D1
120826 13 8 35.88 38-25.12  46-39.67  10.66        12 127 35.1 0.14  0.7  1.6 B1
120826 1344 30.78 38-22.96  46-44.94  10.41         6 174 26.6 0.28  5.4 20.8 D1
120826 1426 49.72 38-21.10  46-41.74  14.25         7 162 30.5 0.30  3.5  8.8 C1
120826 1451  2.78 38-27.88  46-51.08  14.72         7 209 23.3 0.36  5.7  5.2 D1
120826 1815 31.94 38-25.64  46-52.22  11.46        11 126 19.3 0.23  1.2  1.6 B1
120826 1922  9.32 38-26.85  46-39.16   3.46         6 183 36.9 0.25  4.6  8.6 D1
120826 2012 37.07 38-27.97  46-41.53  14.88         7 191 34.7 0.42  4.6  4.5 D1
120826 2057  8.23 38-27.60  46-41.70   2.93         6 189 34.2 0.32  6.3 11.2 D1
120826 2248 13.97 38-28.18  46-40.09  18.04         7 189 36.7 0.28  4.3  2.9 D1
120827  246 27.72 38-24.72  46-37.44  16.51         6 173 38.0 0.27  3.9 12.0 C1
120827  5 8  6.97 38-27.04  46-33.83   4.00         6 178 43.4 0.25  3.6 10.6 C1
120827  630 55.77 38-24.78  46-41.75  10.99         8 178 32.0 0.36  4.2 16.6 C1
120827 11 1 13.24 38-24.51  46-40.79  14.37         8 176 33.2 0.19  1.6  8.0 C1
120827 1346 34.07 38-25.09  46-43.40  19.76         6 182 30.0 0.64  7.7  6.2 D1
120827 1510 34.47 38-24.91  46-50.33  14.23         6 193 20.8 0.33  5.6 11.1 D1
120827 1652 13.77 38-26.18  46-50.85  14.84         7 201 21.5 0.38  5.6  6.8 D1
120827 1755  8.59 38-24.44  46-50.04  16.98         7 190 20.7 0.49  5.6  4.5 D1
120827 21 3 26.76 38-23.19  46-40.84  14.85         6 201 32.5 0.27  2.9 13.4 D1
120827 2248 15.39 38-21.16  46-44.90  11.02         6 193 26.0 0.27  5.3 12.6 D1
120827 2356 30.64 38-25.68  46-53.46  11.56        19  83 18.0 0.27  1.1  1.2 B1
120828  028  2.43 38-21.44  46-41.72   0.39         6 164 30.6 0.46  5.2712.5 D1
120828  155 35.57 38-24.66  46-43.24  14.50         6 179 29.9 0.17  2.6  6.9 C1
120828  221 14.14 38-25.16  46-34.74  14.50         8 172 42.0 0.34  2.9  4.5 C1
120828  333 22.47 38-24.16  46-40.37  14.59         7 174 33.6 0.31  3.0  9.6 C1
120828  341  7.74 38-24.13  46-46.54  18.76         9 182 25.1 0.37  4.0  2.8 D1
120828  354 51.27 38-25.94  46-36.85  14.88         6 177 39.5 0.26  3.0 21.5 C1
120828  413 21.31 38-23.62  46-46.93  14.74         6 180 24.2 0.36  6.4  9.4 D1
120828  438 46.50 38-24.46  46-46.13  15.86         8 183 25.9 0.34  3.3  4.7 D1
120828  511 25.43 38-24.59  46-43.59  19.58         7 180 29.4 0.31  3.2  3.0 C1
120828  535 42.66 38-24.08  46-40.77  19.11         7 174 33.0 0.53  5.2  5.3 D1
120828 1225 58.48 38-26.64  46-35.87   7.75         7 179 41.3 0.26  2.6 48.0 C1
120828 1434  6.18 38-23.91  46-42.61  14.60         7 175 30.4 0.41  4.7 13.0 C1
120828 1746 31.39 38-26.58  46-44.24  14.76        12 128 30.0 0.20  1.1  1.3 C1
120828 1758 51.99 38-23.83  46-38.79  14.38        12 125 35.7 0.29  1.6  2.2 C1
120828 1821 13.64 38-23.49  46-38.46  14.38         7 170 36.0 0.31  3.7 10.0 C1
120828 19 1 46.03 38-27.06  46-39.34  14.69         5 184 36.8 0.26  8.2 27.4 D1
120828 2032 12.08 38-24.86  46-40.02   7.27         7 177 34.5 0.22  2.6 16.8 C1
120829  027  4.99 38-24.79  46-35.67  16.02         8 172 40.5 0.31  2.6  3.7 C1
120829  1 1 26.50 38-25.52  46-50.75  27.91         7 197 20.9 0.24  3.5  3.4 D1
120829  856 38.35 38-28.98  46-40.82   0.42         7 193 36.5 0.31  3.8464.4 D1
120829 1043 12.75 38-24.43  46-39.96  17.97         5 175 34.3 0.21  5.2  3.5 D1
120829 1146 27.68 38-24.67  46-38.82  11.36        10 126 36.0 0.25  1.5  2.6 C1
120829 1210 30.77 38-25.04  46-40.82  17.75         8 178 33.5 0.24  1.8  2.5 C1
120829 1332 44.46 38-20.61  46-46.14  14.88         6 163 24.0 0.61  9.3 12.6 D1
120829 1346 42.03 38-22.80  46-48.10  14.31         7 177 22.1 0.28  3.4  5.7 C1
120829 1830 49.89 38-26.89  46-39.15  14.67         6 183 37.0 0.49  6.3  8.5 D1
120830  342 46.28 38-26.80  46-39.08  14.72         6 183 37.0 0.27  5.0  4.1 D1
120830  625 50.34 38-25.45  46-41.37   7.04         8 180 33.0 0.25  2.8 19.1 D1
120830  630 43.08 38-24.31  46-51.14  10.00         9 191 19.2 0.49  4.9 14.8 D1
120830  645 56.20 38-27.80  46-41.53   9.78         6 190 34.6 0.32  4.6 20.1 D1
120830 1016 10.03 38-26.28  46-52.29  10.90         8 205 20.0 0.22  2.8  5.7 D1
120830 1133 16.81 38-26.03  46-39.94  14.58         7 181 35.3 0.29  3.4  7.6 D1
120830 21 3 18.16 38-28.93  46-35.19  14.48         7 186 43.8 0.39  4.8  5.3 D1
120830 2143 48.99 38-26.77  46-35.52  18.75         5 179 41.8 0.26  4.2  4.7 D1
120831  258 32.74 38-29.33  46-57.20  12.89         6 217 20.5 0.30  5.7  6.5 D1
120831  4 0 59.01 38-26.04  46-36.07  18.40         7 177 40.6 0.14  1.6  1.3 C1
120831  9 8 19.55 38-30.69  46-43.52  10.72         6 204 35.0 0.29  4.6  7.0 D1
120831 1114 25.93 38-23.01  46-44.37  14.28         6 173 27.4 0.31  5.0 14.8 C1
120831 1131 18.16 38-23.41  46-40.43  14.68         6 171 33.2 0.31  4.5 16.0 C1
120831 2016  0.16 38-23.23  46-45.94  10.88         7 176 25.3 0.32  4.4 11.2 C1
120831 2114 54.83 38-28.97  46-39.33  14.82         5 191 38.4 0.29  8.4 29.3 D1
120831 2241 14.48 38-23.21  46-40.87  19.09         6 171 32.5 0.26  3.2  3.1 C1
120831 2252 20.87 38-23.04  46-42.41  18.16         6 171 30.2 0.36  5.4  8.2 D1
120901  058 21.28 38-21.06  46-47.18   1.26         5 166 22.7 0.17  5.4  6.1 D1
120901  144 28.78 38-23.10  46-38.77  12.04         6 168 35.4 0.35  4.5 22.7 C1
120901  2 1 46.83 38-21.91  46-40.89  14.95         5 165 31.9 0.25  5.2 23.5 D1
120901  5 4  3.87 38-23.88  46-47.08  16.58        11 125 24.2 0.20  1.3  1.2 B1
120901  620 20.66 38-27.33  46-45.03  14.69        10 129 29.7 0.07  0.4  0.5 B1
120901  622 17.24 38-26.58  46-37.31  11.72         8 180 39.2 0.49  3.8 27.3 D1
120901  636 36.58 38-26.79  46-36.67  10.29         8 180 40.3 0.49  4.3 22.1 D1
120901  712 11.60 38-22.72  46-42.46  14.17         7 170 30.0 0.35  4.2  9.9 C1
120901 1321 57.57 38-23.67  46-41.55  19.36         7 173 31.7 0.28  3.1  2.9 C1
120901 1426  5.59 38-26.85  46-53.84  14.69         6 210 19.1 0.43 10.4  9.4 D1
120901 1638 47.07 38-19.18  46-55.64  10.00         5 159 10.0 0.32  6.7 11.8 D1
120901 1748  9.76 38-23.55  46-51.03  14.61         8 187 18.7 0.40  5.4  5.6 D1
120901 1751 48.04 38-23.44  46-43.67  14.79         7 175 28.6 0.25  3.1  6.4 C1
120901 1926 16.45 38-22.00  46-39.54  11.61         6 164 33.9 0.30  5.0 18.8 D1
120901 1937 58.21 38-23.98  46-46.81  17.75         6 181 24.6 0.30  5.4  4.3 D1
120901 1951 35.12 38-24.58  46-46.97  17.77         8 185 24.8 0.34  3.1  2.3 D1
120901 2059 33.85 38-24.06  46-47.86  17.83         8 183 23.3 0.52  4.5  3.5 D1
120901 2116 11.00 38-22.38  46-49.37  19.15         6 177 20.1 0.33  7.8  7.3 D1
120901 2217 44.68 38-24.89  46-42.32  12.16         8 179 31.3 0.33  3.3  6.5 C1
120902  133 44.57 38-19.18  46-55.09  13.23         6 159 10.8 0.28  4.6  7.3 C1
120902  253 47.44 38-24.37  46-50.88  14.39        10 125 19.6 0.38  2.3  2.5 C1
120902  411 26.00 38-26.53  46-45.83  16.25         8 192 27.9 0.37  4.3  3.2 D1
120902  850 11.43 38-26.55  46-45.90  11.85        11 128 27.9 0.13  0.7  0.9 B1
120902  9 3 16.74 38-25.50  46-45.70  11.76        10 127 27.2 0.28  1.7  2.3 C1
120902  924 34.34 38-26.32  46-43.04  32.76         7 186 31.4 0.27  4.4  5.9 D1
120902 1111 50.92 38-24.91  46-39.01  13.54        11 127 35.9 0.15  0.9  1.2 C1
120902 1344  3.73 38-25.48  46-40.78  12.31        11 127 33.8 0.14  0.8  1.0 B1
120902 1422 20.74 38-25.65  46-45.17  17.92         7 187 28.0 0.38  4.9  4.7 D1
120902 1536 24.40 38-22.00  46-46.98   3.72         6 171 23.3 0.48  6.9 19.1 D1
120902 2126 30.36 38-24.35  46-40.62  10.00         5 219 33.4 0.24  4.5 37.8 D1
120902 2316 42.20 38-14.73  46-44.08  14.27         9 133 28.1 0.34  2.9  8.7 C1
120903  443 10.13 38-26.12  46-39.08  11.20         9 180 36.5 0.28  2.5  4.3 C1
120903  558 14.41 38-24.33  46-42.94  27.37         7 178 30.1 0.22  3.6  5.9 C1
120903 1359 29.94 38-21.47  46-49.39  14.05         6 171 19.6 0.37  5.9 12.8 D1
120903 1419 24.80 38-21.04  46-48.19   5.80         6 167 21.2 0.35  5.4 51.2 D1
120903 1621 10.85 38-22.57  46-42.51  22.05         7 169 29.9 0.09  0.9  1.9 B1
120903 1629 58.92 38-23.97  46-52.43  17.57         7 193 17.3 0.43  4.8  3.6 D1
120903 1717 11.46 38-25.18  46-51.09  16.90         7 196 20.1 0.32  3.5  2.8 D1
120903 1717 34.44 38-25.22  46-52.41  16.76         7 200 18.6 0.42  6.2  3.6 D1
120903 2011 43.70 38-20.91  46-51.41   2.44         5 170 16.5 0.24  6.7  9.3 D1
120903 2223 46.13 38-23.48  46-38.91  14.47         6 170 35.3 0.26  3.6 13.8 C1
120903 2330 50.29 38-23.54  46-48.52  14.04         7 182 22.0 0.37  5.4 12.2 D1
120904 -159 57.16 38-22.74  46-47.41  14.12         6 176 23.0 0.27  4.4 10.3 C1
120904  021 15.80 38-24.66  46-46.98  27.31         6 185 24.9 0.26  5.4  6.8 D1
120904  042 56.07 38-29.81  46-46.10  14.92         7 205 31.1 0.32  4.3 10.7 D1
120904  050 38.33 38-24.53  46-46.17  14.44         8 183 25.9 0.29  2.6  6.7 D1
120904  2 8 31.10 38-22.99  46-37.20  14.74         7 167 37.6 0.26  2.9  8.1 C1
120904  2 9  3.82 38-24.36  46-39.86  18.26         7 174 34.4 0.32  3.7  3.5 C1
120904  313 48.63 38-23.25  46-42.87  18.26         7 173 29.7 0.26  2.8  2.6 C1
120904  420 28.70 38-24.28  46-41.15  19.41         8 175 32.6 0.31  3.1  2.8 C1
120904  543 57.08 38-23.41  46-42.33  18.51         8 173 30.5 0.30  3.1  2.7 C1
120904  816 12.57 38-24.00  46-46.40  16.90         7 181 25.2 0.26  3.5  2.5 D1
120904 1355 56.50 38-20.35  46-42.66   0.52         6 159 29.0 0.29  3.4489.2 C1
120904 1421 11.07 38-23.43  46-43.01  14.86         5 174 29.5 0.30  8.0 24.6 D1
120904 1725 39.32 38-24.37  46-49.61  17.82         8 188 21.2 0.33  3.4  2.3 D1
120904 1752 32.50 38-21.70  46-48.18  14.39         6 171 21.5 0.43  6.9 16.1 D1
120904 1815 10.05 38-25.22  46-40.33  10.94         5 178 34.3 0.44  4.9 32.6 D1
120904 1833 30.66 38-24.73  46-47.34  14.12         6 186 24.5 0.34  5.4 13.3 D1
120904 1917 58.64 38-25.44  46-49.69  14.83         5 194 22.1 0.39  9.3 17.7 D1
120904 2242 57.85 38-19.18  47- 2.62   4.27         6 205  0.2 0.30  4.7  2.3 D1
120904 2353 44.85 38-20.67  46-47.86  10.40         5 165 21.6 0.34  8.4 28.6 D1
120905  128  5.77 38-14.20  46-38.29  42.88         5 174 42.7 0.61 38.4 17.6 D1
120905  3 2 42.63 38-24.00  46-37.08  14.65         6 191 44.8 0.41  4.8 26.9 D1
120905  933 45.91 38-25.10  46-41.76  11.22        18  79 32.2 0.31  1.7  2.3 C1
120905 1214  4.06 38-26.78  46-39.98  15.94         6 184 35.8 0.24  4.7  4.0 D1
120905 15 7 19.72 38-24.15  46-47.40  16.86         9 183 23.9 0.31  2.8  1.9 D1
120905 16 0  6.91 38-23.50  46-41.05  19.17         8 172 32.3 0.35  3.5  3.1 C1
120905 1714 36.81 38-21.33  46-51.21  11.43         5 173 17.0 0.41 10.1 22.1 D1
120905 1847 38.81 38-23.30  46-38.77  18.92         7 169 35.5 0.31  3.6  3.0 C1
120905 19 3 13.46 38-26.00  46-49.07  18.16         7 195 23.4 0.42  5.3  4.1 D1
120905 2126 41.80 38-24.55  46-47.54  16.85         7 185 24.0 0.35  4.5  3.3 D1
120905 2348 37.03 38-23.83  46-50.37  11.60         7 202 62.9 0.42  6.0 43.7 D1
120906  119 42.22 38-26.56  46-47.78  19.04         8 195 25.5 0.36  4.3  2.7 D1
120906  219 16.21 38-24.13  46-51.65  16.71         8 192 18.4 0.41  4.9  4.1 D1
120906  851 17.64 38-23.34  46-37.64  14.85         6 168 37.1 0.21  2.9 12.4 C1
120906 1038 30.73 38-24.97  46-49.33  14.19         9 191 22.1 0.46  3.6  7.4 D1
120906 2023 33.81 38-24.45  46-39.39  19.05         8 174 35.1 0.29  2.9  2.6 C1
120906 2033 21.79 38-24.16  46-51.22  17.29         7 191 19.0 0.36  5.0  3.1 D1
120906 22 2 27.05 38-21.62  46-50.69  18.37         8 174 17.9 0.28  2.2  2.2 C1
120906 22 7 25.53 38-24.03  46-41.82  18.89         7 175 31.5 0.39  6.3  6.7 D1
120906 2338  4.88 38-23.83  46-40.67  14.78         7 173 33.0 0.24  2.3  7.6 C1
120906 2356  3.64 38-24.52  46-47.87  14.71         6 186 23.6 0.29  5.2  7.0 D1
120907  235 37.64 38-26.47  47- 2.62   1.15         6 217 13.7 0.32  4.1  4.3 D1
120907  541 29.12 38-40.68  46-46.16  10.63         7 228 46.5 0.44  5.3  8.8 D1
120907 1246 24.57 38-24.01  46-41.51  10.44        12 125 31.9 0.33  1.4  3.2 C1
120907 1610 54.67 38-26.57  46-48.48  16.75         8 197 24.7 0.42  4.7  3.3 D1
120907 1649 54.20 38-23.42  46-38.79  14.30         7 170 35.5 0.27  2.5  8.4 C1
120907 1725 50.61 38-23.46  46-48.33  13.31         8 181 22.2 0.42  3.8  9.2 D1
120907 1748 16.65 38-11.37  46-49.40  11.05         5 113 23.9 0.25  4.6 21.0 D1
120907 1753 54.34 38-25.29  46-42.99  14.45         6 182 30.7 0.36  4.8 15.0 D1
120907 1917 21.27 38-26.10  46-46.38  17.86         7 191 26.8 0.37  4.4  3.7 D1
120907 1929 15.66 38-22.68  46-41.48  18.27         7 169 31.4 0.27  2.7  2.9 C1
120907 1949 29.32 38-21.39  46-48.12  10.08         6 169 21.4 0.40  6.5 22.0 D1
120907 20 0  6.62 38-23.41  46-48.99  14.20         6 182 21.3 0.27  4.4  9.6 D1
120907 2047 22.58 38-24.31  46-49.23  14.23         6 187 21.6 0.32  5.4 11.6 D1
120907 2133 48.55 38-22.11  46-39.91  14.30         6 165 33.4 0.33  4.5 17.5 C1
120907 2136 57.11 38-23.92  46-53.91  14.67         7 197 15.4 0.40  5.4  5.3 D1
120907 2337 52.76 38-20.73  46-50.58   1.64         7 168 17.7 0.16  1.8  2.6 C1
120908  053 37.19 38-27.55  46-44.11  15.24         9 193 31.1 0.30  3.7  4.5 D1
120908  112 29.72 38-23.65  46-45.96  14.08         7 178 25.6 0.28  3.7  6.2 C1
120908  231 18.29 38-26.25  46-52.72  25.27         6 206 19.5 0.30  6.8  7.5 D1
120908  416 15.27 38-24.53  46-38.76  14.32         7 174 36.1 0.32  3.9 10.6 C1
120908  446 49.42 38-21.61  46-37.92  19.56         6 162 36.2 0.20  2.5  2.5 C1
120908  652 30.80 38-24.30  46-41.09  10.30        10 126 32.7 0.24  1.5  3.8 C1
120908  830  3.47 38-25.03  46-46.35  14.05         8 186 26.0 0.34  3.9  7.2 D1
120908  938 37.36 38-19.18  46-46.43  10.33         7 155 23.5 0.44  5.5 16.7 D1
120908 14 1 12.06 38-23.69  46-40.01  14.45         6 172 33.9 0.35  5.1 19.2 D1
120908 2035 44.53 38-22.45  46-49.62  10.41        17  50 19.8 0.47  2.1  3.1 C1
120908 21 4 44.91 38-23.02  46-47.84  11.46         6 178 22.6 0.13  1.7  3.8 C1
120908 2124  6.25 38-27.34  46-41.11  12.41         6 188 34.7 0.19  3.2  9.6 D1
120909  450 27.51 38-24.66  46-44.93  14.80         5 182 27.6 0.35  7.2 19.2 D1
120909 10 8 20.64 38-24.27  46-50.18  13.96        11 125 20.4 0.42  2.4  2.4 C1
120909 1358 17.90 38-21.93  46-40.37  16.32         8 165 32.7 0.26  2.2  3.5 C1
120909 1740  1.47 38-23.14  46-41.14  14.17         5 171 32.0 0.43 10.7 39.6 D1
120909 2025 44.26 38-23.63  46-37.69  14.61         8 169 37.1 0.37  3.5 10.8 C1
120909 22 6 59.98 38-25.54  46-38.10  14.85         8 177 37.5 0.33  3.0  4.2 C1
120909 22 7 57.35 38-23.25  46-40.31  14.61         7 170 33.3 0.27  3.1  7.8 C1
120909 2250 38.51 38-21.18  46-52.58   9.16         7 174 15.0 0.35  4.9  8.9 C1
120910  147  2.68 38-26.15  46-43.61  14.53         7 186 30.5 0.39  4.9 16.0 D1
120910  2 2 12.73 38-25.24  46-49.34  14.90         7 192 22.3 0.37  5.2  6.7 D1
120910  855 50.26 38-24.24  46-42.44  14.52        12 126 30.8 0.26  1.5  2.1 C1
120910 1328 35.41 38-13.82  46-44.16  14.38         6 129 28.5 0.26  3.1  9.1 C1
120910 1725 44.27 38-23.58  46-39.51  14.71         6 171 34.5 0.33  4.6 17.4 C1
120910 1932 17.77 38-29.10  46-47.63  26.75         6 206 28.5 0.26  5.5  6.2 D1
120911  0 9 48.44 38-24.01  46-32.67  19.22         6 167 39.1 0.27  3.2  3.3 C1
120911  323 32.84 38-24.89  46-47.87  17.47         7 188 23.9 0.39  4.8  3.3 D1
120911  325 33.23 38-23.19  46-39.34  15.00         7 169 34.6 0.33  3.9  9.8 C1
120911 1030 34.07 38-24.62  46-38.32  14.62        13 126 36.7 0.40  2.0  2.6 C1
120911 1630 16.33 38-20.98  46-48.76   3.83         6 167 20.4 0.23  3.1  8.7 C1
120911 1738 52.63 38-19.18  46-56.42   2.84         5 159  8.9 0.14  2.4  2.3 C1
120911 2141 12.38 38-21.09  46-53.56   9.85         6 175 13.6 0.30  4.3  8.9 C1
120911 2248 26.15 38-25.33  46-43.12  18.84         7 182 30.5 0.24  2.6  2.4 D1
120912  915 43.55 38-22.05  46-38.61  10.19         6 164 35.3 0.27  3.5 28.1 C1
120912 10 3 29.84 38-24.77  46-38.79  14.39         7 175 36.1 0.29  3.1 13.2 C1
120912 1244 25.60 38-22.52  46-41.50  19.42         5 168 31.3 0.24  4.4  4.4 D1
120912 1259 24.80 38-23.84  46-40.44  14.93         7 173 33.3 0.25  2.9 11.0 C1
120912 2033 52.20 38-23.52  46-37.53  14.52         5 169 37.3 0.22  3.9 20.4 D1
120912 2041 41.39 38-26.72  46-32.00  14.17         6 175 40.8 0.25  2.5 20.0 C1
120912 2246  4.14 38-23.46  46-40.11  11.45         6 171 33.6 0.27  3.7 18.8 C1
120912 2311 17.33 38-24.05  46-40.84  13.91         5 174 32.9 0.27  5.4 25.7 D1
120913  019 47.94 38-26.82  46-40.08  14.37         8 184 35.7 0.46  5.0 12.6 D1
120913  151 45.53 38-22.55  46-39.75  14.86         6 167 33.8 0.23  3.3 12.1 C1
120913  427 37.61 38-24.37  46-50.76  15.29         7 191 19.7 0.28  3.9  4.3 D1
120913 1212 12.89 38-25.44  46-52.98  18.86         8 203 18.2 0.48  6.1  3.1 D1
120913 1415 48.57 38-24.77  46-45.42  28.02         5 183 27.0 0.30  7.7 14.8 D1
120913 1451 28.57 38-23.14  46-38.23  14.38         6 168 36.2 0.32  4.1 16.7 C1
120913 1648  9.71 38-20.85  46-50.53   7.22         7 168 17.8 0.31  4.3 14.6 C1
120913 1742 24.24 38-24.68  46-46.53  17.13         6 184 25.5 0.32  4.4  3.6 D1
120913 1819 27.93 38-23.96  46-38.38  14.39         6 171 36.3 0.30  4.4 17.2 C1
120913 19 5 15.13 38-22.23  46-48.21  13.81         6 174 21.7 0.30  4.7 11.5 C1
120913 1945 20.48 38-25.32  46-41.08  12.54        11 127 33.3 0.18  1.0  1.4 C1
120913 2230  3.92 38-22.97  46-52.94  14.43         6 188 15.7 0.34  5.8  9.4 D1
120913 2257 56.08 38-22.97  46-39.53  14.37         5 168 34.3 0.27  6.5 26.0 D1
120913 2356 10.90 38-28.70  46-48.34  42.35         5 206 27.3 0.48  3.2  2.0 D1
120914  042 36.50 38-24.55  46-49.84  16.53         7 190 21.1 0.33  4.7  3.1 D1
120914  219 38.03 38-24.30  46-38.87  11.09        20  82 35.8 0.47  1.9  2.5 C1
120914 1321  1.77 38-22.64  46-47.73  14.09         8 176 22.5 0.35  3.8  6.7 C1
120914 1432 33.36 38-26.27  46-36.67  14.78         7 178 39.9 0.25  2.2  4.8 C1
120914 1641  4.57 38-24.67  46-47.57  14.68         8 186 24.1 0.32  3.7  6.0 D1
120915 11 1 17.12 38-24.59  46-47.24  17.42         7 185 24.5 0.41  4.3  3.8 D1
120915 1919 20.89 38-25.72  46-48.42  15.63         8 193 23.9 0.25  3.3  3.0 D1
120915 2028 28.67 38-23.17  46-48.49  14.11         8 180 21.8 0.31  3.4  5.6 C1
120915 2117 10.91 38-21.69  46-50.83  18.79         7 174 17.7 0.30  3.4  2.4 C1
120916  1 1 34.82 38-25.83  46-37.72   5.07         5 178 38.2 0.35  5.3140.4 D1
120916 1712 51.11 38-24.93  46-51.37  16.86         7 195 19.5 0.35  4.2  3.4 D1
120916 18 6 51.00 38-20.82  46-43.34  14.25         5 200 28.1 0.28  8.8 26.5 D1
120916 1948  9.17 38-20.56  46-46.29  14.60         6 163 23.8 0.24  3.8 10.3 C1
120916 2259  3.57 38-23.18  46-42.40  16.43         6 172 30.3 0.23  3.0  4.0 C1
