                        ORT     Lon     Lat     Dep     Mag  Nus  NuP  NuS  ADS     MDS  GAP     RMS     ERH     ERZ
2012-08-11T12:23:15.330000Z  46.814  38.417   5.340   6.500   15  NaN  NaN  NaN  22.800   76   0.430   1.700   3.000
2012-08-11T12:28:46.190000Z  46.758  38.434  18.970   3.500    5  NaN  NaN  NaN  28.000  189   0.230   5.300   4.400
2012-08-11T12:49:15.370000Z  46.683  38.395   1.760   4.600   14  NaN  NaN  NaN  32.500   82   0.310   1.200   4.000
2012-08-11T13:14:05.470000Z  46.673  38.400   7.390   4.400   17  NaN  NaN  NaN  33.500   82   0.340   1.500   2.400
2012-08-11T13:23:15.070000Z  46.701  38.463  10.000   3.700    6  NaN  NaN  NaN  33.900  142   0.440   4.900  44.600
2012-08-11T13:42:11.300000Z  46.685  38.410   1.780   4.000   18  NaN  NaN  NaN  32.900   80   0.340   1.300   5.700
2012-08-11T14:14:54.990000Z  46.360  38.320  10.000   2.800    7  NaN  NaN  NaN  20.700  143   3.720   1.800   9.600
2012-08-11T14:25:15.560000Z  46.665  38.425   5.310   4.300   12  NaN  NaN  NaN  35.000  109   0.410   1.800   4.900
2012-08-11T14:55:57.110000Z  46.751  38.441  10.560   3.100    9  NaN  NaN  NaN  28.800  190   0.410   2.600   9.900
2012-08-11T15:21:14.560000Z  46.800  38.426   1.810   4.700   20  NaN  NaN  NaN  24.300  110   0.530   2.000   6.700
2012-08-11T16:00:50.410000Z  46.769  38.397  11.110   4.000   20  NaN  NaN  NaN  25.400   79   0.370   1.400   1.800
2012-08-11T16:15:04.110000Z  46.672  38.418  14.300   2.700   10  NaN  NaN  NaN  34.200  178   0.260   1.400   4.600
2012-08-11T16:21:53.290000Z  46.660  38.405  10.340   4.100    9  NaN  NaN  NaN  34.800  126   0.250   1.700   3.100
2012-08-11T16:34:32.700000Z  46.664  38.429   9.830   3.300   11  NaN  NaN  NaN  35.200  128   0.200   1.000   2.200
2012-08-11T17:37:58.510000Z  46.858  38.395  18.900   2.100    9  NaN  NaN  NaN  18.300  189   0.290   2.100   1.600
2012-08-11T17:45:43.910000Z  46.817  38.414  15.830   2.500   10  NaN  NaN  NaN  22.400  190   0.440   2.800   4.000
2012-08-11T17:49:25.290000Z  46.825  38.433  16.550   2.600   12  NaN  NaN  NaN  22.900  196   0.220   1.400   1.000
2012-08-11T17:58:33.100000Z  46.802  38.367  13.120   4.100   10  NaN  NaN  NaN  21.700  105   0.380   2.000   3.500
2012-08-11T18:13:03.170000Z  46.648  38.412  11.540   3.000    9  NaN  NaN  NaN  36.000  126   0.330   2.200   4.000
2012-08-11T18:21:44.660000Z  46.695  38.428  17.910   2.600   10  NaN  NaN  NaN  32.700  182   0.250   1.500   1.500
2012-08-11T19:12:04.800000Z  46.806  38.441  19.670   2.900   14  NaN  NaN  NaN  24.700  196   0.460   2.200   1.700
2012-08-11T19:29:29.770000Z  46.752  38.430  19.140   2.600    9  NaN  NaN  NaN  28.200  187   0.280   2.600   2.300
2012-08-11T19:30:45.440000Z  46.902  38.422  17.810   2.700   11  NaN  NaN  NaN  16.800  206   0.330   2.000   2.200
2012-08-11T19:40:17.540000Z  46.794  38.428  15.890   2.600   11  NaN  NaN  NaN  24.900  191   0.360   2.000   2.500
2012-08-11T20:10:30.070000Z  46.753  38.437  13.920   3.400    9  NaN  NaN  NaN  28.500  128   0.200   1.500   1.700
2012-08-11T20:29:18.060000Z  46.899  38.382  13.910   2.600    6  NaN  NaN  NaN  14.400  190   0.200   4.600   5.900
2012-08-11T20:37:27.660000Z  46.780  38.462  16.930   2.300    6  NaN  NaN  NaN  27.900  198   0.240   5.100   2.900
2012-08-11T20:45:46.030000Z  46.709  38.432  17.240   2.900   13  NaN  NaN  NaN  31.700  184   0.680   2.900   3.100
2012-08-11T21:13:21.180000Z  46.673  38.431  11.870   2.400    7  NaN  NaN  NaN  34.600  181   0.260   3.300  10.100
2012-08-11T21:18:35.190000Z  46.706  38.447  15.190   2.600   12  NaN  NaN  NaN  32.700  187   0.410   2.000   2.600
2012-08-11T21:21:14.030000Z  46.804  38.443  17.880   2.700   12  NaN  NaN  NaN  25.000  196   0.350   2.200   1.400
2012-08-11T21:33:50.780000Z  46.846  38.447  16.580   3.100   14  NaN  NaN  NaN  22.300  204   0.470   2.300   1.900
2012-08-11T22:04:32.240000Z  46.690  38.408  14.740   3.700   10  NaN  NaN  NaN  32.300  126   0.310   2.100   2.900
2012-08-11T22:12:46.660000Z  46.743  38.439  14.710   3.300   12  NaN  NaN  NaN  29.400  128   0.480   2.700   3.000
2012-08-11T23:40:52.600000Z  46.784  38.488  14.930   2.200    6  NaN  NaN  NaN  29.400  205   0.240   4.700   8.600
2012-08-11T23:58:13.490000Z  46.697  38.462  10.820   3.400   10  NaN  NaN  NaN  34.100  130   0.150   0.900   1.600
2012-08-12T00:10:52.520000Z  46.697  38.401  14.520   2.500    5  NaN  NaN  NaN  31.600  175   0.190   5.000  11.500
2012-08-12T00:15:22.990000Z  46.754  38.443  14.290   3.100   11  NaN  NaN  NaN  28.700  128   0.220   1.200   1.600
2012-08-12T00:34:16.520000Z  46.751  38.433  14.340   3.800   10  NaN  NaN  NaN  28.400  128   0.280   1.900   2.100
2012-08-12T00:41:26.300000Z  46.748  38.504  14.880   2.700    6  NaN  NaN  NaN  32.900  204   0.280   5.100  10.700
2012-08-12T01:35:50.220000Z  46.748  38.459  11.980   2.200    6  NaN  NaN  NaN  30.100  194   0.170   3.200   7.700
2012-08-12T02:24:42.990000Z  46.791  38.424   0.870   3.700   15  NaN  NaN  NaN  24.900  118   0.420   1.800   3.500
2012-08-12T02:32:17.290000Z  46.694  38.399  15.130   1.700    6  NaN  NaN  NaN  31.800  175   0.260   4.800   7.500
2012-08-12T03:27:59.960000Z  46.769  38.500  14.990   2.400    6  NaN  NaN  NaN  31.200  206   0.280   5.300  12.100
2012-08-12T04:10:44.370000Z  46.877  38.424  26.180   2.500    8  NaN  NaN  NaN  18.600  202   0.290   4.600   4.900
2012-08-12T04:35:39.250000Z  46.737  38.489  14.550   2.600    8  NaN  NaN  NaN  32.700  200   0.300   3.500  10.000
2012-08-12T04:40:40.380000Z  46.755  38.433  14.480   2.900    9  NaN  NaN  NaN  28.200  188   0.250   3.000   6.900
2012-08-12T05:13:20.430000Z  46.858  38.466  13.920   2.300    8  NaN  NaN  NaN  23.000  210   0.260   3.000   6.200
2012-08-12T05:17:55.080000Z  46.842  38.320  18.270   2.200    7  NaN  NaN  NaN  17.500  171   0.360   8.000   6.100
2012-08-12T05:37:55.550000Z  46.791  38.427  15.530   2.200    8  NaN  NaN  NaN  25.000  190   0.260   2.700   5.500
2012-08-12T06:03:57.560000Z  46.798  38.468  14.840   2.600    8  NaN  NaN  NaN  27.000  202   0.250   2.900   6.700
2012-08-12T06:17:49.590000Z  46.852  38.447  16.780   2.600    9  NaN  NaN  NaN  21.900  204   0.270   3.100   2.700
2012-08-12T06:29:57.890000Z  46.712  38.396  18.320   1.700    8  NaN  NaN  NaN  30.100  175   0.410   5.800   5.700
2012-08-12T06:40:44.530000Z  46.647  38.393   0.770   4.100   20  NaN  NaN  NaN  35.600   52   0.440   1.500   5.200
2012-08-12T07:22:55.550000Z  46.772  38.449  17.740   3.000   11  NaN  NaN  NaN  27.700  194   0.330   2.400   2.600
2012-08-12T07:26:53.250000Z  46.706  38.459  14.720   2.300   10  NaN  NaN  NaN  33.300  190   0.290   2.100   6.700
2012-08-12T07:29:29.220000Z  46.836  38.411  15.490   2.300    9  NaN  NaN  NaN  20.700  191   0.260   2.700   2.400
2012-08-12T07:33:02.360000Z  46.708  38.457  18.040   2.400   10  NaN  NaN  NaN  33.100  190   0.530   3.700   4.000
2012-08-12T07:36:35.750000Z  46.763  38.446  11.220   2.700   10  NaN  NaN  NaN  28.200  193   0.110   0.800   3.200
2012-08-12T08:01:20.270000Z  46.798  38.418  17.770   2.900   10  NaN  NaN  NaN  24.000  189   0.250   1.900   1.800
2012-08-12T08:03:43.950000Z  46.745  38.431  14.900   2.100    9  NaN  NaN  NaN  28.800  187   0.240   2.100   5.000
2012-08-12T10:15:33.670000Z  46.728  38.442  11.630   3.300   11  NaN  NaN  NaN  30.700  128   0.230   1.200   1.600
2012-08-12T10:29:27.450000Z  46.661  38.407  18.930   2.000    6  NaN  NaN  NaN  34.800  175   0.290   4.000   3.800
2012-08-12T11:21:16.520000Z  46.695  38.421  14.350   2.200    7  NaN  NaN  NaN  32.400  180   0.240   3.200   9.600
2012-08-12T11:51:31.600000Z  46.782  38.402  11.850   3.300   11  NaN  NaN  NaN  24.600  135   0.240   1.200   2.300
2012-08-12T14:19:09.040000Z  46.782  38.432  13.180   3.100   12  NaN  NaN  NaN  26.000  127   0.150   0.800   1.000
2012-08-12T15:15:09.900000Z  46.861  38.444  14.100   2.100    7  NaN  NaN  NaN  21.100  205   0.330   4.300  10.900
2012-08-12T15:59:25.290000Z  46.810  38.453  15.010   2.500   12  NaN  NaN  NaN  13.600  192   0.220   1.600   1.600
2012-08-12T17:18:31.100000Z  46.738  38.431  16.000   2.100   10  NaN  NaN  NaN  10.200  152   0.110   1.100   0.900
2012-08-12T18:44:22.310000Z  46.831  38.410  16.190   2.100   11  NaN  NaN  NaN  17.600  173   0.160   1.300   0.900
2012-08-12T18:46:39.990000Z  46.837  38.421  16.520   2.000   10  NaN  NaN  NaN  17.400  181   0.290   2.400   1.700
2012-08-12T19:28:05.170000Z  46.804  38.406  17.700   1.700   10  NaN  NaN  NaN  16.200  163   0.270   2.000   1.500
2012-08-12T19:29:56.610000Z  46.775  38.427  17.530   2.100    7  NaN  NaN  NaN  26.300  189   0.360   3.500   3.900
2012-08-12T20:04:31.170000Z  46.761  38.506  16.420   1.800    9  NaN  NaN  NaN   8.100  206   0.290   4.000   1.700
2012-08-12T20:09:35.700000Z  46.872  38.408  15.140   2.200   10  NaN  NaN  NaN  17.900  183   0.150   1.200   1.000
2012-08-12T20:11:02.250000Z  46.670  38.420  11.270   1.900   10  NaN  NaN  NaN   9.300  136   0.440   3.000   4.300
2012-08-12T21:26:31.760000Z  46.670  38.392  10.000   2.200    6  NaN  NaN  NaN  12.400  145   0.260   4.500   7.900
2012-08-12T21:33:17.680000Z  46.799  38.446  11.630   3.100   10  NaN  NaN  NaN  25.600  128   0.240   1.500   1.700
2012-08-12T22:01:15.890000Z  46.707  38.441  14.800   2.400   10  NaN  NaN  NaN   7.700  141   0.260   2.100   2.100
2012-08-12T22:05:42.860000Z  46.800  38.415  16.740   2.200   10  NaN  NaN  NaN  15.200  166   0.100   0.800   0.600
2012-08-12T22:45:49.110000Z  46.717  38.432  15.860   1.900   11  NaN  NaN  NaN   9.100  142   0.280   2.400   2.100
2012-08-12T22:57:07.770000Z  46.902  38.487  16.690   2.800   12  NaN  NaN  NaN  20.500  223   0.300   2.100   1.700
2012-08-12T23:02:03.910000Z  46.835  38.407  19.290   2.700   13  NaN  NaN  NaN  18.100  172   0.260   1.500   1.300
2012-08-12T23:16:12.970000Z  46.681  38.398  12.900   1.800    9  NaN  NaN  NaN  11.800  143   0.360   2.500   4.300
2012-08-12T23:58:41.600000Z  46.894  38.462  15.550   1.900   12  NaN  NaN  NaN  20.300  211   0.270   2.400   1.200
2012-08-13T00:07:53.950000Z  46.672  38.418  19.060   2.400    6  NaN  NaN  NaN  34.200  178   0.160   2.300   1.900
2012-08-13T00:18:02.690000Z  46.888  38.442  10.840   3.200   15  NaN  NaN  NaN  19.300  127   0.330   1.200   2.000
2012-08-13T00:22:08.650000Z  46.683  38.437  12.570   3.200   10  NaN  NaN  NaN  34.100  128   0.330   2.300   2.700
2012-08-13T01:02:22.890000Z  46.799  38.432  17.740   1.500    9  NaN  NaN  NaN  14.000  176   0.090   1.400   0.600
2012-08-13T01:29:26.550000Z  46.794  38.473   9.330   2.400    8  NaN  NaN  NaN  27.700  203   0.410   3.400   9.800
2012-08-13T01:38:46.850000Z  46.840  38.452  15.020   1.500   10  NaN  NaN  NaN  16.100  199   0.300   2.900   3.000
2012-08-13T01:56:10.250000Z  46.689  38.439   8.080   4.700   14  NaN  NaN  NaN  33.700  110   0.440   2.000   3.200
2012-08-13T03:58:28.950000Z  46.871  38.460   8.730   2.900    7  NaN  NaN  NaN  21.700  211   0.260   4.700  15.300
2012-08-13T04:15:52.780000Z  46.672  38.430   8.640   3.700   10  NaN  NaN  NaN  34.700  128   0.360   2.100   3.800
2012-08-13T05:22:28.860000Z  46.671  38.404  19.630   2.600    6  NaN  NaN  NaN  33.800  174   0.250   3.600   4.400
2012-08-13T06:58:22.330000Z  46.671  38.443  11.390   3.200   10  NaN  NaN  NaN  35.300  129   0.190   1.100   2.000
2012-08-13T07:28:30.560000Z  46.780  38.399  13.730   3.200   13  NaN  NaN  NaN  24.600  125   0.090   0.500   0.600
2012-08-13T07:50:54.050000Z  46.651  38.407   0.500   2.200    6  NaN  NaN  NaN  35.600  174   0.320   3.800  13.400
2012-08-13T08:16:49.990000Z  46.885  38.426  10.440   4.000   23  NaN  NaN  NaN  18.200   83   0.530   1.900   2.300
2012-08-13T10:28:13.490000Z  46.692  38.411  16.950   1.900    6  NaN  NaN  NaN  32.300  178   0.140   2.300   2.500
2012-08-13T10:29:30.900000Z  46.642  38.409   0.650   2.200    6  NaN  NaN  NaN  36.300  174   0.260   3.300 412.400
2012-08-13T10:45:44.450000Z  46.604  38.448  14.500   4.200   13  NaN  NaN  NaN  40.900  111   0.410   1.900   2.600
2012-08-13T11:47:52.210000Z  46.868  38.459   3.830   1.800    5  NaN  NaN  NaN  21.800  210   0.220   5.600  10.400
2012-08-13T12:07:37.330000Z  46.582  38.442   3.710   2.100    7  NaN  NaN  NaN  42.500  177   0.240   2.700   7.100
2012-08-13T12:45:58.350000Z  46.721  38.437  11.420   3.900   14  NaN  NaN  NaN  31.000  110   0.410   1.700   3.000
2012-08-13T12:53:47.300000Z  46.710  38.434   9.600   3.200   11  NaN  NaN  NaN  31.800  128   0.210   1.000   2.300
2012-08-13T13:31:40.140000Z  46.856  38.420  16.420   1.500    7  NaN  NaN  NaN  19.800  197   0.400   5.300   4.500
2012-08-13T13:57:03.070000Z  46.704  38.441  14.460   1.800    7  NaN  NaN  NaN  32.600  186   0.270   3.200  11.500
2012-08-13T14:02:42.930000Z  46.699  38.333  14.720   1.500    7  NaN  NaN  NaN  30.000  157   0.360   4.300  10.500
2012-08-13T15:06:34.190000Z  46.687  38.406  14.430   2.700    7  NaN  NaN  NaN  32.500  176   0.240   3.500  11.100
2012-08-13T15:32:15.770000Z  46.782  38.426  14.260   2.200    9  NaN  NaN  NaN  25.700  189   0.240   2.100   3.500
2012-08-13T16:14:40.630000Z  46.671  38.496  18.700   2.600    8  NaN  NaN  NaN  38.000  196   0.220   2.000   1.600
2012-08-13T16:31:48.840000Z  46.681  38.410   5.200   1.600    6  NaN  NaN  NaN  33.100  176   0.300   3.500  64.900
2012-08-13T17:08:41.910000Z  46.661  38.407  10.500   2.800    7  NaN  NaN  NaN  34.700  174   0.250   3.000  17.400
2012-08-13T18:31:10.950000Z  46.779  38.409   6.720   1.900    7  NaN  NaN  NaN  25.100  184   0.280   3.500  28.900
2012-08-13T18:40:05.600000Z  46.655  38.421  14.540   3.400   13  NaN  NaN  NaN  35.700  127   0.240   1.200   1.700
2012-08-13T19:43:22.380000Z  46.645  38.418  14.600   3.300   14  NaN  NaN  NaN  36.400  127   0.210   0.900   1.300
2012-08-13T19:55:52.930000Z  46.726  38.355  19.220   1.800    6  NaN  NaN  NaN  52.200  192   0.390   5.800   7.800
2012-08-13T20:12:42.980000Z  46.872  38.397  10.000   2.800    8  NaN  NaN  NaN  17.300  191   0.290   3.200   8.200
2012-08-13T20:22:37.540000Z  46.978  38.386   3.430   1.500    6  NaN  NaN  NaN   9.500  208   0.310   5.700   4.200
2012-08-13T20:29:51.820000Z  46.769  38.542  11.590   1.800    7  NaN  NaN  NaN  34.500  214   0.320   5.100  11.500
2012-08-13T20:44:57.190000Z  46.807  38.361   3.100   1.600    7  NaN  NaN  NaN  21.100  171   0.260   2.900   8.500
2012-08-13T20:57:07.320000Z  46.679  38.396  14.700   1.500    6  NaN  NaN  NaN  32.900  173   0.260   3.400  10.500
2012-08-13T21:01:39.850000Z  46.694  38.420  14.360   1.800    7  NaN  NaN  NaN  32.500  180   0.320   3.900   9.500
2012-08-13T21:10:31.690000Z  46.750  38.461  11.560   1.600    8  NaN  NaN  NaN  30.000  195   0.270   3.200   7.600
2012-08-13T21:18:46.000000Z  46.768  38.377  14.900   1.200    6  NaN  NaN  NaN  24.900  201   0.370   8.200  11.400
2012-08-13T21:25:25.120000Z  46.801  38.484  14.750   1.800    8  NaN  NaN  NaN  28.000  206   0.380   4.700   4.900
2012-08-13T21:29:06.300000Z  46.800  38.418  14.650   1.300    6  NaN  NaN  NaN  23.900  216   0.410   5.700  12.600
2012-08-13T21:33:29.850000Z  46.673  38.434  14.340   1.700    8  NaN  NaN  NaN  34.700  182   0.300   3.200   8.200
2012-08-13T22:37:04.570000Z  46.672  38.408  14.290   3.300   12  NaN  NaN  NaN  33.900  126   0.250   1.400   1.800
2012-08-13T23:22:37.020000Z  46.742  38.442  10.000   1.500    5  NaN  NaN  NaN  29.600  189   0.240   6.800  38.200
2012-08-13T23:43:33.740000Z  46.852  38.386  10.000   1.500    7  NaN  NaN  NaN  18.200  184   0.270   3.500   9.800
2012-08-14T01:32:41.760000Z  46.674  38.425  11.180   2.200    7  NaN  NaN  NaN  34.200  179   0.150   1.900   9.300
2012-08-14T01:39:59.740000Z  46.708  38.455  10.000   1.400    5  NaN  NaN  NaN  32.900  189   0.310   7.200  46.200
2012-08-14T01:49:20.130000Z  46.677  38.421  14.170   3.000   13  NaN  NaN  NaN  33.900  127   0.250   1.100   1.700
2012-08-14T02:00:50.730000Z  46.674  38.431   1.770   2.000    6  NaN  NaN  NaN  34.500  181   0.310   4.100 425.900
2012-08-14T03:46:54.420000Z  46.807  38.444  17.070   2.300   12  NaN  NaN  NaN  13.900  186   0.190   1.200   0.600
2012-08-14T04:08:42.910000Z  46.664  38.508  11.560   2.100    6  NaN  NaN  NaN  39.200  197   0.390   5.700  15.000
2012-08-14T04:52:17.860000Z  46.648  38.440  17.170   2.300    8  NaN  NaN  NaN  37.000  181   0.270   2.000   3.200
2012-08-14T05:28:13.350000Z  46.792  38.438  13.370   2.100   14  NaN  NaN  NaN  25.500  128   0.280   1.300   1.900
2012-08-14T06:58:45.510000Z  46.651  38.399  14.320   3.400    6  NaN  NaN  NaN  35.400  172   0.210   3.200  10.800
2012-08-14T08:11:48.970000Z  46.659  38.390  14.850   1.800    6  NaN  NaN  NaN  34.500  170   0.210   3.300  10.700
2012-08-14T10:28:44.320000Z  46.702  38.419  10.660   2.100   23  NaN  NaN  NaN  31.800   49   0.300   1.000   1.500
2012-08-14T10:50:25.110000Z  46.776  38.464  10.000   3.600    6  NaN  NaN  NaN  28.400  199   0.350   5.300  17.100
2012-08-14T11:17:14.090000Z  46.659  38.391  10.000   2.100    4  NaN  NaN  NaN  34.500  201   0.310     NaN     NaN
2012-08-14T11:44:11.850000Z  46.684  38.439   6.370   1.700    7  NaN  NaN  NaN  34.000  184   0.310   3.600  52.400
2012-08-14T12:42:55.290000Z  46.671  38.425  18.640   1.800    7  NaN  NaN  NaN  34.600  179   0.130   1.500   1.400
2012-08-14T13:31:03.540000Z  46.688  38.423  14.760   2.200    7  NaN  NaN  NaN  33.100  180   0.300   3.500  13.000
2012-08-14T14:02:26.060000Z  46.781  38.453  14.990   2.200   21  NaN  NaN  NaN  27.300   46   0.340   1.400   1.800
2012-08-14T15:48:20.560000Z  46.643  38.423   8.320   5.200   13  NaN  NaN  NaN  36.800  127   0.260   1.100   3.000
2012-08-14T16:07:08.580000Z  46.855  38.398  14.600   3.800    7  NaN  NaN  NaN  18.600  189   0.290   2.800   4.600
2012-08-14T16:30:46.190000Z  46.780  38.410  14.480   1.900    9  NaN  NaN  NaN  25.000  184   0.380   2.400  10.200
2012-08-14T16:36:25.030000Z  46.695  38.421  10.370   2.000   14  NaN  NaN  NaN  32.400  127   0.350   1.300   3.300
2012-08-14T17:05:18.010000Z  46.663  38.425  14.880   3.300    7  NaN  NaN  NaN  35.200  179   0.290   3.100  10.600
2012-08-14T17:09:10.170000Z  46.693  38.421  11.220   1.700   14  NaN  NaN  NaN  32.500  127   0.300   1.200   2.700
2012-08-14T17:16:25.790000Z  46.786  38.428   0.800   3.100    7  NaN  NaN  NaN  59.600  203   0.150   2.000   4.800
2012-08-14T18:53:41.030000Z  46.662  38.412  14.720   2.000    8  NaN  NaN  NaN  34.800  176   0.480   4.000   9.900
2012-08-14T20:20:33.520000Z  46.658  38.414   9.800   2.000   12  NaN  NaN  NaN  35.200  126   0.240   1.100   3.400
2012-08-14T21:29:04.570000Z  46.874  38.430  14.200   3.000    6  NaN  NaN  NaN  19.200  203   0.260   4.400   7.600
2012-08-14T21:32:40.220000Z  46.790  38.416  16.280   1.300    6  NaN  NaN  NaN  24.500  187   0.320   4.800   4.200
2012-08-14T22:10:17.470000Z  46.678  38.422  14.540   1.500    6  NaN  NaN  NaN  33.800  179   0.260   4.000  14.100
2012-08-14T22:41:54.500000Z  46.700  38.386  14.780   2.000    6  NaN  NaN  NaN  30.800  172   0.240   3.600  12.000
2012-08-14T23:07:42.700000Z  46.748  38.396   0.460   1.700    5  NaN  NaN  NaN  27.100  177   0.290   6.700  11.200
2012-08-14T23:33:30.980000Z  46.766  38.399  18.960   1.300    6  NaN  NaN  NaN  25.700  180   0.260   3.900   3.000
2012-08-14T23:42:05.500000Z  46.698  38.377  14.560   1.700    6  NaN  NaN  NaN  30.800  169   0.250   3.500  11.900
2012-08-15T00:42:47.250000Z  46.704  38.388  14.920   1.700    5  NaN  NaN  NaN  30.600  202   0.210   5.700  20.800
2012-08-15T01:35:40.080000Z  46.681  38.429  19.450   1.000    7  NaN  NaN  NaN  33.900  181   0.350   4.600   2.900
2012-08-15T01:43:13.280000Z  46.691  38.393  14.340   1.600    7  NaN  NaN  NaN  31.800  173   0.260   2.800   8.600
2012-08-15T03:03:30.800000Z  46.616  38.502  14.610   1.600    6  NaN  NaN  NaN  42.500  192   0.200   4.900  16.700
2012-08-15T03:41:30.790000Z  46.791  38.439  11.780   1.800   13  NaN  NaN  NaN  25.700  128   0.280   1.200   1.900
2012-08-15T04:29:39.760000Z  46.814  38.409  14.120   3.400   13  NaN  NaN  NaN  22.300  125   0.450   2.400   2.400
2012-08-15T05:26:26.570000Z  46.777  38.438  17.590   3.100    8  NaN  NaN  NaN  26.700  192   0.260   2.700   2.300
2012-08-15T05:39:51.240000Z  46.680  38.448  11.560   2.400    8  NaN  NaN  NaN  34.700  185   0.390   3.200  21.700
2012-08-15T07:12:14.310000Z  46.648  38.415  11.420   2.300    7  NaN  NaN  NaN  36.100  175   0.280   3.200  12.400
2012-08-15T08:39:21.510000Z  46.875  38.433  11.570   2.600   10  NaN  NaN  NaN  19.400  204   0.310   2.400   4.600
2012-08-15T09:03:48.140000Z  46.691  38.433  18.140   3.100    8  NaN  NaN  NaN  33.200  183   0.400   4.200   3.300
2012-08-15T09:37:46.830000Z  46.689  38.370  11.350   2.600    6  NaN  NaN  NaN  31.400  167   0.340   4.900  21.300
2012-08-15T11:27:05.810000Z  46.770  38.356  14.280   1.800    6  NaN  NaN  NaN  24.200  167   0.280   4.700  10.300
2012-08-15T11:39:29.690000Z  46.695  38.368  14.680   2.500    6  NaN  NaN  NaN  30.800  167   0.220   3.900   6.500
2012-08-15T13:52:42.280000Z  46.667  38.440  14.710   2.200    7  NaN  NaN  NaN  35.500  183   0.270   3.200  12.500
2012-08-15T13:58:28.160000Z  46.803  38.460  14.480   2.100    7  NaN  NaN  NaN  26.200  201   0.220   3.300   4.200
2012-08-15T16:01:21.720000Z  46.702  38.388  14.640   2.000    6  NaN  NaN  NaN  30.700  172   0.250   4.000  11.900
2012-08-15T17:49:04.950000Z  46.663  38.412  10.120   2.200   20  NaN  NaN  NaN  34.700   50   0.300   1.200   1.700
2012-08-15T18:00:01.430000Z  46.644  38.425  11.000   5.000   11  NaN  NaN  NaN  36.800  127   0.280   1.500   2.900
2012-08-15T18:16:27.470000Z  46.699  38.452  14.990   3.300    7  NaN  NaN  NaN  33.500  188   0.350   4.600   9.500
2012-08-15T18:38:43.830000Z  46.662  38.412  16.410   2.100    7  NaN  NaN  NaN  34.800  176   0.210   2.400   2.700
2012-08-15T19:23:57.810000Z  46.667  38.416  12.100   2.200    8  NaN  NaN  NaN  34.500  177   0.200   1.300   7.300
2012-08-15T20:27:44.670000Z  46.671  38.416  10.000   1.800    6  NaN  NaN  NaN  34.200  177   0.270   2.800  24.400
2012-08-15T21:26:47.470000Z  46.663  38.398  18.600   2.000    7  NaN  NaN  NaN  34.200  172   0.230   2.700   2.200
2012-08-15T23:01:19.290000Z  46.659  38.390  14.900   2.200    6  NaN  NaN  NaN  34.400  201   0.270   4.400   8.400
2012-08-16T00:15:16.650000Z  46.644  38.424   9.850   1.700   12  NaN  NaN  NaN  36.700  127   0.140   0.600   1.500
2012-08-16T00:32:52.050000Z  46.651  38.425  14.510   3.300    7  NaN  NaN  NaN  36.200  178   0.240   2.900   7.400
2012-08-16T01:31:21.020000Z  46.749  38.426  18.430   1.700    8  NaN  NaN  NaN  28.300  186   0.260   2.900   2.400
2012-08-16T02:26:38.480000Z  46.839  38.379   6.340   1.900    5  NaN  NaN  NaN  19.000  180   0.320   7.800  47.800
2012-08-16T03:01:38.740000Z  46.739  38.463  19.110   1.700    8  NaN  NaN  NaN  31.000  194   0.280   3.000   2.400
2012-08-16T03:10:48.190000Z  46.805  38.372  16.620   2.200    7  NaN  NaN  NaN  21.600  175   0.170   2.000   1.800
2012-08-16T05:33:55.960000Z  46.676  38.446  14.840   2.400    8  NaN  NaN  NaN  35.000  185   0.400   4.300  17.100
2012-08-16T05:39:30.970000Z  46.704  38.412  19.250   2.300    6  NaN  NaN  NaN  31.300  178   0.510   5.900   5.300
2012-08-16T06:33:56.590000Z  46.778  38.459   3.740   1.600    5  NaN  NaN  NaN  27.900  197   0.380   8.400  20.200
2012-08-16T08:56:53.750000Z  46.704  38.436   3.700   2.000    5  NaN  NaN  NaN  32.300  185   0.170   5.500  12.800
2012-08-16T09:27:46.940000Z  46.713  38.430  17.020   1.800   10  NaN  NaN  NaN  31.300  184   0.300   2.100   1.700
2012-08-16T11:28:36.920000Z  46.701  38.432   5.700   3.100    6  NaN  NaN  NaN  32.400  183   0.300   4.700  87.100
2012-08-16T13:20:15.150000Z  46.700  38.419   5.930   1.900    5  NaN  NaN  NaN  31.900  180   0.230   5.200 104.900
2012-08-16T13:56:30.060000Z  46.702  38.417  14.530   1.300    7  NaN  NaN  NaN  31.700  180   0.090   1.100   3.900
2012-08-16T15:15:35.180000Z  46.727  38.454  14.320   2.000   14  NaN  NaN  NaN  31.300  129   0.240   1.000   1.600
2012-08-16T15:31:10.400000Z  46.690  38.363   3.080   3.800    5  NaN  NaN  NaN  31.200  165   0.320   4.800 673.500
2012-08-16T17:11:47.820000Z  46.742  38.458  19.430   1.500    7  NaN  NaN  NaN  30.400  193   0.260   3.300   2.600
2012-08-16T17:14:13.570000Z  46.727  38.419  14.910   1.700   22  NaN  NaN  NaN  29.700   49   0.520   2.300   2.800
2012-08-16T17:19:40.880000Z  46.695  38.439  15.800   4.600   13  NaN  NaN  NaN  33.200  128   0.390   1.900   2.200
2012-08-16T17:34:59.520000Z  46.729  38.438  15.340   2.900   14  NaN  NaN  NaN   9.100  152   0.270   1.500   1.700
2012-08-16T20:27:17.340000Z  46.919  38.442  13.430   2.600    8  NaN  NaN  NaN  17.400  211   0.380   4.200   7.800
2012-08-16T21:50:59.660000Z  46.735  38.441  10.000   2.300    5  NaN  NaN  NaN  30.100  189   0.270   7.400  43.000
2012-08-16T23:15:00.180000Z  46.641  38.394   5.320   1.400    7  NaN  NaN  NaN  36.000  170   0.300   2.700  61.800
2012-08-16T23:59:14.320000Z  46.633  38.407   5.680   0.800    6  NaN  NaN  NaN  37.100  173   0.250   2.900  52.900
2012-08-17T00:31:17.000000Z  46.845  38.505   5.200   1.200    8  NaN  NaN  NaN  27.000  213   0.350   4.200  38.500
2012-08-17T02:13:52.670000Z  46.807  38.430  18.000   1.700    7  NaN  NaN  NaN  24.000  193   0.260   2.600   2.100
2012-08-17T03:19:24.170000Z  46.780  38.414  15.890   1.600    6  NaN  NaN  NaN  25.300  213   0.250   5.200   9.500
2012-08-17T03:34:20.250000Z  46.685  38.451  14.360   1.900   10  NaN  NaN  NaN  34.500  187   0.250   1.700   5.800
2012-08-17T04:48:15.480000Z  46.685  38.417  10.150   2.900   25  NaN  NaN  NaN  33.100   50   0.440   1.300   2.400
2012-08-17T04:52:29.580000Z  46.758  38.430  14.320   3.800   13  NaN  NaN  NaN  27.800  127   0.310   1.500   1.900
2012-08-17T05:28:37.500000Z  46.842  38.400  11.620   3.000    8  NaN  NaN  NaN  19.700  188   0.220   2.200   5.300
2012-08-17T05:35:06.300000Z  46.792  38.419  14.980   2.100    6  NaN  NaN  NaN  24.600  188   0.280   5.400  10.700
2012-08-17T08:09:50.920000Z  46.877  38.416   9.940   1.600   14  NaN  NaN  NaN  18.000  125   0.270   1.100   1.800
2012-08-17T08:19:48.070000Z  46.819  38.444  17.390   3.500    7  NaN  NaN  NaN  24.000  199   0.260   3.000   4.000
2012-08-17T09:18:00.090000Z  46.641  38.429  14.340   1.700   25  NaN  NaN  NaN  37.200   50   0.550   1.900   2.700
2012-08-17T10:36:48.490000Z  46.676  38.431  18.660   3.800    6  NaN  NaN  NaN  34.300  181   0.290   4.200   3.700
2012-08-17T11:19:12.120000Z  46.682  38.426  14.700   1.600    7  NaN  NaN  NaN  33.700  180   0.290   3.000  16.900
2012-08-17T12:09:50.460000Z  46.650  38.425  17.380   2.000   12  NaN  NaN  NaN  36.200  178   0.210   1.000   1.400
2012-08-17T13:04:44.230000Z  46.852  38.428  17.330   3.100    7  NaN  NaN  NaN  20.600  199   0.290   4.000   4.500
2012-08-17T13:24:24.200000Z  46.570  38.468  11.730   1.500    7  NaN  NaN  NaN  44.400  182   0.240   2.200  14.500
2012-08-17T14:34:36.550000Z  46.661  38.435  10.350   2.000    6  NaN  NaN  NaN  49.900  197   0.270   5.400  56.600
2012-08-17T14:37:38.520000Z  46.650  38.442  14.730   2.000    9  NaN  NaN  NaN  36.900  182   0.280   2.400   2.400
2012-08-17T15:04:08.450000Z  46.799  38.454  17.660   2.200    7  NaN  NaN  NaN  26.000  199   0.410   4.800   6.000
2012-08-17T16:13:15.100000Z  46.781  38.448   6.850   1.400    7  NaN  NaN  NaN  27.000  195   0.260   2.600  34.700
2012-08-17T16:58:47.540000Z  46.649  38.377  15.190   1.500    7  NaN  NaN  NaN  35.000  167   0.280   3.200   8.300
2012-08-17T17:57:46.790000Z  46.924  38.361   1.410   1.600    7  NaN  NaN  NaN  11.400  185   0.310   3.200   4.500
2012-08-17T18:49:55.730000Z  46.983  38.374   5.380   1.500   10  NaN  NaN  NaN   8.100  207   0.440   2.900   9.300
2012-08-17T19:34:08.780000Z  46.611  38.460  14.350   2.600   14  NaN  NaN  NaN  40.800  130   0.260   1.200   2.100
2012-08-17T20:05:00.170000Z  46.655  38.430  15.410   3.100    8  NaN  NaN  NaN  36.000  179   0.320   2.400   4.300
2012-08-17T20:15:34.120000Z  46.678  38.449  10.120   1.800   12  NaN  NaN  NaN  35.000  129   0.150   0.700   1.600
2012-08-17T21:36:15.820000Z  46.714  38.405  19.110   3.400    7  NaN  NaN  NaN  30.300  177   0.470   6.300   6.400
2012-08-17T23:14:09.280000Z  46.681  38.434  12.330   1.100   13  NaN  NaN  NaN  34.100  128   0.140   0.600   1.300
2012-08-18T01:48:25.450000Z  46.688  38.439  14.400   3.000   13  NaN  NaN  NaN  33.700  128   0.530   2.400   3.400
2012-08-18T02:06:29.020000Z  46.733  38.380  14.770   3.000    6  NaN  NaN  NaN  27.900  172   0.180   2.000   6.300
2012-08-18T02:21:31.390000Z  46.702  38.422  14.570   2.300    6  NaN  NaN  NaN  31.800  181   0.330   5.600  15.500
2012-08-18T03:26:47.140000Z  46.825  38.441  17.680   1.700    9  NaN  NaN  NaN  23.400  199   0.320   3.300   2.300
2012-08-18T04:44:40.160000Z  46.815  38.415  16.880   2.700    8  NaN  NaN  NaN  22.600  190   0.390   4.000   2.900
2012-08-18T05:38:00.720000Z  46.928  38.531  14.880   2.300    8  NaN  NaN  NaN  25.700  220   0.490   5.400   4.300
2012-08-18T06:02:57.730000Z  46.948  38.434  13.490   2.300    7  NaN  NaN  NaN  15.300  211   0.290   4.200   3.600
2012-08-18T08:46:28.190000Z  46.656  38.462  14.460   1.900    6  NaN  NaN  NaN  37.300  187   0.240   3.000  18.700
2012-08-18T08:59:07.780000Z  46.709  38.418  14.520   2.100    8  NaN  NaN  NaN  31.200  180   0.300   3.300   7.500
2012-08-18T11:21:29.080000Z  46.661  38.419  11.420   2.400   13  NaN  NaN  NaN  35.200  127   0.300   1.200   3.800
2012-08-18T14:33:47.360000Z  46.842  38.430  18.030   2.900    9  NaN  NaN  NaN  21.400  198   0.290   3.600   1.500
2012-08-18T15:56:05.730000Z  46.874  38.417  10.370   1.700   12  NaN  NaN  NaN  18.300  125   0.300   1.400   2.200
2012-08-18T18:15:48.950000Z  46.954  38.481   4.080   3.300   12  NaN  NaN  NaN  19.700  216   0.410   2.900 496.300
2012-08-18T19:10:11.510000Z  46.650  38.447  14.940   1.900    7  NaN  NaN  NaN  37.100  183   0.280   2.600   5.100
2012-08-18T19:30:33.800000Z  46.857  38.453  14.410   1.700    7  NaN  NaN  NaN  22.100  207   0.370   5.500  10.800
2012-08-18T19:39:46.290000Z  46.661  38.410   0.360   1.900    6  NaN  NaN  NaN  34.800  175   0.130   1.600   6.300
2012-08-18T20:31:54.280000Z  46.766  38.506  13.000   1.600   14  NaN  NaN  NaN   8.600  207   0.610   3.400   3.200
2012-08-18T20:41:51.270000Z  46.706  38.446  12.470   2.400   13  NaN  NaN  NaN   7.200  143   0.260   1.200   1.600
2012-08-18T21:08:39.820000Z  46.659  38.422  10.100   2.100   11  NaN  NaN  NaN  35.400  127   0.260   1.300   2.700
2012-08-18T21:09:40.730000Z  46.653  38.452  11.080   3.100   10  NaN  NaN  NaN  37.100  129   0.300   2.000   4.700
2012-08-18T21:20:44.200000Z  46.777  38.435  17.290   3.200   12  NaN  NaN  NaN  12.200  170   0.190   1.200   0.700
2012-08-18T21:29:15.410000Z  46.645  38.434  15.370   1.900   13  NaN  NaN  NaN   8.000   96   0.340   2.000   2.100
2012-08-18T21:41:10.260000Z  46.670  38.422  12.990   2.500   12  NaN  NaN  NaN   9.100  118   0.680   3.900   5.600
2012-08-18T22:11:09.950000Z  46.654  38.415  14.840   1.600   10  NaN  NaN  NaN   9.900  119   0.270   1.800   2.200
2012-08-18T22:52:25.260000Z  46.691  38.444  16.500   1.800    9  NaN  NaN  NaN   6.900  131   0.220   2.500   2.000
2012-08-18T23:14:43.600000Z  46.858  38.419  14.240   1.400   10  NaN  NaN  NaN  19.100  185   0.270   2.900   2.500
2012-08-18T23:47:22.950000Z  46.680  38.450  16.140   1.200   11  NaN  NaN  NaN   6.100  125   0.190   1.600   1.300
2012-08-18T23:54:42.370000Z  46.818  38.437  15.230   1.700   12  NaN  NaN  NaN  15.000  184   0.120   0.900   0.900
2012-08-19T00:04:53.510000Z  46.651  38.426  14.780   2.000   12  NaN  NaN  NaN   8.800  117   0.210   1.200   1.400
2012-08-19T00:37:06.910000Z  46.703  38.440  11.790   1.500   11  NaN  NaN  NaN  32.600  128   0.260   1.500   1.900
2012-08-19T00:55:17.090000Z  46.698  38.506  18.210   3.100   10  NaN  NaN  NaN   2.600  200   0.350   4.300   1.400
2012-08-19T01:12:37.620000Z  46.688  38.442  15.660   1.800   13  NaN  NaN  NaN   7.100  128   0.360   2.600   2.100
2012-08-19T01:29:34.100000Z  46.659  38.426  15.640   2.000   14  NaN  NaN  NaN   8.700  105   0.280   1.200   1.500
2012-08-19T01:58:30.760000Z  46.645  38.394   4.300   2.100   14  NaN  NaN  NaN  35.700  107   0.470   2.000   3.600
2012-08-19T02:23:11.780000Z  46.647  38.415  15.260   4.300   13  NaN  NaN  NaN  10.100   97   0.240   1.300   1.500
2012-08-19T02:26:29.850000Z  46.670  38.425  15.910   2.200   12  NaN  NaN  NaN   8.700  111   0.440   2.400   2.600
2012-08-19T03:29:48.340000Z  46.645  38.417  13.350   1.700    9  NaN  NaN  NaN   9.800  137   0.310   2.100   3.000
2012-08-19T03:47:58.770000Z  46.837  38.477  13.900   1.800   12  NaN  NaN  NaN  15.000  210   0.350   2.600   2.500
2012-08-19T04:39:27.850000Z  46.766  38.424  19.670   1.900    7  NaN  NaN  NaN  26.900  187   0.210   2.900   2.400
2012-08-19T05:10:15.720000Z  46.779  38.462  17.850   2.000    8  NaN  NaN  NaN  28.000  198   0.340   4.000   2.600
2012-08-19T08:18:27.690000Z  46.655  38.450   7.230   2.700    7  NaN  NaN  NaN  36.800  184   0.380   4.100  49.300
2012-08-19T08:25:19.790000Z  46.665  38.447   5.290   2.400    6  NaN  NaN  NaN  35.900  184   0.390   5.800 117.200
2012-08-19T10:51:59.690000Z  46.808  38.428   6.640   2.000    7  NaN  NaN  NaN  23.800  193   0.270   3.400  25.200
2012-08-19T13:41:51.010000Z  46.660  38.456  14.730   2.500    8  NaN  NaN  NaN  36.800  186   0.300   2.900   3.600
2012-08-19T14:40:59.320000Z  46.764  38.435  14.680   2.000    7  NaN  NaN  NaN  27.500  190   0.260   3.600   6.100
2012-08-19T15:32:28.740000Z  46.820  38.367  14.330   2.100    6  NaN  NaN  NaN  20.200  174   0.140   2.500   4.300
2012-08-19T22:30:29.020000Z  46.633  38.431  14.660   2.200    8  NaN  NaN  NaN  37.800  178   0.210   1.600   2.300
2012-08-19T23:27:02.000000Z  46.649  38.422  14.530   1.500    7  NaN  NaN  NaN  36.300  177   0.230   2.700   7.000
2012-08-20T01:04:22.400000Z  46.673  38.489  16.740   1.700    6  NaN  NaN  NaN  37.400  194   0.280   5.300   4.200
2012-08-20T01:24:12.510000Z  46.710  38.440  14.300   2.000    5  NaN  NaN  NaN  32.000  186   0.280   6.400  22.000
2012-08-20T01:45:10.220000Z  46.674  38.431   0.640   1.500    6  NaN  NaN  NaN  34.600  181   0.420   6.000 725.300
2012-08-20T02:04:58.380000Z  46.690  38.402  14.480   1.300    6  NaN  NaN  NaN  32.100  175   0.400   5.600  19.700
2012-08-20T04:09:59.560000Z  46.683  38.440  18.140   1.900    9  NaN  NaN  NaN  34.200  184   0.270   2.100   2.000
2012-08-20T06:06:15.550000Z  46.403  38.320  10.000   2.700    8  NaN  NaN  NaN  24.100  145   3.210   2.900  19.100
2012-08-20T06:59:31.240000Z  46.778  38.406  14.450   2.100    6  NaN  NaN  NaN  25.100  183   0.320   4.500   9.200
2012-08-20T10:06:32.260000Z  46.847  38.428  12.180   1.700    7  NaN  NaN  NaN  21.000  198   0.360   4.200   7.800
2012-08-20T12:21:03.330000Z  46.729  38.460  18.840   2.000    7  NaN  NaN  NaN  31.600  193   0.200   2.800   2.500
2012-08-20T14:53:29.720000Z  46.626  38.425  19.200   1.800    6  NaN  NaN  NaN  46.600  195   0.180   3.300   3.700
2012-08-20T16:54:51.960000Z  46.675  38.428  10.680   1.800    9  NaN  NaN  NaN  50.700  128   0.230   1.400   2.700
2012-08-20T20:32:50.290000Z  46.808  38.428  14.510   3.000    7  NaN  NaN  NaN  61.400  204   0.180   1.800  25.400
2012-08-20T21:17:39.910000Z  46.653  38.437  14.890   2.100    8  NaN  NaN  NaN  49.400  197   0.290   4.600   9.100
2012-08-20T21:24:17.490000Z  46.873  38.443  14.550   1.900   10  NaN  NaN  NaN  67.300  127   0.190   1.000   1.500
2012-08-20T21:37:38.460000Z  46.669  38.437   0.130   3.000    9  NaN  NaN  NaN  50.600  198   0.190   1.800   3.800
2012-08-20T22:20:12.540000Z  46.652  38.400  14.420   2.800    7  NaN  NaN  NaN  47.600  193   0.240   2.500  10.200
2012-08-21T03:31:54.720000Z  46.670  38.424  16.310   1.500   13  NaN  NaN  NaN   8.900  128   0.440   2.000   1.900
2012-08-21T05:23:59.130000Z  46.743  38.432   4.710   2.400    6  NaN  NaN  NaN  56.300  201   0.230   3.500 403.400
2012-08-21T08:38:50.360000Z  46.556  38.362  14.290   2.000    6  NaN  NaN  NaN  38.200  184   0.370   4.700  22.800
2012-08-21T09:15:12.190000Z  46.738  38.460  14.540   2.600    5  NaN  NaN  NaN  57.100  244   0.190   5.600  48.100
2012-08-21T10:24:46.420000Z  46.732  38.457   9.310   1.700    6  NaN  NaN  NaN  56.500  203   0.200   2.200  38.500
2012-08-21T17:43:02.560000Z  46.709  38.428   5.900   1.800   10  NaN  NaN  NaN  53.400  127   0.450   2.200   6.300
2012-08-22T04:24:53.320000Z  46.694  38.425  14.450   3.200    7  NaN  NaN  NaN  32.700  181   0.290   3.600   8.000
2012-08-22T09:50:22.910000Z  46.655  38.424  13.160   2.300   11  NaN  NaN  NaN  35.800  127   0.300   1.900   3.400
2012-08-22T10:08:10.130000Z  46.787  38.417  19.160   3.400    5  NaN  NaN  NaN  24.800  187   0.050   0.900   0.700
2012-08-22T11:33:50.370000Z  46.656  38.441  10.530   2.000    9  NaN  NaN  NaN  36.400  182   0.280   2.700   7.900
2012-08-22T14:45:01.970000Z  46.669  38.477  14.680   2.800    5  NaN  NaN  NaN  37.000  191   0.280   8.700  29.500
2012-08-22T15:37:57.460000Z  46.855  38.433  17.060   1.800   11  NaN  NaN  NaN  20.700  201   0.320   2.500   1.300
2012-08-22T15:55:47.020000Z  46.756  38.414  10.000   2.500    6  NaN  NaN  NaN  27.200  183   0.200   3.000  15.800
2012-08-22T16:29:10.590000Z  46.828  38.422  17.590   1.400    7  NaN  NaN  NaN  22.000  194   0.270   3.700   4.400
2012-08-22T18:32:35.030000Z  46.647  38.416  14.570   1.700    7  NaN  NaN  NaN  36.200  176   0.260   3.100   8.100
2012-08-22T21:40:45.620000Z  46.471  38.320  10.000   2.100    7  NaN  NaN  NaN  29.600  147   2.990   2.200  17.700
2012-08-23T00:10:39.240000Z  46.722  38.440  15.780   1.600   10  NaN  NaN  NaN  31.000  187   0.150   1.200   1.100
2012-08-23T00:16:44.410000Z  46.708  38.429   5.110   2.400    6  NaN  NaN  NaN  31.700  213   0.250   4.000  76.100
2012-08-23T00:56:25.400000Z  46.719  38.454  14.240   1.500    7  NaN  NaN  NaN  32.000  190   0.400   4.900  10.500
2012-08-23T02:37:15.180000Z  46.630  38.455  17.140   1.800    9  NaN  NaN  NaN  39.100  183   0.210   1.400   2.100
2012-08-23T04:06:36.800000Z  46.645  38.442  14.780   2.200    8  NaN  NaN  NaN  37.300  182   0.290   2.800   3.600
2012-08-23T08:23:41.900000Z  46.611  38.429  12.160   2.200    8  NaN  NaN  NaN  39.600  176   0.280   2.600  10.700
2012-08-23T12:14:46.080000Z  46.663  38.444   3.630   2.800    8  NaN  NaN  NaN  35.900  183   0.430   4.000  10.600
2012-08-23T12:31:56.850000Z  46.739  38.433   4.070   2.700    5  NaN  NaN  NaN  29.400  187   0.300   4.900 663.800
2012-08-23T14:52:19.130000Z  46.644  38.440  14.770   2.000    8  NaN  NaN  NaN  37.400  181   0.310   3.000   3.800
2012-08-23T16:37:18.890000Z  46.782  38.468  16.400   2.100    8  NaN  NaN  NaN  28.200  200   0.230   2.500   2.000
2012-08-23T17:18:11.700000Z  46.618  38.404  14.840   2.800    8  NaN  NaN  NaN  38.200  171   0.230   1.900   2.900
2012-08-23T20:31:29.300000Z  46.721  38.446  10.230   1.900   12  NaN  NaN  NaN  31.500  129   0.180   0.800   2.100
2012-08-23T22:56:32.770000Z  46.617  38.456  14.470   3.000    6  NaN  NaN  NaN  40.200  183   0.340   5.300   6.400
2012-08-24T05:14:46.750000Z  46.641  38.434  18.110   1.700    7  NaN  NaN  NaN  37.300  179   0.210   3.000   3.600
2012-08-24T07:38:39.120000Z  46.976  38.507  10.480   1.800   11  NaN  NaN  NaN  21.800  132   0.260   1.500   2.500
2012-08-24T09:49:29.490000Z  46.821  38.499  14.710   3.200    8  NaN  NaN  NaN  27.900  212   0.460   6.200   6.100
2012-08-24T10:44:03.700000Z  46.842  38.430  14.400   2.300    7  NaN  NaN  NaN  21.500  198   0.370   3.600   7.900
2012-08-24T11:11:20.560000Z  46.794  38.398  12.320   1.500    6  NaN  NaN  NaN  23.400  182   0.230   4.400   8.400
2012-08-24T12:02:54.810000Z  46.669  38.439  14.390   1.600    8  NaN  NaN  NaN  35.300  183   0.360   3.900   9.800
2012-08-24T12:14:53.490000Z  46.678  38.413   0.060   2.000    6  NaN  NaN  NaN  33.500  177   0.230   2.300   7.300
2012-08-24T15:50:11.430000Z  46.678  38.413   2.440   1.500    7  NaN  NaN  NaN  33.500  177   0.280   3.200   9.700
2012-08-24T16:08:30.190000Z  46.734  38.395  14.830   1.500    8  NaN  NaN  NaN  28.200  176   0.390   3.300  10.900
2012-08-24T16:37:37.790000Z  47.023  38.560   3.310   1.200    7  NaN  NaN  NaN  26.900  227   0.290   3.000   5.100
2012-08-24T21:42:06.730000Z  46.671  38.420  14.380   2.100    7  NaN  NaN  NaN  34.400  178   0.250   3.100  11.400
2012-08-24T21:44:06.810000Z  46.741  38.440  16.700   1.700    7  NaN  NaN  NaN  29.600  189   0.240   2.800   2.400
2012-08-24T22:43:35.460000Z  46.762  38.516  26.680   1.700    6  NaN  NaN  NaN  32.900  209   0.320   5.700   8.000
2012-08-24T23:20:32.800000Z  46.796  38.511   7.150   1.100    6  NaN  NaN  NaN  30.300  212   0.250   4.800  29.600
2012-08-24T23:57:19.930000Z  46.608  38.426  14.910   1.100    6  NaN  NaN  NaN  39.800  176   0.210   3.000  10.500
2012-08-25T00:09:03.910000Z  46.708  38.478  14.370   1.100    7  NaN  NaN  NaN  34.200  195   0.350   4.700  16.800
2012-08-25T00:58:54.810000Z  46.784  38.446  14.520   1.600    8  NaN  NaN  NaN  26.700  195   0.360   2.700   8.400
2012-08-25T02:55:50.200000Z  46.625  38.455  14.590   1.200    7  NaN  NaN  NaN  39.500  183   0.250   3.300   3.500
2012-08-25T06:09:46.120000Z  46.671  38.417   9.500   2.000   11  NaN  NaN  NaN  34.300  127   0.240   1.300   2.600
2012-08-25T07:33:35.370000Z  46.577  38.455  14.420   3.000    7  NaN  NaN  NaN  43.400  180   0.370   4.100  16.100
2012-08-25T07:46:20.830000Z  46.874  38.426  13.650   2.100   12  NaN  NaN  NaN  19.000  126   0.240   1.200   1.600
2012-08-25T14:59:32.000000Z  46.942  38.401  10.000   3.300    9  NaN  NaN  NaN  12.700  208   0.220   2.500   2.400
2012-08-25T17:14:25.640000Z  46.632  38.440   0.470   2.300    6  NaN  NaN  NaN  38.300  180   0.470   6.500 802.800
2012-08-25T19:59:28.000000Z  46.895  38.452   9.340   1.600    7  NaN  NaN  NaN  19.600  210   0.430   6.000  10.900
2012-08-25T20:03:41.530000Z  46.648  38.413  18.680   1.800    9  NaN  NaN  NaN  36.100  175   0.210   1.500   1.400
2012-08-26T01:28:37.100000Z  46.632  38.448  17.560   2.600    9  NaN  NaN  NaN  38.600  182   0.240   2.300   1.600
2012-08-26T04:01:33.450000Z  46.656  38.405  19.270   2.600    8  NaN  NaN  NaN  35.100  174   0.240   2.300   2.100
2012-08-26T05:22:11.870000Z  46.687  38.429  12.280   2.300    8  NaN  NaN  NaN  33.400  182   0.270   3.000   4.200
2012-08-26T09:36:53.240000Z  46.652  38.428   7.470   2.800   11  NaN  NaN  NaN  36.200  128   0.120   0.600   1.400
2012-08-26T09:43:22.220000Z  46.656  38.433   8.410   3.900   11  NaN  NaN  NaN  36.100  128   0.170   0.900   1.900
2012-08-26T11:15:28.180000Z  46.668  38.443  11.930   3.900    8  NaN  NaN  NaN  35.500  183   0.360   3.900   5.700
2012-08-26T12:50:55.000000Z  46.688  38.380  11.580   2.300    8  NaN  NaN  NaN  31.700  169   0.250   2.700   8.800
2012-08-26T12:52:35.040000Z  46.657  38.434  10.120   1.900    7  NaN  NaN  NaN  36.000  181   0.350   4.400  16.500
2012-08-26T13:05:19.390000Z  46.650  38.452  12.010   1.800    9  NaN  NaN  NaN  37.300  184   0.420   3.900   6.400
2012-08-26T13:08:35.880000Z  46.661  38.419  10.660   2.100   12  NaN  NaN  NaN  35.100  127   0.140   0.700   1.600
2012-08-26T13:44:30.780000Z  46.749  38.383  10.410   3.800    6  NaN  NaN  NaN  26.600  174   0.280   5.400  20.800
2012-08-26T14:26:49.720000Z  46.696  38.352  14.250   1.500    7  NaN  NaN  NaN  30.500  162   0.300   3.500   8.800
2012-08-26T14:51:02.780000Z  46.851  38.465  14.720   1.800    7  NaN  NaN  NaN  23.300  209   0.360   5.700   5.200
2012-08-26T18:15:31.940000Z  46.870  38.427  11.460   1.700   11  NaN  NaN  NaN  19.300  126   0.230   1.200   1.600
2012-08-26T19:22:09.320000Z  46.653  38.447   3.460   3.400    6  NaN  NaN  NaN  36.900  183   0.250   4.600   8.600
2012-08-26T20:12:37.070000Z  46.692  38.466  14.880   1.300    7  NaN  NaN  NaN  34.700  191   0.420   4.600   4.500
2012-08-26T20:57:08.230000Z  46.695  38.460   2.930   1.300    6  NaN  NaN  NaN  34.200  189   0.320   6.300  11.200
2012-08-26T22:48:13.970000Z  46.668  38.470  18.040   1.700    7  NaN  NaN  NaN  36.700  189   0.280   4.300   2.900
2012-08-27T02:46:27.720000Z  46.624  38.412  16.510   2.800    6  NaN  NaN  NaN  38.000  173   0.270   3.900  12.000
2012-08-27T05:08:06.970000Z  46.564  38.451   4.000   1.700    6  NaN  NaN  NaN  43.400  178   0.250   3.600  10.600
2012-08-27T06:30:55.770000Z  46.696  38.413  10.990   1.900    8  NaN  NaN  NaN  32.000  178   0.360   4.200  16.600
2012-08-27T11:01:13.240000Z  46.680  38.408  14.370   2.100    8  NaN  NaN  NaN  33.200  176   0.190   1.600   8.000
2012-08-27T13:46:34.070000Z  46.723  38.418  19.760   2.500    6  NaN  NaN  NaN  30.000  182   0.640   7.700   6.200
2012-08-27T15:10:34.470000Z  46.839  38.415  14.230   1.700    6  NaN  NaN  NaN  20.800  193   0.330   5.600  11.100
2012-08-27T16:52:13.770000Z  46.847  38.436  14.840   1.600    7  NaN  NaN  NaN  21.500  201   0.380   5.600   6.800
2012-08-27T17:55:08.590000Z  46.834  38.407  16.980   2.200    7  NaN  NaN  NaN  20.700  190   0.490   5.600   4.500
2012-08-27T21:03:26.760000Z  46.681  38.386  14.850   2.000    6  NaN  NaN  NaN  32.500  201   0.270   2.900  13.400
2012-08-27T22:48:15.390000Z  46.748  38.353  11.020   1.900    6  NaN  NaN  NaN  26.000  193   0.270   5.300  12.600
2012-08-27T23:56:30.640000Z  46.891  38.428  11.560   1.300   19  NaN  NaN  NaN  18.000   83   0.270   1.100   1.200
2012-08-28T00:28:02.430000Z  46.695  38.357   0.390   3.400    6  NaN  NaN  NaN  30.600  164   0.460   5.200 712.500
2012-08-28T01:55:35.570000Z  46.721  38.411  14.500   1.500    6  NaN  NaN  NaN  29.900  179   0.170   2.600   6.900
2012-08-28T02:21:14.140000Z  46.579  38.419  14.500   2.000    8  NaN  NaN  NaN  42.000  172   0.340   2.900   4.500
2012-08-28T03:33:22.470000Z  46.673  38.403  14.590   2.500    7  NaN  NaN  NaN  33.600  174   0.310   3.000   9.600
2012-08-28T03:41:07.740000Z  46.776  38.402  18.760   1.800    9  NaN  NaN  NaN  25.100  182   0.370   4.000   2.800
2012-08-28T03:54:51.270000Z  46.614  38.432  14.880   2.100    6  NaN  NaN  NaN  39.500  177   0.260   3.000  21.500
2012-08-28T04:13:21.310000Z  46.782  38.394  14.740   1.400    6  NaN  NaN  NaN  24.200  180   0.360   6.400   9.400
2012-08-28T04:38:46.500000Z  46.769  38.408  15.860   1.400    8  NaN  NaN  NaN  25.900  183   0.340   3.300   4.700
2012-08-28T05:11:25.430000Z  46.726  38.410  19.580   2.400    7  NaN  NaN  NaN  29.400  180   0.310   3.200   3.000
2012-08-28T05:35:42.660000Z  46.679  38.401  19.110   1.700    7  NaN  NaN  NaN  33.000  174   0.530   5.200   5.300
2012-08-28T12:25:58.480000Z  46.598  38.444   7.750   1.300    7  NaN  NaN  NaN  41.300  179   0.260   2.600  48.000
2012-08-28T14:34:06.180000Z  46.710  38.398  14.600   1.900    7  NaN  NaN  NaN  30.400  175   0.410   4.700  13.000
2012-08-28T17:46:31.390000Z  46.737  38.443  14.760   1.700   12  NaN  NaN  NaN  30.000  128   0.200   1.100   1.300
2012-08-28T17:58:51.990000Z  46.647  38.397  14.380   3.300   12  NaN  NaN  NaN  35.700  125   0.290   1.600   2.200
2012-08-28T18:21:13.640000Z  46.641  38.392  14.380   3.600    7  NaN  NaN  NaN  36.000  170   0.310   3.700  10.000
2012-08-28T19:01:46.030000Z  46.656  38.451  14.690   1.900    5  NaN  NaN  NaN  36.800  184   0.260   8.200  27.400
2012-08-28T20:32:12.080000Z  46.667  38.414   7.270   1.200    7  NaN  NaN  NaN  34.500  177   0.220   2.600  16.800
2012-08-29T00:27:04.990000Z  46.594  38.413  16.020   1.900    8  NaN  NaN  NaN  40.500  172   0.310   2.600   3.700
2012-08-29T01:01:26.500000Z  46.846  38.425  27.910   2.400    7  NaN  NaN  NaN  20.900  197   0.240   3.500   3.400
2012-08-29T08:56:38.350000Z  46.680  38.483   0.420   1.600    7  NaN  NaN  NaN  36.500  193   0.310   3.800 464.400
2012-08-29T10:43:12.750000Z  46.666  38.407  17.970   2.600    5  NaN  NaN  NaN  34.300  175   0.210   5.200   3.500
2012-08-29T11:46:27.680000Z  46.647  38.411  11.360   2.200   10  NaN  NaN  NaN  36.000  126   0.250   1.500   2.600
2012-08-29T12:10:30.770000Z  46.680  38.417  17.750   3.900    8  NaN  NaN  NaN  33.500  178   0.240   1.800   2.500
2012-08-29T13:32:44.460000Z  46.769  38.343  14.880   2.400    6  NaN  NaN  NaN  24.000  163   0.610   9.300  12.600
2012-08-29T13:46:42.030000Z  46.802  38.380  14.310   1.800    7  NaN  NaN  NaN  22.100  177   0.280   3.400   5.700
2012-08-29T18:30:49.890000Z  46.653  38.448  14.670   2.100    6  NaN  NaN  NaN  37.000  183   0.490   6.300   8.500
2012-08-30T03:42:46.280000Z  46.651  38.447  14.720   1.800    6  NaN  NaN  NaN  37.000  183   0.270   5.000   4.100
2012-08-30T06:25:50.340000Z  46.690  38.424   7.040   2.400    8  NaN  NaN  NaN  33.000  180   0.250   2.800  19.100
2012-08-30T06:30:43.080000Z  46.852  38.405  10.000   2.700    9  NaN  NaN  NaN  19.200  191   0.490   4.900  14.800
2012-08-30T06:45:56.200000Z  46.692  38.463   9.780   2.600    6  NaN  NaN  NaN  34.600  190   0.320   4.600  20.100
2012-08-30T10:16:10.030000Z  46.871  38.438  10.900   1.900    8  NaN  NaN  NaN  20.000  205   0.220   2.800   5.700
2012-08-30T11:33:16.810000Z  46.666  38.434  14.580   2.800    7  NaN  NaN  NaN  35.300  181   0.290   3.400   7.600
2012-08-30T21:03:18.160000Z  46.587  38.482  14.480   2.300    7  NaN  NaN  NaN  43.800  186   0.390   4.800   5.300
2012-08-30T21:43:48.990000Z  46.592  38.446  18.750   2.700    5  NaN  NaN  NaN  41.800  179   0.260   4.200   4.700
2012-08-31T02:58:32.740000Z  46.953  38.489  12.890   1.800    6  NaN  NaN  NaN  20.500  217   0.300   5.700   6.500
2012-08-31T04:00:59.010000Z  46.601  38.434  18.400   2.100    7  NaN  NaN  NaN  40.600  177   0.140   1.600   1.300
2012-08-31T09:08:19.550000Z  46.725  38.511  10.720   2.500    6  NaN  NaN  NaN  35.000  204   0.290   4.600   7.000
2012-08-31T11:14:25.930000Z  46.739  38.383  14.280   2.200    6  NaN  NaN  NaN  27.400  173   0.310   5.000  14.800
2012-08-31T11:31:18.160000Z  46.674  38.390  14.680   2.100    6  NaN  NaN  NaN  33.200  171   0.310   4.500  16.000
2012-08-31T20:16:00.160000Z  46.766  38.387  10.880   2.100    7  NaN  NaN  NaN  25.300  176   0.320   4.400  11.200
2012-08-31T21:14:54.830000Z  46.656  38.483  14.820   1.900    5  NaN  NaN  NaN  38.400  191   0.290   8.400  29.300
2012-08-31T22:41:14.480000Z  46.681  38.387  19.090   1.400    6  NaN  NaN  NaN  32.500  171   0.260   3.200   3.100
2012-08-31T22:52:20.870000Z  46.707  38.384  18.160   1.400    6  NaN  NaN  NaN  30.200  171   0.360   5.400   8.200
2012-09-01T00:58:21.280000Z  46.786  38.351   1.260   2.400    5  NaN  NaN  NaN  22.700  166   0.170   5.400   6.100
2012-09-01T01:44:28.780000Z  46.646  38.385  12.040   1.400    6  NaN  NaN  NaN  35.400  168   0.350   4.500  22.700
2012-09-01T02:01:46.830000Z  46.681  38.365  14.950   1.500    5  NaN  NaN  NaN  31.900  165   0.250   5.200  23.500
2012-09-01T05:04:03.870000Z  46.785  38.398  16.580   1.400   11  NaN  NaN  NaN  24.200  125   0.200   1.300   1.200
2012-09-01T06:20:20.660000Z  46.750  38.456  14.690   3.500   10  NaN  NaN  NaN  29.700  129   0.070   0.400   0.500
2012-09-01T06:22:17.240000Z  46.622  38.443  11.720   3.000    8  NaN  NaN  NaN  39.200  180   0.490   3.800  27.300
2012-09-01T06:36:36.580000Z  46.611  38.447  10.290   2.400    8  NaN  NaN  NaN  40.300  180   0.490   4.300  22.100
2012-09-01T07:12:11.600000Z  46.708  38.379  14.170   2.600    7  NaN  NaN  NaN  30.000  170   0.350   4.200   9.900
2012-09-01T13:21:57.570000Z  46.692  38.395  19.360   2.200    7  NaN  NaN  NaN  31.700  173   0.280   3.100   2.900
2012-09-01T14:26:05.590000Z  46.897  38.447  14.690   2.300    6  NaN  NaN  NaN  19.100  210   0.430  10.400   9.400
2012-09-01T16:38:47.070000Z  46.927  38.320  10.000   1.900    5  NaN  NaN  NaN  10.000  159   0.320   6.700  11.800
2012-09-01T17:48:09.760000Z  46.851  38.392  14.610   1.600    8  NaN  NaN  NaN  18.700  187   0.400   5.400   5.600
2012-09-01T17:51:48.040000Z  46.728  38.391  14.790   1.700    7  NaN  NaN  NaN  28.600  175   0.250   3.100   6.400
2012-09-01T19:26:16.450000Z  46.659  38.367  11.610   1.700    6  NaN  NaN  NaN  33.900  164   0.300   5.000  18.800
2012-09-01T19:37:58.210000Z  46.780  38.400  17.750   1.600    6  NaN  NaN  NaN  24.600  181   0.300   5.400   4.300
2012-09-01T19:51:35.120000Z  46.783  38.410  17.770   1.700    8  NaN  NaN  NaN  24.800  185   0.340   3.100   2.300
2012-09-01T20:59:33.850000Z  46.798  38.401  17.830   2.000    8  NaN  NaN  NaN  23.300  183   0.520   4.500   3.500
2012-09-01T21:16:11.000000Z  46.823  38.373  19.150   2.800    6  NaN  NaN  NaN  20.100  177   0.330   7.800   7.300
2012-09-01T22:17:44.680000Z  46.705  38.415  12.160   1.100    8  NaN  NaN  NaN  31.300  179   0.330   3.300   6.500
2012-09-02T01:33:44.570000Z  46.918  38.320  13.230   2.300    6  NaN  NaN  NaN  10.800  159   0.280   4.600   7.300
2012-09-02T02:53:47.440000Z  46.848  38.406  14.390   1.600   10  NaN  NaN  NaN  19.600  125   0.380   2.300   2.500
2012-09-02T04:11:26.000000Z  46.764  38.442  16.250   3.400    8  NaN  NaN  NaN  27.900  192   0.370   4.300   3.200
2012-09-02T08:50:11.430000Z  46.765  38.443  11.850   2.900   11  NaN  NaN  NaN  27.900  128   0.130   0.700   0.900
2012-09-02T09:03:16.740000Z  46.762  38.425  11.760   4.200   10  NaN  NaN  NaN  27.200  127   0.280   1.700   2.300
2012-09-02T09:24:34.340000Z  46.717  38.439  32.760   3.400    7  NaN  NaN  NaN  31.400  186   0.270   4.400   5.900
2012-09-02T11:11:50.920000Z  46.650  38.415  13.540   2.700   11  NaN  NaN  NaN  35.900  127   0.150   0.900   1.200
2012-09-02T13:44:03.730000Z  46.680  38.425  12.310   3.100   11  NaN  NaN  NaN  33.800  127   0.140   0.800   1.000
2012-09-02T14:22:20.740000Z  46.753  38.428  17.920   3.000    7  NaN  NaN  NaN  28.000  187   0.380   4.900   4.700
2012-09-02T15:36:24.400000Z  46.783  38.367   3.720   2.000    6  NaN  NaN  NaN  23.300  171   0.480   6.900  19.100
2012-09-02T21:26:30.360000Z  46.677  38.406  10.000   1.900    5  NaN  NaN  NaN  33.400  219   0.240   4.500  37.800
2012-09-02T23:16:42.200000Z  46.735  38.245  14.270   1.800    9  NaN  NaN  NaN  28.100  133   0.340   2.900   8.700
2012-09-03T04:43:10.130000Z  46.651  38.435  11.200   2.400    9  NaN  NaN  NaN  36.500  180   0.280   2.500   4.300
2012-09-03T05:58:14.410000Z  46.716  38.406  27.370   2.900    7  NaN  NaN  NaN  30.100  178   0.220   3.600   5.900
2012-09-03T13:59:29.940000Z  46.823  38.358  14.050   2.500    6  NaN  NaN  NaN  19.600  171   0.370   5.900  12.800
2012-09-03T14:19:24.800000Z  46.803  38.351   5.800   2.200    6  NaN  NaN  NaN  21.200  167   0.350   5.400  51.200
2012-09-03T16:21:10.850000Z  46.709  38.376  22.050   1.900    7  NaN  NaN  NaN  29.900  169   0.090   0.900   1.900
2012-09-03T16:29:58.920000Z  46.874  38.400  17.570   2.100    7  NaN  NaN  NaN  17.300  193   0.430   4.800   3.600
2012-09-03T17:17:11.460000Z  46.851  38.420  16.900   1.800    7  NaN  NaN  NaN  20.100  196   0.320   3.500   2.800
2012-09-03T17:17:34.440000Z  46.874  38.420  16.760   2.200    7  NaN  NaN  NaN  18.600  200   0.420   6.200   3.600
2012-09-03T20:11:43.700000Z  46.857  38.349   2.440   2.200    5  NaN  NaN  NaN  16.500  170   0.240   6.700   9.300
2012-09-03T22:23:46.130000Z  46.649  38.391  14.470   1.900    6  NaN  NaN  NaN  35.300  170   0.260   3.600  13.800
2012-09-03T23:30:50.290000Z  46.809  38.392  14.040   1.500    7  NaN  NaN  NaN  22.000  182   0.370   5.400  12.200
2012-09-03T23:59:57.160000Z  46.790  38.379  14.120   1.200    6  NaN  NaN  NaN  23.000  176   0.270   4.400  10.300
2012-09-04T00:21:15.800000Z  46.783  38.411  27.310   1.200    6  NaN  NaN  NaN  24.900  185   0.260   5.400   6.800
2012-09-04T00:42:56.070000Z  46.768  38.497  14.920   1.500    7  NaN  NaN  NaN  31.100  205   0.320   4.300  10.700
2012-09-04T00:50:38.330000Z  46.769  38.409  14.440   1.000    8  NaN  NaN  NaN  25.900  183   0.290   2.600   6.700
2012-09-04T02:08:31.100000Z  46.620  38.383  14.740   2.200    7  NaN  NaN  NaN  37.600  167   0.260   2.900   8.100
2012-09-04T02:09:03.820000Z  46.664  38.406  18.260   1.300    7  NaN  NaN  NaN  34.400  174   0.320   3.700   3.500
2012-09-04T03:13:48.630000Z  46.714  38.388  18.260   1.400    7  NaN  NaN  NaN  29.700  173   0.260   2.800   2.600
2012-09-04T04:20:28.700000Z  46.686  38.405  19.410   2.900    8  NaN  NaN  NaN  32.600  175   0.310   3.100   2.800
2012-09-04T05:43:57.080000Z  46.706  38.390  18.510   2.800    8  NaN  NaN  NaN  30.500  173   0.300   3.100   2.700
2012-09-04T08:16:12.570000Z  46.773  38.400  16.900   2.600    7  NaN  NaN  NaN  25.200  181   0.260   3.500   2.500
2012-09-04T13:55:56.500000Z  46.711  38.339   0.520   2.500    6  NaN  NaN  NaN  29.000  159   0.290   3.400 489.200
2012-09-04T14:21:11.070000Z  46.717  38.391  14.860   2.200    5  NaN  NaN  NaN  29.500  174   0.300   8.000  24.600
2012-09-04T17:25:39.320000Z  46.827  38.406  17.820   1.800    8  NaN  NaN  NaN  21.200  188   0.330   3.400   2.300
2012-09-04T17:52:32.500000Z  46.803  38.362  14.390   2.300    6  NaN  NaN  NaN  21.500  171   0.430   6.900  16.100
2012-09-04T18:15:10.050000Z  46.672  38.420  10.940   1.200    5  NaN  NaN  NaN  34.300  178   0.440   4.900  32.600
2012-09-04T18:33:30.660000Z  46.789  38.412  14.120   1.200    6  NaN  NaN  NaN  24.500  186   0.340   5.400  13.300
2012-09-04T19:17:58.640000Z  46.828  38.424  14.830   1.300    5  NaN  NaN  NaN  22.100  194   0.390   9.300  17.700
2012-09-04T22:42:57.850000Z  47.044  38.320   4.270   1.400    6  NaN  NaN  NaN   0.200  205   0.300   4.700   2.300
2012-09-04T23:53:44.850000Z  46.798  38.344  10.400   0.700    5  NaN  NaN  NaN  21.600  165   0.340   8.400  28.600
2012-09-05T01:28:05.770000Z  46.638  38.237  42.880   1.000    5  NaN  NaN  NaN  42.700  174   0.610  38.400  17.600
2012-09-05T03:02:42.630000Z  46.618  38.400  14.650   1.500    6  NaN  NaN  NaN  44.800  191   0.410   4.800  26.900
2012-09-05T09:33:45.910000Z  46.696  38.418  11.220   2.600   18  NaN  NaN  NaN  32.200   79   0.310   1.700   2.300
2012-09-05T12:14:04.060000Z  46.666  38.446  15.940   3.900    6  NaN  NaN  NaN  35.800  184   0.240   4.700   4.000
2012-09-05T15:07:19.720000Z  46.790  38.403  16.860   2.900    9  NaN  NaN  NaN  23.900  183   0.310   2.800   1.900
2012-09-05T16:00:06.910000Z  46.684  38.392  19.170   1.700    8  NaN  NaN  NaN  32.300  172   0.350   3.500   3.100
2012-09-05T17:14:36.810000Z  46.853  38.355  11.430   2.200    5  NaN  NaN  NaN  17.000  173   0.410  10.100  22.100
2012-09-05T18:47:38.810000Z  46.646  38.388  18.920   2.000    7  NaN  NaN  NaN  35.500  169   0.310   3.600   3.000
2012-09-05T19:03:13.460000Z  46.818  38.433  18.160   2.400    7  NaN  NaN  NaN  23.400  195   0.420   5.300   4.100
2012-09-05T21:26:41.800000Z  46.792  38.409  16.850   2.200    7  NaN  NaN  NaN  24.000  185   0.350   4.500   3.300
2012-09-05T23:48:37.030000Z  46.839  38.397  11.600   1.600    7  NaN  NaN  NaN  62.900  202   0.420   6.000  43.700
2012-09-06T01:19:42.220000Z  46.796  38.443  19.040   2.000    8  NaN  NaN  NaN  25.500  195   0.360   4.300   2.700
2012-09-06T02:19:16.210000Z  46.861  38.402  16.710   2.300    8  NaN  NaN  NaN  18.400  192   0.410   4.900   4.100
2012-09-06T08:51:17.640000Z  46.627  38.389  14.850   2.400    6  NaN  NaN  NaN  37.100  168   0.210   2.900  12.400
2012-09-06T10:38:30.730000Z  46.822  38.416  14.190   2.000    9  NaN  NaN  NaN  22.100  191   0.460   3.600   7.400
2012-09-06T20:23:33.810000Z  46.656  38.407  19.050   2.200    8  NaN  NaN  NaN  35.100  174   0.290   2.900   2.600
2012-09-06T20:33:21.790000Z  46.854  38.403  17.290   2.100    7  NaN  NaN  NaN  19.000  191   0.360   5.000   3.100
2012-09-06T22:02:27.050000Z  46.845  38.360  18.370   2.100    8  NaN  NaN  NaN  17.900  174   0.280   2.200   2.200
2012-09-06T22:07:25.530000Z  46.697  38.401  18.890   1.800    7  NaN  NaN  NaN  31.500  175   0.390   6.300   6.700
2012-09-06T23:38:04.880000Z  46.678  38.397  14.780   1.500    7  NaN  NaN  NaN  33.000  173   0.240   2.300   7.600
2012-09-06T23:56:03.640000Z  46.798  38.409  14.710   1.300    6  NaN  NaN  NaN  23.600  186   0.290   5.200   7.000
2012-09-07T02:35:37.640000Z  47.044  38.441   1.150   1.200    6  NaN  NaN  NaN  13.700  217   0.320   4.100   4.300
2012-09-07T05:41:29.120000Z  46.769  38.678  10.630   1.400    7  NaN  NaN  NaN  46.500  228   0.440   5.300   8.800
2012-09-07T12:46:24.570000Z  46.692  38.400  10.440   1.500   12  NaN  NaN  NaN  31.900  125   0.330   1.400   3.200
2012-09-07T16:10:54.670000Z  46.808  38.443  16.750   3.100    8  NaN  NaN  NaN  24.700  197   0.420   4.700   3.300
2012-09-07T16:49:54.200000Z  46.647  38.390  14.300   2.600    7  NaN  NaN  NaN  35.500  170   0.270   2.500   8.400
2012-09-07T17:25:50.610000Z  46.805  38.391  13.310   1.700    8  NaN  NaN  NaN  22.200  181   0.420   3.800   9.200
2012-09-07T17:48:16.650000Z  46.823  38.190  11.050   2.000    5  NaN  NaN  NaN  23.900  113   0.250   4.600  21.000
2012-09-07T17:53:54.340000Z  46.716  38.422  14.450   1.400    6  NaN  NaN  NaN  30.700  182   0.360   4.800  15.000
2012-09-07T19:17:21.270000Z  46.773  38.435  17.860   1.600    7  NaN  NaN  NaN  26.800  191   0.370   4.400   3.700
2012-09-07T19:29:15.660000Z  46.691  38.378  18.270   2.500    7  NaN  NaN  NaN  31.400  169   0.270   2.700   2.900
2012-09-07T19:49:29.320000Z  46.802  38.356  10.080   2.500    6  NaN  NaN  NaN  21.400  169   0.400   6.500  22.000
2012-09-07T20:00:06.620000Z  46.816  38.390  14.200   1.400    6  NaN  NaN  NaN  21.300  182   0.270   4.400   9.600
2012-09-07T20:47:22.580000Z  46.821  38.405  14.230   1.700    6  NaN  NaN  NaN  21.600  187   0.320   5.400  11.600
2012-09-07T21:33:48.550000Z  46.665  38.368  14.300   1.400    6  NaN  NaN  NaN  33.400  165   0.330   4.500  17.500
2012-09-07T21:36:57.110000Z  46.899  38.399  14.670   1.700    7  NaN  NaN  NaN  15.400  197   0.400   5.400   5.300
2012-09-07T23:37:52.760000Z  46.843  38.346   1.640   2.100    7  NaN  NaN  NaN  17.700  168   0.160   1.800   2.600
2012-09-08T00:53:37.190000Z  46.735  38.459  15.240   1.300    9  NaN  NaN  NaN  31.100  193   0.300   3.700   4.500
2012-09-08T01:12:29.720000Z  46.766  38.394  14.080   2.200    7  NaN  NaN  NaN  25.600  178   0.280   3.700   6.200
2012-09-08T02:31:18.290000Z  46.879  38.438  25.270   1.400    6  NaN  NaN  NaN  19.500  206   0.300   6.800   7.500
2012-09-08T04:16:15.270000Z  46.646  38.409  14.320   1.300    7  NaN  NaN  NaN  36.100  174   0.320   3.900  10.600
2012-09-08T04:46:49.420000Z  46.632  38.360  19.560   2.300    6  NaN  NaN  NaN  36.200  162   0.200   2.500   2.500
2012-09-08T06:52:30.800000Z  46.685  38.405  10.300   1.600   10  NaN  NaN  NaN  32.700  126   0.240   1.500   3.800
2012-09-08T08:30:03.470000Z  46.773  38.417  14.050   3.200    8  NaN  NaN  NaN  26.000  186   0.340   3.900   7.200
2012-09-08T09:38:37.360000Z  46.774  38.320  10.330   2.500    7  NaN  NaN  NaN  23.500  155   0.440   5.500  16.700
2012-09-08T14:01:12.060000Z  46.667  38.395  14.450   2.000    6  NaN  NaN  NaN  33.900  172   0.350   5.100  19.200
2012-09-08T20:35:44.530000Z  46.827  38.374  10.410   1.900   17  NaN  NaN  NaN  19.800   50   0.470   2.100   3.100
2012-09-08T21:04:44.910000Z  46.797  38.384  11.460   3.600    6  NaN  NaN  NaN  22.600  178   0.130   1.700   3.800
2012-09-08T21:24:06.250000Z  46.685  38.456  12.410   1.600    6  NaN  NaN  NaN  34.700  188   0.190   3.200   9.600
2012-09-09T04:50:27.510000Z  46.749  38.411  14.800   2.000    5  NaN  NaN  NaN  27.600  182   0.350   7.200  19.200
2012-09-09T10:08:20.640000Z  46.836  38.404  13.960   1.600   11  NaN  NaN  NaN  20.400  125   0.420   2.400   2.400
2012-09-09T13:58:17.900000Z  46.673  38.365  16.320   3.000    8  NaN  NaN  NaN  32.700  165   0.260   2.200   3.500
2012-09-09T17:40:01.470000Z  46.686  38.386  14.170   2.700    5  NaN  NaN  NaN  32.000  171   0.430  10.700  39.600
2012-09-09T20:25:44.260000Z  46.628  38.394  14.610   1.600    8  NaN  NaN  NaN  37.100  169   0.370   3.500  10.800
2012-09-09T22:06:59.980000Z  46.635  38.426  14.850   2.000    8  NaN  NaN  NaN  37.500  177   0.330   3.000   4.200
2012-09-09T22:07:57.350000Z  46.672  38.388  14.610   2.000    7  NaN  NaN  NaN  33.300  170   0.270   3.100   7.800
2012-09-09T22:50:38.510000Z  46.876  38.353   9.160   1.400    7  NaN  NaN  NaN  15.000  174   0.350   4.900   8.900
2012-09-10T01:47:02.680000Z  46.727  38.436  14.530   1.800    7  NaN  NaN  NaN  30.500  186   0.390   4.900  16.000
2012-09-10T02:02:12.730000Z  46.822  38.421  14.900   1.700    7  NaN  NaN  NaN  22.300  192   0.370   5.200   6.700
2012-09-10T08:55:50.260000Z  46.707  38.404  14.520   2.900   12  NaN  NaN  NaN  30.800  126   0.260   1.500   2.100
2012-09-10T13:28:35.410000Z  46.736  38.230  14.380   3.800    6  NaN  NaN  NaN  28.500  129   0.260   3.100   9.100
2012-09-10T17:25:44.270000Z  46.659  38.393  14.710   2.000    6  NaN  NaN  NaN  34.500  171   0.330   4.600  17.400
2012-09-10T19:32:17.770000Z  46.794  38.485  26.750   1.800    6  NaN  NaN  NaN  28.500  206   0.260   5.500   6.200
2012-09-11T00:09:48.440000Z  46.544  38.400  19.220   1.900    6  NaN  NaN  NaN  39.100  167   0.270   3.200   3.300
2012-09-11T03:23:32.840000Z  46.798  38.415  17.470   1.100    7  NaN  NaN  NaN  23.900  188   0.390   4.800   3.300
2012-09-11T03:25:33.230000Z  46.656  38.386  15.000   2.300    7  NaN  NaN  NaN  34.600  169   0.330   3.900   9.800
2012-09-11T10:30:34.070000Z  46.639  38.410  14.620   2.300   13  NaN  NaN  NaN  36.700  126   0.400   2.000   2.600
2012-09-11T16:30:16.330000Z  46.813  38.350   3.830   3.300    6  NaN  NaN  NaN  20.400  167   0.230   3.100   8.700
2012-09-11T17:38:52.630000Z  46.940  38.320   2.840   1.200    5  NaN  NaN  NaN   8.900  159   0.140   2.400   2.300
2012-09-11T21:41:12.380000Z  46.893  38.352   9.850   1.800    6  NaN  NaN  NaN  13.600  175   0.300   4.300   8.900
2012-09-11T22:48:26.150000Z  46.719  38.422  18.840   1.800    7  NaN  NaN  NaN  30.500  182   0.240   2.600   2.400
2012-09-12T09:15:43.550000Z  46.644  38.367  10.190   2.000    6  NaN  NaN  NaN  35.300  164   0.270   3.500  28.100
2012-09-12T10:03:29.840000Z  46.647  38.413  14.390   2.000    7  NaN  NaN  NaN  36.100  175   0.290   3.100  13.200
2012-09-12T12:44:25.600000Z  46.692  38.375  19.420   2.300    5  NaN  NaN  NaN  31.300  168   0.240   4.400   4.400
2012-09-12T12:59:24.800000Z  46.674  38.397  14.930   1.500    7  NaN  NaN  NaN  33.300  173   0.250   2.900  11.000
2012-09-12T20:33:52.200000Z  46.625  38.392  14.520   2.900    5  NaN  NaN  NaN  37.300  169   0.220   3.900  20.400
2012-09-12T20:41:41.390000Z  46.533  38.445  14.170   1.400    6  NaN  NaN  NaN  40.800  175   0.250   2.500  20.000
2012-09-12T22:46:04.140000Z  46.668  38.391  11.450   1.800    6  NaN  NaN  NaN  33.600  171   0.270   3.700  18.800
2012-09-12T23:11:17.330000Z  46.681  38.401  13.910   1.300    5  NaN  NaN  NaN  32.900  174   0.270   5.400  25.700
2012-09-13T00:19:47.940000Z  46.668  38.447  14.370   0.700    8  NaN  NaN  NaN  35.700  184   0.460   5.000  12.600
2012-09-13T01:51:45.530000Z  46.662  38.376  14.860   1.700    6  NaN  NaN  NaN  33.800  167   0.230   3.300  12.100
2012-09-13T04:27:37.610000Z  46.846  38.406  15.290   1.700    7  NaN  NaN  NaN  19.700  191   0.280   3.900   4.300
2012-09-13T12:12:12.890000Z  46.883  38.424  18.860   2.100    8  NaN  NaN  NaN  18.200  203   0.480   6.100   3.100
2012-09-13T14:15:48.570000Z  46.757  38.413  28.020   2.500    5  NaN  NaN  NaN  27.000  183   0.300   7.700  14.800
2012-09-13T14:51:28.570000Z  46.637  38.386  14.380   1.600    6  NaN  NaN  NaN  36.200  168   0.320   4.100  16.700
2012-09-13T16:48:09.710000Z  46.842  38.347   7.220   2.100    7  NaN  NaN  NaN  17.800  168   0.310   4.300  14.600
2012-09-13T17:42:24.240000Z  46.775  38.411  17.130   1.700    6  NaN  NaN  NaN  25.500  184   0.320   4.400   3.600
2012-09-13T18:19:27.930000Z  46.640  38.399  14.390   1.900    6  NaN  NaN  NaN  36.300  171   0.300   4.400  17.200
2012-09-13T19:05:15.130000Z  46.803  38.370  13.810   1.800    6  NaN  NaN  NaN  21.700  174   0.300   4.700  11.500
2012-09-13T19:45:20.480000Z  46.685  38.422  12.540   1.800   11  NaN  NaN  NaN  33.300  127   0.180   1.000   1.400
2012-09-13T22:30:03.920000Z  46.882  38.383  14.430   3.200    6  NaN  NaN  NaN  15.700  188   0.340   5.800   9.400
2012-09-13T22:57:56.080000Z  46.659  38.383  14.370   1.600    5  NaN  NaN  NaN  34.300  168   0.270   6.500  26.000
2012-09-13T23:56:10.900000Z  46.806  38.478  42.350   1.600    5  NaN  NaN  NaN  27.300  206   0.480   3.200   2.000
2012-09-14T00:42:36.500000Z  46.831  38.409  16.530   1.000    7  NaN  NaN  NaN  21.100  190   0.330   4.700   3.100
2012-09-14T02:19:38.030000Z  46.648  38.405  11.090   2.500   20  NaN  NaN  NaN  35.800   82   0.470   1.900   2.500
2012-09-14T13:21:01.770000Z  46.796  38.377  14.090   3.500    8  NaN  NaN  NaN  22.500  176   0.350   3.800   6.700
2012-09-14T14:32:33.360000Z  46.611  38.438  14.780   1.800    7  NaN  NaN  NaN  39.900  178   0.250   2.200   4.800
2012-09-14T16:41:04.570000Z  46.793  38.411  14.680   2.600    8  NaN  NaN  NaN  24.100  186   0.320   3.700   6.000
2012-09-15T11:01:17.120000Z  46.787  38.410  17.420   2.400    7  NaN  NaN  NaN  24.500  185   0.410   4.300   3.800
2012-09-15T19:19:20.890000Z  46.807  38.429  15.630   2.600    8  NaN  NaN  NaN  23.900  193   0.250   3.300   3.000
2012-09-15T20:28:28.670000Z  46.808  38.386  14.110   2.200    8  NaN  NaN  NaN  21.800  180   0.310   3.400   5.600
2012-09-15T21:17:10.910000Z  46.847  38.361  18.790   1.500    7  NaN  NaN  NaN  17.700  174   0.300   3.400   2.400
2012-09-16T01:01:34.820000Z  46.629  38.431   5.070   1.700    5  NaN  NaN  NaN  38.200  178   0.350   5.300 140.400
2012-09-16T17:12:51.110000Z  46.856  38.416  16.860   0.900    7  NaN  NaN  NaN  19.500  195   0.350   4.200   3.400
2012-09-16T18:06:51.000000Z  46.722  38.347  14.250   2.400    5  NaN  NaN  NaN  28.100  200   0.280   8.800  26.500
2012-09-16T19:48:09.170000Z  46.772  38.343  14.600   2.500    6  NaN  NaN  NaN  23.800  163   0.240   3.800  10.300
2012-09-16T22:59:03.570000Z  46.707  38.386  16.430   1.300    6  NaN  NaN  NaN  30.300  172   0.230   3.000   4.000