                        ORT     Lon     Lat     Dep     Mag  Nus  NuP  NuS  ADS  MDS  GAP     RMS     ERH     ERZ
2012-08-11T12:23:15.130000Z  46.807  38.424   1.472   6.500  134  134   64    0    0   43   0.412   3.326   2.124
2012-08-11T12:28:46.100000Z  46.782  38.438  21.688   3.500  173  173   81    0    0   42   0.204   3.524   2.394
2012-08-11T12:49:15.470000Z  46.690  38.394  12.705   4.600  112  112   88    0    0   44   0.350   3.697   3.256
2012-08-11T13:14:05.410000Z  46.675  38.381   5.190   4.400  114  114   73    0    0   45   0.347   3.583   4.410
2012-08-11T13:23:14.840000Z  46.731  38.495   9.220   3.700  111  111   66    0    0   38   0.323   3.624   3.259
2012-08-11T13:42:11.500000Z  46.683  38.412  13.238   4.000  119  119   65    0    0   43   0.374   3.463   2.432
2012-08-11T14:14:53.540000Z  46.705  38.504  26.644   2.800  119  119   60    0    0   37   0.312   4.277   3.803
2012-08-11T14:25:15.210000Z  46.683  38.436  12.261   4.300   95   95  105    0    0   41   0.269   3.394   2.367
2012-08-11T14:55:57.130000Z  46.746  38.433   6.762   3.100  170  170   95    0    0   42   0.294   3.316   2.716
2012-08-11T15:21:14.560000Z  46.789  38.444  16.860   4.700  166  166   92    0    0   42   0.362   3.475   2.561
2012-08-11T16:00:50.270000Z  46.793  38.416  15.463   4.000  134  134   68    0    0   44   0.412   3.407   2.142
2012-08-11T16:15:03.990000Z  46.675  38.426  16.490   2.700  154  154   87    0    0   41   0.244   3.472   2.398
2012-08-11T16:21:53.030000Z  46.666  38.417  19.971   4.100   95   95   65    0    0   42   0.284   3.690   2.847
2012-08-11T16:34:32.420000Z  46.668  38.444  15.241   3.300  188  188   96    0    0   40   0.280   3.604   2.872
2012-08-11T17:37:58.400000Z  46.872  38.410  21.393   2.100  167  167   96    0    0   45   0.289   3.468   2.403
2012-08-11T17:45:44.240000Z  46.792  38.410   9.218   2.500  151  151   87    0    0   44   0.363   3.249   2.616
2012-08-11T17:49:25.400000Z  46.831  38.427  16.773   2.600  140  140   67    0    0   43   0.329   3.635   2.970
2012-08-11T17:58:33.080000Z  46.800  38.385   9.268   4.100  170  170   84    0    0   47   0.297   3.245   2.442
2012-08-11T18:13:03.200000Z  46.651  38.384   4.889   3.000  102  102   57    0    0   44   0.284   3.525   5.033
2012-08-11T18:21:44.560000Z  46.712  38.442  20.612   2.600  163  163   95    0    0   41   0.262   3.700   2.780
2012-08-11T19:12:04.660000Z  46.797  38.439  20.140   2.900  114  114   73    0    0   42   0.320   3.681   3.237
2012-08-11T19:29:29.200000Z  46.790  38.442  26.933   2.600  146  146   75    0    0   42   0.233   3.806   3.164
2012-08-11T19:30:45.080000Z  46.925  38.443  22.322   2.700  129  129   68    0    0   51   0.361   3.902   3.006
2012-08-11T19:40:17.180000Z  46.811  38.446  20.378   2.600  167  167  109    0    0   42   0.343   3.520   2.796
2012-08-11T20:10:29.980000Z  46.769  38.430  14.591   3.400  113  113   61    0    0   43   0.344   3.449   2.475
2012-08-11T20:29:18.560000Z  46.855  38.389   4.843   2.600  139  139   72    0    0   46   0.305   3.442   3.179
2012-08-11T20:37:27.440000Z  46.795  38.466  20.359   2.300  182  182   89    0    0   41   0.257   3.531   2.692
2012-08-11T20:45:46.400000Z  46.686  38.411  12.545   2.900  150  150   88    0    0   43   0.345   3.435   2.634
2012-08-11T21:13:21.200000Z  46.673  38.442  11.518   2.400  147  147   95    0    0   40   0.271   3.483   2.658
2012-08-11T21:18:35.040000Z  46.727  38.440  19.778   2.600  169  169   98    0    0   41   0.354   3.664   2.393
2012-08-11T21:21:13.960000Z  46.803  38.448  18.723   2.700  143  143   81    0    0   42   0.313   3.558   2.452
2012-08-11T21:33:50.640000Z  46.858  38.460  18.547   3.100  146  146   82    0    0   48   0.361   3.574   2.241
2012-08-11T22:04:32.240000Z  46.707  38.417  13.895   3.700  118  118   65    0    0   43   0.273   3.535   2.505
2012-08-11T22:12:46.800000Z  46.757  38.419  17.479   3.300   96   96   65    0    0   43   0.317   3.525   2.340
2012-08-11T23:40:52.680000Z  46.797  38.479  15.386   2.200  164  164   76    0    0   43   0.350   3.508   2.371
2012-08-11T23:58:13.360000Z  46.712  38.462  10.715   3.400  116  116   92    0    0   39   0.280   3.468   2.468
2012-08-12T00:10:52.700000Z  46.706  38.400   6.059   2.500  121  121   76    0    0   44   0.231   3.339   3.403
2012-08-12T00:15:22.770000Z  46.767  38.439  17.541   3.100  145  145   94    0    0   42   0.233   3.586   2.024
2012-08-12T00:34:16.320000Z  46.772  38.431  19.199   3.800  137  137  121    0    0   43   0.253   3.578   2.093
2012-08-12T00:41:26.400000Z  46.742  38.483  19.817   2.700  151  151   87    0    0   39   0.277   3.672   3.247
2012-08-12T01:35:50.220000Z  46.746  38.438   7.696   2.200  187  187  115    0    0   42   0.196   3.284   2.473
2012-08-12T02:24:43.150000Z  46.781  38.464   8.285   3.700  133  133   87    0    0   40   0.459   3.380   2.770
2012-08-12T02:32:17.230000Z  46.703  38.388  18.213   1.700  174  174   90    0    0   45   0.210   3.631   2.686
2012-08-12T03:28:00.210000Z  46.756  38.489   3.572   2.400  152  152   86    0    0   38   0.282   3.280   2.909
2012-08-12T04:10:44.320000Z  46.874  38.406  27.421   2.500  125  125   72    0    0   45   0.273   3.737   2.567
2012-08-12T04:35:39.370000Z  46.730  38.497  14.369   2.600  167  167   84    0    0   38   0.350   3.827   2.885
2012-08-12T04:40:40.550000Z  46.750  38.445   7.484   2.900  126  126   67    0    0   41   0.259   3.338   2.696
2012-08-12T05:13:20.650000Z  46.844  38.488   4.762   2.300  138  138   91    0    0   46   0.305   3.820   5.758
2012-08-12T05:37:55.740000Z  46.785  38.440   9.294   2.200  148  148   87    0    0   42   0.288   3.305   2.349
2012-08-12T06:03:57.800000Z  46.777  38.459   8.513   2.600  119  119   76    0    0   41   0.259   3.350   2.928
2012-08-12T06:17:49.870000Z  46.841  38.436   9.956   2.600  130  130   83    0    0   43   0.384   3.567   3.042
2012-08-12T06:29:57.160000Z  46.737  38.350  29.816   1.700   66   66   34    0    0   49   0.277   4.385   3.808
2012-08-12T06:40:44.610000Z  46.648  38.389  18.947   4.100  116  116   94    0    0   43   0.315   3.743   2.760
2012-08-12T07:22:55.530000Z  46.787  38.438  19.178   3.000  139  139   67    0    0   42   0.291   3.662   2.611
2012-08-12T07:26:53.130000Z  46.721  38.460  15.972   2.300  164  164   90    0    0   40   0.320   3.551   2.241
2012-08-12T07:29:28.700000Z  46.878  38.402  22.847   2.300  120  120   79    0    0   45   0.286   3.555   2.815
2012-08-12T07:33:02.970000Z  46.702  38.429   9.701   2.400  113  113   67    0    0   42   0.387   3.489   2.679
2012-08-12T07:36:35.650000Z  46.784  38.436  16.968   2.700  139  139   61    0    0   42   0.308   3.435   2.403
2012-08-12T08:01:20.070000Z  46.814  38.417  21.770   2.900  105  105   58    0    0   44   0.283   3.665   2.853
2012-08-12T08:03:43.780000Z  46.755  38.440  18.068   2.100  123  123   82    0    0   42   0.232   3.541   2.091
2012-08-12T10:15:33.450000Z  46.753  38.436  19.381   3.300  127  127   83    0    0   42   0.247   3.599   2.132
2012-08-12T10:29:27.900000Z  46.641  38.403   9.200   2.000  129  129   61    0    0   42   0.323   3.456   2.928
2012-08-12T11:21:16.240000Z  46.721  38.436  19.505   2.200  202  202  102    0    0   41   0.270   3.650   2.356
2012-08-12T11:51:31.530000Z  46.790  38.395  15.156   3.300  172  172   99    0    0   46   0.236   3.346   2.311
2012-08-12T14:19:08.850000Z  46.794  38.432  18.636   3.100  135  135   88    0    0   43   0.264   3.527   2.658
2012-08-12T15:15:10.020000Z  46.843  38.441  15.452   2.100  141  141   75    0    0   43   0.288   3.536   2.625
2012-08-12T15:59:25.380000Z  46.806  38.446  14.507   2.500  139  139   70    0    0   42   0.343   3.601   2.740
2012-08-12T17:18:30.660000Z  46.746  38.461  18.096   2.100  155  155   77    0    0   40   0.284   3.697   3.079
2012-08-12T18:44:22.040000Z  46.850  38.412  17.973   2.100  202  202  110    0    0   44   0.353   3.406   2.180
2012-08-12T18:46:40.160000Z  46.835  38.400  15.178   2.000  163  163   75    0    0   45   0.362   3.423   2.507
2012-08-12T19:28:04.660000Z  46.816  38.453  20.707   1.700  129  129   79    0    0   41   0.342   3.551   2.959
2012-08-12T19:29:56.480000Z  46.794  38.429  20.655   2.100  194  194  114    0    0   43   0.306   3.479   2.173
2012-08-12T20:04:30.960000Z  46.769  38.489  17.783   1.800  163  163   89    0    0   39   0.343   3.565   2.799
2012-08-12T20:09:35.560000Z  46.869  38.427  16.413   2.200  143  143   73    0    0   44   0.322   3.475   2.494
2012-08-12T20:11:02.080000Z  46.688  38.443  11.831   1.900  155  155   88    0    0   40   0.342   3.447   2.491
2012-08-12T21:26:31.760000Z  46.677  38.388   8.678   2.200  130  130   77    0    0   44   0.258   3.536   3.184
2012-08-12T21:33:17.720000Z  46.799  38.451   5.426   3.100  194  194  111    0    0   41   0.328   3.431   3.626
2012-08-12T22:01:15.800000Z  46.714  38.458  14.483   2.400  145  145   78    0    0   40   0.260   3.507   2.286
2012-08-12T22:05:43.000000Z  46.796  38.443  15.987   2.200  140  140   83    0    0   42   0.329   3.579   2.557
2012-08-12T22:45:49.140000Z  46.715  38.444  15.494   1.900  105  105   64    0    0   41   0.338   3.442   2.039
2012-08-12T22:57:07.600000Z  46.911  38.500  18.223   2.800  141  141   88    0    0   43   0.348   5.275   4.471
2012-08-12T23:02:03.760000Z  46.840  38.389  19.545   2.700  160  160   64    0    0   46   0.380   3.445   2.248
2012-08-12T23:16:13.040000Z  46.680  38.391   9.643   1.800  159  159   80    0    0   44   0.290   3.623   3.164
2012-08-12T23:58:41.480000Z  46.898  38.461  15.767   1.900  131  131   82    0    0   50   0.343   3.814   3.133
2012-08-13T00:07:54.060000Z  46.678  38.419  19.551   2.400  122  122   65    0    0   42   0.228   3.719   2.361
2012-08-13T00:18:02.520000Z  46.888  38.437   9.955   3.200  178  178  115    0    0   49   0.371   4.118   4.193
2012-08-13T00:22:08.480000Z  46.701  38.428  19.279   3.200  132  132   65    0    0   42   0.239   3.715   2.386
2012-08-13T01:02:22.560000Z  46.794  38.445  19.463   1.500  167  167   85    0    0   42   0.305   3.510   2.352
2012-08-13T01:29:26.460000Z  46.779  38.487   3.647   2.400  163  163   91    0    0   40   0.338   3.392   4.428
2012-08-13T01:38:46.760000Z  46.848  38.452  16.199   1.500  165  165   94    0    0   45   0.348   3.490   2.158
2012-08-13T01:56:09.870000Z  46.696  38.456  16.902   4.700  104  104   98    0    0   40   0.302   3.607   2.640
2012-08-13T03:58:28.860000Z  46.870  38.478   4.032   2.900  124  124   64    0    0   49   0.330   3.832   8.175
2012-08-13T04:15:52.470000Z  46.686  38.393  19.552   3.700   85   85   97    0    0   44   0.240   3.579   2.314
2012-08-13T05:22:28.880000Z  46.666  38.391  19.898   2.600  128  128   88    0    0   44   0.203   3.726   2.669
2012-08-13T06:58:22.010000Z  46.680  38.443  17.131   3.200  145  145   78    0    0   40   0.211   3.588   2.982
2012-08-13T07:28:30.530000Z  46.782  38.388  17.367   3.200  167  167   82    0    0   46   0.254   3.525   2.829
2012-08-13T07:50:54.260000Z  46.652  38.419   4.878   2.200  170  170   96    0    0   41   0.271   3.329   3.337
2012-08-13T08:16:49.720000Z  46.876  38.452   5.091   4.000  140  140   71    0    0   49   0.489   3.736   4.192
2012-08-13T10:28:13.610000Z  46.693  38.433   9.063   1.900  181  181  116    0    0   41   0.200   3.396   2.546
2012-08-13T10:29:31.220000Z  46.640  38.411   4.568   2.200  159  159   72    0    0   41   0.249   3.807   7.071
2012-08-13T10:45:44.130000Z  46.625  38.463  20.037   4.200   76   76   67    0    0   37   0.310   4.269   4.365
2012-08-13T11:47:52.230000Z  46.857  38.442   5.054   1.800  157  157   75    0    0   45   0.364   3.599   3.610
2012-08-13T12:07:37.280000Z  46.585  38.433   3.463   2.100  137  137   67    0    0   38   0.268   3.609   5.470
2012-08-13T12:45:57.870000Z  46.733  38.450  19.462   3.900  200  200  115    0    0   41   0.323   3.675   2.469
2012-08-13T12:53:47.190000Z  46.708  38.436  13.206   3.200  169  169   66    0    0   41   0.327   3.553   2.767
2012-08-13T13:31:40.380000Z  46.850  38.403  15.425   1.500  154  154   89    0    0   45   0.271   3.831   3.609
2012-08-13T13:57:03.170000Z  46.714  38.452   3.746   1.800  183  183   91    0    0   40   0.263   3.327   2.449
2012-08-13T14:02:42.820000Z  46.717  38.357  15.409   1.500  121  121   64    0    0   48   0.333   3.652   3.262
2012-08-13T15:06:34.530000Z  46.683  38.413   4.432   2.700  150  150   67    0    0   42   0.269   3.302   3.413
2012-08-13T15:32:15.730000Z  46.779  38.436  15.623   2.200  153  153   76    0    0   42   0.275   3.425   2.478
2012-08-13T16:14:40.490000Z  46.679  38.502  22.031   2.600  109  109   60    0    0   36   0.251   3.978   3.730
2012-08-13T16:31:48.860000Z  46.695  38.417   3.107   1.600  141  141   71    0    0   42   0.229   3.251   2.678
2012-08-13T17:08:41.700000Z  46.681  38.446   5.310   2.800  190  190  106    0    0   40   0.265   3.336   3.391
2012-08-13T18:31:10.720000Z  46.799  38.420   3.380   1.900  148  148   67    0    0   44   0.253   3.319   2.336
2012-08-13T18:40:05.600000Z  46.673  38.429  19.891   3.400  124  124   68    0    0   41   0.295   3.798   2.711
2012-08-13T19:43:22.080000Z  46.648  38.438  19.463   3.300  157  157   93    0    0   40   0.304   3.700   3.205
2012-08-13T19:55:52.760000Z  46.718  38.370  28.802   1.800  124  124   63    0    0   47   0.304   4.089   3.187
2012-08-13T20:12:42.800000Z  46.881  38.412  10.935   2.800  151  151   70    0    0   44   0.236   3.724   3.392
2012-08-13T20:22:37.500000Z  46.987  38.402   2.869   1.500   83   83   42    0    0   53   0.297   7.435   7.704
2012-08-13T20:29:51.760000Z  46.780  38.541   3.297   1.800   91   91   55    0    0   36   0.306   4.761   5.963
2012-08-13T20:44:57.200000Z  46.821  38.377   8.424   1.600  184  184   84    0    0   47   0.256   3.249   2.417
2012-08-13T20:57:07.480000Z  46.653  38.399   3.717   1.500  199  199  126    0    0   43   0.287   4.057   5.751
2012-08-13T21:01:40.220000Z  46.682  38.398   4.323   1.800  154  154   78    0    0   44   0.255   3.317   3.631
2012-08-13T21:10:31.440000Z  46.773  38.494  13.305   1.600  170  170   70    0    0   38   0.280   3.698   3.027
2012-08-13T21:18:45.880000Z  46.787  38.389  18.172   1.200  149  149   91    0    0   46   0.289   3.519   2.753
2012-08-13T21:25:25.200000Z  46.797  38.452  19.768   1.800  133  133   58    0    0   41   0.287   3.587   2.989
2012-08-13T21:29:06.200000Z  46.850  38.419  21.346   1.300  139  139   63    0    0   44   0.307   3.512   2.559
2012-08-13T21:33:29.700000Z  46.685  38.450  16.667   1.700  161  161   85    0    0   40   0.258   3.515   2.410
2012-08-13T22:37:04.500000Z  46.690  38.387  19.646   3.300  177  177  100    0    0   45   0.265   3.598   2.320
2012-08-13T23:22:36.960000Z  46.746  38.440   8.859   1.500  152  152   82    0    0   42   0.246   3.327   2.430
2012-08-13T23:43:33.720000Z  46.849  38.387  12.509   1.500  131  131   67    0    0   46   0.256   3.648   3.244
2012-08-14T01:32:41.670000Z  46.699  38.450   8.365   2.200  152  152   82    0    0   40   0.261   3.452   2.888
2012-08-14T01:39:59.350000Z  46.715  38.471  19.495   1.400  154  154   90    0    0   39   0.262   3.977   3.868
2012-08-14T01:49:20.050000Z  46.696  38.424  17.640   3.000  147  147   85    0    0   42   0.295   3.539   2.558
2012-08-14T02:00:50.680000Z  46.701  38.479   4.573   2.000  161  161   76    0    0   38   0.249   3.602   3.171
2012-08-14T02:37:06.950000Z  46.799  38.427  15.566   2.300  145  145   79    0    0   43   0.315   3.630   2.650
2012-08-14T03:46:54.370000Z  46.803  38.436  17.662   2.100  136  136   87    0    0   43   0.319   3.659   2.739
2012-08-14T04:08:43.200000Z  46.658  38.462   3.646   2.300  186  186  103    0    0   38   0.267   3.335   4.928
2012-08-14T04:52:17.770000Z  46.658  38.440  19.301   2.100  183  183   95    0    0   40   0.220   3.779   3.228
2012-08-14T05:28:13.120000Z  46.799  38.443  18.416   3.400  161  161  113    0    0   42   0.321   3.522   2.446
2012-08-14T06:58:45.550000Z  46.657  38.400  16.583   1.800  167  167   91    0    0   43   0.227   3.517   2.582
2012-08-14T08:11:48.970000Z  46.659  38.386  15.684   2.100  168  168   91    0    0   44   0.237   3.532   2.818
2012-08-14T10:28:44.130000Z  46.712  38.424  13.984   3.600  147  147   75    0    0   42   0.314   3.562   2.810
2012-08-14T10:50:24.690000Z  46.798  38.497  14.770   2.100  128  128   56    0    0   41   0.348   3.699   2.782
2012-08-14T11:17:14.090000Z  46.662  38.391   5.401   1.700  133  133   82    0    0   44   0.253   3.322   4.111
2012-08-14T11:44:11.740000Z  46.690  38.441   5.058   1.800  184  184   86    0    0   41   0.213   3.478   4.628
2012-08-14T12:42:55.480000Z  46.684  38.421  20.456   2.200  162  162   68    0    0   42   0.240   3.689   3.005
2012-08-14T13:31:03.390000Z  46.703  38.444  17.657   2.200  140  140   76    0    0   41   0.237   3.676   2.918
2012-08-14T14:02:25.900000Z  46.776  38.469  18.820   5.200  197  197   99    0    0   40   0.431   3.579   2.861
2012-08-14T15:48:20.160000Z  46.651  38.435  17.537   3.800  104  104   72    0    0   40   0.323   3.610   2.947
2012-08-14T16:07:08.810000Z  46.862  38.397  12.510   1.900  124  124   86    0    0   46   0.252   3.704   3.341
2012-08-14T16:30:46.140000Z  46.773  38.419  16.410   2.000  153  153   63    0    0   44   0.225   3.472   2.652
2012-08-14T16:36:24.800000Z  46.715  38.417  18.561   3.300  120  120   76    0    0   43   0.327   3.701   2.792
2012-08-14T17:05:18.160000Z  46.651  38.437   7.004   1.700  115  115   64    0    0   40   0.255   3.320   2.751
2012-08-14T17:09:09.800000Z  46.714  38.422  18.843   3.100  149  149   80    0    0   42   0.274   3.652   2.838
2012-08-14T17:16:26.000000Z  46.779  38.442   4.174   2.000  135  135   72    0    0   42   0.259   3.886   5.599
2012-08-14T18:53:41.160000Z  46.659  38.409  14.636   2.000  167  167  103    0    0   42   0.246   3.376   2.283
2012-08-14T20:20:33.200000Z  46.663  38.426  15.324   3.000  188  188  108    0    0   41   0.246   3.433   2.479
2012-08-14T21:29:04.340000Z  46.885  38.441  17.103   1.300  161  161   85    0    0   49   0.274   3.627   2.808
2012-08-14T21:32:40.240000Z  46.783  38.418  16.783   1.500  127  127   64    0    0   44   0.267   3.420   2.442
2012-08-14T22:10:17.640000Z  46.673  38.431   4.542   2.000  178  178   94    0    0   41   0.287   3.319   3.452
2012-08-14T22:41:54.560000Z  46.713  38.383  11.556   1.700  172  172   86    0    0   46   0.300   3.696   3.047
2012-08-14T23:07:42.920000Z  46.752  38.385   4.133   1.300  132  132   76    0    0   46   0.304   3.289   3.151
2012-08-14T23:33:30.900000Z  46.785  38.405  21.176   1.700  134  134   61    0    0   45   0.262   3.496   2.762
2012-08-14T23:42:05.520000Z  46.715  38.394  13.635   1.700  162  162   93    0    0   45   0.286   3.750   3.135
2012-08-15T00:42:47.150000Z  46.727  38.392  17.881   1.000  118  118   67    0    0   45   0.289   3.456   2.422
2012-08-15T01:35:39.980000Z  46.687  38.449  19.680   1.600  208  208  105    0    0   40   0.244   3.787   2.516
2012-08-15T01:43:13.030000Z  46.707  38.390  18.370   1.600  146  146   88    0    0   45   0.281   3.522   2.472
2012-08-15T03:03:30.510000Z  46.630  38.508  20.347   1.800  111  111   70    0    0   35   0.228   4.199   4.258
2012-08-15T03:41:30.490000Z  46.798  38.438  18.381   3.400  145  145   98    0    0   42   0.283   3.534   2.586
2012-08-15T04:29:39.850000Z  46.815  38.396  11.274   3.100  140  140   80    0    0   46   0.397   3.407   2.636
2012-08-15T05:26:26.680000Z  46.776  38.441   9.239   2.400  130  130   74    0    0   42   0.282   3.305   2.482
2012-08-15T05:39:51.100000Z  46.687  38.447  16.165   2.300  142  142   81    0    0   40   0.296   3.562   2.374
2012-08-15T07:12:14.460000Z  46.657  38.414   4.248   2.600  147  147   84    0    0   42   0.244   3.313   3.714
2012-08-15T08:39:21.590000Z  46.850  38.435   6.458   3.100  176  176   88    0    0   43   0.351   3.664   3.642
2012-08-15T09:03:47.990000Z  46.704  38.450  18.724   2.600  208  208  118    0    0   40   0.232   3.750   2.682
2012-08-15T09:37:47.040000Z  46.688  38.365   4.488   1.800  159  159   79    0    0   47   0.299   3.456   4.121
2012-08-15T11:27:05.750000Z  46.795  38.350  19.117   2.500  117  117   64    0    0   50   0.233   3.640   2.810
2012-08-15T11:39:29.840000Z  46.704  38.377  10.687   2.200  174  174   92    0    0   46   0.220   3.827   3.868
2012-08-15T13:52:42.370000Z  46.661  38.432   8.812   2.100  149  149   83    0    0   40   0.244   3.382   2.523
2012-08-15T13:58:28.120000Z  46.791  38.498   7.723   2.000  157  157   86    0    0   40   0.354   3.603   3.677
2012-08-15T16:01:21.790000Z  46.689  38.400   7.508   2.200  144  144   86    0    0   44   0.283   3.753   3.325
2012-08-15T17:49:04.820000Z  46.668  38.402  18.294   5.000  107  107   58    0    0   43   0.311   3.734   3.159
2012-08-15T18:00:01.040000Z  46.645  38.443  18.421   3.300  140  140   77    0    0   39   0.305   3.600   3.242
2012-08-15T18:16:27.320000Z  46.720  38.452  17.834   2.100  160  160   86    0    0   40   0.265   3.685   3.435
2012-08-15T18:38:43.840000Z  46.675  38.428  18.368   2.200  123  123   61    0    0   41   0.251   3.604   2.446
2012-08-15T19:23:57.840000Z  46.656  38.413  15.647   1.800  174  174   88    0    0   42   0.261   3.380   2.138
2012-08-15T20:27:44.240000Z  46.685  38.438  20.045   2.000  174  174   85    0    0   41   0.241   3.788   2.740
2012-08-15T21:26:47.460000Z  46.676  38.402  21.072   2.200  138  138   75    0    0   43   0.286   3.758   3.040
2012-08-15T23:01:19.660000Z  46.657  38.388   4.975   1.700  127  127   76    0    0   44   0.261   3.485   4.797
2012-08-16T00:15:16.320000Z  46.654  38.434  19.912   3.300  152  152   85    0    0   40   0.275   3.674   3.116
2012-08-16T00:32:52.030000Z  46.653  38.444  15.501   1.700  165  165   92    0    0   39   0.265   3.578   2.911
2012-08-16T01:31:20.920000Z  46.757  38.446  21.448   1.900  168  168   94    0    0   41   0.226   3.573   2.726
2012-08-16T02:26:38.350000Z  46.858  38.398   3.545   1.700  123  123   62    0    0   46   0.236   3.550   3.060
2012-08-16T03:01:38.350000Z  46.769  38.497  26.331   2.200  131  131   64    0    0   38   0.279   4.180   3.856
2012-08-16T03:10:48.110000Z  46.835  38.402  18.395   2.400  157  157   76    0    0   45   0.280   3.385   2.250
2012-08-16T05:33:56.080000Z  46.678  38.440   4.555   2.300  175  175   92    0    0   40   0.266   3.430   3.496
2012-08-16T05:39:30.880000Z  46.691  38.385  19.662   1.600  195  195  128    0    0   45   0.323   3.525   2.147
2012-08-16T06:33:56.600000Z  46.771  38.481   4.653   2.000  170  170   94    0    0   39   0.318   3.425   3.754
2012-08-16T08:56:53.660000Z  46.721  38.432   3.251   1.800  161  161   75    0    0   42   0.245   3.299   2.401
2012-08-16T09:27:46.820000Z  46.708  38.439  18.422   3.100  162  162   82    0    0   41   0.321   3.675   2.865
2012-08-16T11:28:36.750000Z  46.721  38.448  11.067   1.900  191  191   91    0    0   41   0.209   3.463   2.394
2012-08-16T13:20:15.180000Z  46.711  38.426   3.666   1.300  169  169   84    0    0   42   0.228   3.351   3.129
2012-08-16T13:56:30.240000Z  46.724  38.418  14.112   2.000  111  111   57    0    0   43   0.323   3.557   2.502
2012-08-16T15:15:35.030000Z  46.731  38.445  18.383   3.800  113  113   87    0    0   41   0.278   3.646   2.676
2012-08-16T15:31:10.460000Z  46.702  38.381   3.932   1.500  140  140   73    0    0   46   0.322   3.537   3.938
2012-08-16T17:11:47.720000Z  46.743  38.456  19.476   1.700  145  145   78    0    0   40   0.231   3.734   3.120
2012-08-16T17:14:13.240000Z  46.724  38.444  19.000   4.600  127  127   86    0    0   41   0.368   3.616   2.578
2012-08-16T17:19:40.680000Z  46.713  38.443  17.953   2.900  164  164   84    0    0   41   0.314   3.608   2.978
2012-08-16T17:34:59.560000Z  46.719  38.430  14.739   2.600  133  133   75    0    0   42   0.318   3.399   2.360
2012-08-16T20:27:17.460000Z  46.923  38.439   6.648   2.300  204  204   96    0    0   51   0.389   3.729   3.972
2012-08-16T21:50:59.560000Z  46.741  38.436  15.145   1.400  169  169   71    0    0   42   0.266   3.494   2.790
2012-08-16T23:15:00.320000Z  46.658  38.385   4.103   0.800  153  153   98    0    0   44   0.283   3.551   3.744
2012-08-16T23:59:14.380000Z  46.657  38.417   4.362   1.200  154  154   89    0    0   41   0.237   3.360   3.691
2012-08-17T00:31:16.860000Z  46.841  38.507   4.346   1.700  135  135   75    0    0   40   0.324   4.099   8.096
2012-08-17T02:13:52.940000Z  46.781  38.402  19.991   1.600  116  116   75    0    0   45   0.342   3.520   2.336
2012-08-17T03:19:23.930000Z  46.773  38.439  19.946   1.900  173  173  106    0    0   42   0.262   3.507   2.122
2012-08-17T03:34:20.090000Z  46.703  38.452  17.485   2.900  145  145   94    0    0   40   0.281   3.753   3.298
2012-08-17T04:48:15.300000Z  46.695  38.422  12.565   3.800  170  170   92    0    0   42   0.333   3.493   2.473
2012-08-17T04:52:29.330000Z  46.777  38.431  19.482   3.000  171  171   92    0    0   43   0.266   3.493   1.795
2012-08-17T05:28:37.680000Z  46.850  38.389   6.755   2.100  199  199   95    0    0   46   0.342   3.310   2.337
2012-08-17T05:35:06.580000Z  46.788  38.409  13.559   1.600  135  135   60    0    0   45   0.271   3.461   2.392
2012-08-17T08:09:50.940000Z  46.879  38.414   8.845   3.500  108  108   69    0    0   44   0.311   3.705   3.626
2012-08-17T08:19:47.860000Z  46.815  38.455  18.840   1.700  190  190  102    0    0   41   0.298   3.539   2.544
2012-08-17T09:17:59.830000Z  46.659  38.410  21.866   3.800  153  153   96    0    0   42   0.413   3.908   3.520
2012-08-17T10:36:48.360000Z  46.688  38.453  19.228   1.600  173  173   90    0    0   40   0.176   3.778   2.542
2012-08-17T11:19:11.800000Z  46.709  38.446  20.663   2.000  188  188   88    0    0   41   0.198   3.739   2.897
2012-08-17T12:09:50.300000Z  46.660  38.440  19.186   3.100  154  154   74    0    0   40   0.331   4.025   3.795
2012-08-17T13:04:44.050000Z  46.870  38.432  22.165   1.500  196  196  120    0    0   45   0.288   3.526   2.525
2012-08-17T13:24:24.270000Z  46.582  38.467   5.605   2.000  133  133   78    0    0   35   0.261   4.897   5.983
2012-08-17T14:34:36.570000Z  46.648  38.438  16.101   2.000  143  143   96    0    0   40   0.298   3.586   3.017
2012-08-17T14:37:38.440000Z  46.653  38.439  17.332   2.200  158  158   86    0    0   40   0.230   3.920   3.830
2012-08-17T15:04:09.040000Z  46.773  38.428   9.030   1.400  113  113   74    0    0   43   0.298   3.314   2.382
2012-08-17T16:13:14.870000Z  46.780  38.454   4.813   1.500  162  162   75    0    0   41   0.264   3.379   3.678
2012-08-17T16:58:47.450000Z  46.648  38.382  14.915   1.600  173  173   82    0    0   44   0.325   3.481   2.733
2012-08-17T17:57:46.920000Z  46.918  38.368   4.159   1.500  131  131   73    0    0   45   0.241   3.709   3.679
2012-08-17T18:49:55.640000Z  46.991  38.391   4.542   2.600   83   83   44    0    0   54   0.323   7.668   8.127
2012-08-17T19:34:08.480000Z  46.637  38.470  20.541   3.100   99   99   76    0    0   37   0.334   4.410   5.194
2012-08-17T20:04:59.880000Z  46.668  38.448  19.512   1.800  142  142   74    0    0   39   0.190   3.768   2.673
2012-08-17T20:15:33.820000Z  46.696  38.446  19.472   3.400  136  136   93    0    0   40   0.260   3.780   2.938
2012-08-17T21:36:15.640000Z  46.715  38.414  19.679   1.100  126  126   72    0    0   43   0.282   3.649   2.808
2012-08-17T23:14:09.040000Z  46.697  38.440  16.091   3.000  167  167  102    0    0   41   0.281   3.528   2.520
2012-08-18T01:48:25.070000Z  46.712  38.439  25.660   3.000  120  120   73    0    0   41   0.353   3.572   3.042
2012-08-18T02:06:28.630000Z  46.751  38.392  19.879   2.300  117  117   65    0    0   46   0.318   3.518   2.599
2012-08-18T02:21:31.740000Z  46.699  38.400   8.410   1.700  124  124   75    0    0   44   0.306   3.503   2.845
2012-08-18T03:26:46.950000Z  46.848  38.450  20.817   2.700  190  190   96    0    0   45   0.303   3.474   2.346
2012-08-18T04:44:40.420000Z  46.786  38.385  18.577   2.300  144  144   72    0    0   47   0.313   3.465   2.666
2012-08-18T05:38:00.820000Z  46.909  38.543  10.643   2.300   64   64   24    0    0   36   0.396   7.163   8.768
2012-08-18T06:02:57.810000Z  46.931  38.446  12.429   1.900  118  118   68    0    0   51   0.309   4.296   4.453
2012-08-18T08:46:28.040000Z  46.658  38.468  17.150   2.100  147  147   84    0    0   38   0.218   3.508   2.556
2012-08-18T08:59:07.780000Z  46.723  38.425  15.134   2.400  145  145   70    0    0   42   0.297   3.499   2.341
2012-08-18T11:21:28.770000Z  46.662  38.433  19.663   2.900  152  152   81    0    0   40   0.203   3.815   3.067
2012-08-18T14:33:47.090000Z  46.848  38.452  19.093   1.700  136  136   67    0    0   45   0.334   3.526   2.355
2012-08-18T15:56:05.710000Z  46.873  38.415   7.598   3.300  187  187   86    0    0   44   0.296   3.638   3.434
2012-08-18T18:15:49.160000Z  46.947  38.470   3.598   1.900  131  131   80    0    0   52   0.447   4.432   5.490
2012-08-18T19:10:11.600000Z  46.645  38.442  16.255   1.700  180  180   87    0    0   39   0.270   3.843   3.398
2012-08-18T19:30:33.760000Z  46.849  38.471   9.707   1.900  169  169  101    0    0   48   0.381   3.954   3.900
2012-08-18T19:39:46.780000Z  46.660  38.412   4.834   1.600  152  152   84    0    0   42   0.268   3.338   3.418
2012-08-18T20:31:53.660000Z  46.773  38.555  14.848   2.400   93   93   39    0    0   35   0.421   5.520   5.687
2012-08-18T20:41:51.240000Z  46.710  38.447  10.797   2.100  181  181  105    0    0   40   0.299   3.448   2.414
2012-08-18T21:08:39.440000Z  46.663  38.420  19.057   3.100  169  169   90    0    0   41   0.247   3.710   2.819
2012-08-18T21:09:40.480000Z  46.644  38.459  11.227   3.200  146  146   77    0    0   38   0.255   3.424   2.290
2012-08-18T21:20:44.040000Z  46.785  38.446  17.509   1.900  136  136   81    0    0   42   0.247   3.495   2.104
2012-08-18T21:29:15.260000Z  46.656  38.441  15.098   2.500  180  180  100    0    0   40   0.340   3.457   2.627
2012-08-18T21:41:10.200000Z  46.667  38.414  11.145   1.600  126  126   72    0    0   42   0.394   3.361   2.494
2012-08-18T22:11:09.920000Z  46.650  38.421  14.096   1.800  154  154   89    0    0   41   0.210   3.379   2.281
2012-08-18T22:52:25.120000Z  46.700  38.443  16.232   1.400  159  159   99    0    0   41   0.242   3.474   2.282
2012-08-18T23:14:43.640000Z  46.848  38.425  13.680   1.200  125  125   60    0    0   44   0.391   3.686   3.299
2012-08-18T23:47:22.940000Z  46.695  38.457  15.758   1.700  139  139   76    0    0   39   0.289   3.594   2.432
2012-08-18T23:54:42.360000Z  46.822  38.438  15.349   2.000  127  127   72    0    0   43   0.345   3.545   2.609
2012-08-19T00:04:53.470000Z  46.650  38.448  15.050   1.500  145  145   84    0    0   39   0.304   3.538   2.754
2012-08-19T00:37:06.700000Z  46.713  38.435  19.466   3.100  149  149   82    0    0   41   0.286   3.690   2.984
2012-08-19T00:55:16.840000Z  46.710  38.510  18.815   1.800  122  122   68    0    0   36   0.357   3.874   3.130
2012-08-19T01:12:37.610000Z  46.694  38.454  15.173   2.000  176  176   91    0    0   40   0.295   3.510   2.441
2012-08-19T01:29:34.140000Z  46.649  38.442  14.871   2.100  205  205  129    0    0   39   0.292   3.530   2.925
2012-08-19T01:58:30.440000Z  46.647  38.383  19.911   4.300   90   90   88    0    0   44   0.264   3.728   2.632
2012-08-19T02:23:11.760000Z  46.647  38.428  15.293   2.200  216  216  115    0    0   40   0.291   3.389   2.313
2012-08-19T02:26:29.900000Z  46.655  38.423  14.583   1.700  173  173  106    0    0   41   0.245   3.386   2.322
2012-08-19T03:29:48.260000Z  46.641  38.425  13.500   1.800  154  154   88    0    0   40   0.234   3.352   2.390
2012-08-19T03:47:58.730000Z  46.848  38.486  14.747   1.900  139  139   76    0    0   47   0.466   3.797   2.912
2012-08-19T04:39:27.620000Z  46.793  38.440  23.130   2.000  123  123   78    0    0   42   0.310   3.512   2.435
2012-08-19T05:10:15.510000Z  46.795  38.471  19.238   2.700  154  154   83    0    0   42   0.321   3.585   2.715
2012-08-19T08:18:27.730000Z  46.639  38.440   4.147   2.400  170  170   94    0    0   39   0.224   3.653   6.319
2012-08-19T08:25:19.870000Z  46.661  38.435   3.857   2.000  179  179  108    0    0   40   0.247   3.361   3.222
2012-08-19T10:51:59.380000Z  46.820  38.434   2.767   2.500  166  166   81    0    0   43   0.298   3.324   2.348
2012-08-19T13:41:50.790000Z  46.678  38.465  19.062   2.000  164  164   83    0    0   39   0.303   3.953   3.384
2012-08-19T14:40:59.260000Z  46.781  38.447  16.261   2.100  142  142   81    0    0   42   0.262   3.416   1.981
2012-08-19T15:32:28.980000Z  46.820  38.353  14.785   2.200  125  125   83    0    0   49   0.244   3.346   2.454
2012-08-19T22:30:29.080000Z  46.651  38.449  14.127   1.500  164  164   77    0    0   39   0.288   3.571   3.057
2012-08-19T23:27:02.080000Z  46.650  38.430  15.243   1.700  169  169   87    0    0   40   0.225   3.421   2.419
2012-08-20T01:04:22.430000Z  46.675  38.482   8.367   2.000  124  124   69    0    0   37   0.245   3.645   3.969
2012-08-20T01:24:12.750000Z  46.704  38.427   3.514   1.500  143  143   69    0    0   42   0.212   3.312   2.525
2012-08-20T01:45:10.450000Z  46.685  38.446   4.154   1.300  193  193   98    0    0   40   0.229   3.495   3.561
2012-08-20T02:04:58.500000Z  46.690  38.404  15.964   1.900  131  131   74    0    0   43   0.296   3.573   2.684
2012-08-20T04:09:59.430000Z  46.683  38.439  19.224   2.700  165  165   73    0    0   40   0.177   3.785   2.483
2012-08-20T06:06:14.350000Z  46.676  38.437  19.402   2.100  156  156   83    0    0   40   0.222   3.811   2.482
2012-08-20T06:59:31.520000Z  46.790  38.394  13.579   1.700  132  132   59    0    0   46   0.285   3.410   2.369
2012-08-20T10:06:32.350000Z  46.849  38.443   9.270   2.000  124  124   68    0    0   44   0.321   3.715   3.476
2012-08-20T12:21:03.200000Z  46.739  38.457  22.972   1.800  178  178   95    0    0   40   0.233   3.676   3.368
2012-08-20T14:53:29.300000Z  46.657  38.441  20.261   1.800  181  181  112    0    0   40   0.255   3.827   4.108
2012-08-20T16:54:51.890000Z  46.683  38.433  20.009   3.000  133  133   69    0    0   41   0.236   3.804   2.419
2012-08-20T20:32:50.160000Z  46.806  38.442  19.131   2.100  142  142   90    0    0   42   0.288   3.622   2.684
2012-08-20T21:17:40.040000Z  46.643  38.434   9.465   1.900  134  134   74    0    0   40   0.259   3.435   2.529
2012-08-20T21:24:17.440000Z  46.877  38.442  20.653   3.000  179  179  117    0    0   48   0.289   3.476   2.176
2012-08-20T21:37:38.760000Z  46.682  38.438   4.498   2.800  167  167   92    0    0   41   0.222   3.374   3.410
2012-08-20T22:20:12.440000Z  46.662  38.433   4.408   1.500  221  221  122    0    0   40   0.244   3.371   3.418
2012-08-21T03:31:54.480000Z  46.675  38.445  17.288   2.400  139  139   85    0    0   40   0.327   3.525   2.353
2012-08-21T05:23:58.830000Z  46.752  38.454   4.207   2.000  168  168   92    0    0   41   0.227   3.331   3.707
2012-08-21T08:38:50.180000Z  46.579  38.393  14.925   2.600  139  139   64    0    0   40   0.260   3.996   3.737
2012-08-21T09:15:11.860000Z  46.763  38.481   5.360   1.700  147  147   86    0    0   39   0.289   3.704   4.556
2012-08-21T10:24:46.510000Z  46.713  38.445   9.472   1.800  139  139   81    0    0   41   0.243   3.398   2.413
2012-08-21T17:43:02.080000Z  46.706  38.417  20.080   3.200  129  129   53    0    0   43   0.318   3.886   3.601
2012-08-22T04:24:53.510000Z  46.696  38.427   6.865   2.300  113  113   71    0    0   42   0.243   3.467   3.159
2012-08-22T09:50:22.570000Z  46.662  38.440  19.630   3.400  164  164   93    0    0   40   0.258   3.744   3.220
2012-08-22T10:08:09.280000Z  46.850  38.464  27.444   2.000  129  129   69    0    0   48   0.242   3.817   3.528
2012-08-22T11:33:50.300000Z  46.647  38.452   9.683   2.800  135  135   82    0    0   39   0.248   3.402   2.291
2012-08-22T14:45:02.200000Z  46.652  38.429  14.940   1.800  132  132   70    0    0   40   0.248   3.517   2.855
2012-08-22T15:37:57.300000Z  46.847  38.442  18.983   2.500  210  210  120    0    0   43   0.341   3.427   1.901
2012-08-22T15:55:46.490000Z  46.790  38.442  18.479   1.400  180  180   93    0    0   42   0.254   3.499   1.935
2012-08-22T16:29:10.330000Z  46.862  38.443  21.789   1.700  180  180  103    0    0   46   0.276   3.501   2.444
2012-08-22T18:32:35.080000Z  46.647  38.416  15.018   2.100  155  155   80    0    0   41   0.243   3.384   2.370
2012-08-22T21:40:45.040000Z  46.715  38.437   9.447   1.600  123  123   65    0    0   41   0.228   3.517   2.710
2012-08-23T00:10:39.140000Z  46.726  38.435  19.519   2.400  169  169   88    0    0   42   0.283   3.608   2.511
2012-08-23T00:16:44.260000Z  46.721  38.438   9.464   1.500  165  165  106    0    0   41   0.211   3.441   2.545
2012-08-23T00:56:25.550000Z  46.719  38.453   8.164   1.800  172  172   91    0    0   40   0.317   3.441   2.578
2012-08-23T02:37:15.020000Z  46.653  38.463  19.805   2.200  143  143   82    0    0   38   0.225   4.229   4.173
2012-08-23T04:06:36.710000Z  46.649  38.442  16.459   2.200  137  137   86    0    0   39   0.236   3.685   3.262
2012-08-23T08:23:41.910000Z  46.613  38.441   3.310   2.800  175  175   84    0    0   38   0.255   3.519   5.941
2012-08-23T12:14:46.280000Z  46.639  38.446   4.220   2.700  209  209  106    0    0   39   0.283   3.510   3.686
2012-08-23T12:31:56.850000Z  46.729  38.440   3.988   2.000  126  126   62    0    0   41   0.310   3.459   3.241
2012-08-23T14:52:19.000000Z  46.648  38.439  16.832   2.100  141  141   86    0    0   40   0.241   3.607   2.965
2012-08-23T16:37:18.950000Z  46.790  38.465   9.040   2.800  152  152   80    0    0   40   0.322   3.593   3.219
2012-08-23T17:18:11.720000Z  46.633  38.400  16.747   1.900  170  170   99    0    0   42   0.292   3.576   2.390
2012-08-23T20:31:29.140000Z  46.726  38.435  16.773   3.000  139  139   77    0    0   42   0.273   3.456   2.174
2012-08-23T22:56:32.680000Z  46.641  38.457  19.933   1.700  138  138   71    0    0   38   0.273   4.672   4.857
2012-08-24T05:14:47.180000Z  46.631  38.417   3.488   1.800  166  166  100    0    0   41   0.245   3.488   4.218
2012-08-24T07:38:39.110000Z  47.003  38.497  10.750   3.200   75   75   38    0    0   41   0.353   6.013   6.360
2012-08-24T09:49:29.320000Z  46.828  38.500  18.276   2.300  179  179   92    0    0   42   0.353   3.921   3.779
2012-08-24T10:44:03.320000Z  46.892  38.445  20.199   1.500  162  162   91    0    0   50   0.361   4.175   4.264
2012-08-24T11:11:20.610000Z  46.794  38.387   6.810   1.600  202  202   92    0    0   46   0.305   3.332   2.271
2012-08-24T12:02:54.720000Z  46.673  38.453  15.005   2.000  166  166   98    0    0   39   0.251   3.848   3.552
2012-08-24T12:14:53.320000Z  46.719  38.448  19.549   1.500  164  164   88    0    0   41   0.263   3.638   2.468
2012-08-24T15:50:11.770000Z  46.684  38.412   4.752   1.500  150  150   72    0    0   43   0.227   3.266   3.436
2012-08-24T16:08:29.890000Z  46.732  38.397  17.804   1.200  103  103   64    0    0   45   0.353   3.596   2.655
2012-08-24T16:37:37.880000Z  47.005  38.547   3.534   2.100   14   14    7    0    0   55   0.339  11.819  12.219
2012-08-24T21:42:06.920000Z  46.667  38.427  10.277   1.700  156  156   85    0    0   41   0.325   3.409   2.487
2012-08-24T21:44:06.680000Z  46.740  38.435  20.492   1.700  180  180   99    0    0   42   0.253   3.622   2.763
2012-08-24T22:43:35.940000Z  46.709  38.461  23.989   1.100  196  196   96    0    0   39   0.277   3.642   3.117
2012-08-24T23:20:32.540000Z  46.800  38.542   4.325   1.100   99   99   58    0    0   36   0.290   4.756   6.896
2012-08-24T23:57:19.900000Z  46.617  38.445  15.367   1.100  163  163   77    0    0   38   0.220   3.946   3.595
2012-08-25T00:09:04.080000Z  46.702  38.452   3.088   1.600  112  112   57    0    0   40   0.287   3.532   2.599
2012-08-25T00:58:55.060000Z  46.786  38.433  15.952   1.200  151  151   73    0    0   43   0.320   3.418   2.260
2012-08-25T02:55:50.040000Z  46.637  38.455  20.459   2.000  138  138   70    0    0   38   0.224   3.903   4.263
2012-08-25T06:09:45.920000Z  46.693  38.422  18.928   3.000  124  124   68    0    0   42   0.280   3.792   2.532
2012-08-25T07:33:34.100000Z  46.572  38.434   2.968   2.100  102  102   68    0    0   37   0.460   4.760   7.388
2012-08-25T07:46:20.660000Z  46.876  38.439  14.807   3.300  134  134   77    0    0   47   0.279   3.795   3.186
2012-08-25T14:59:32.070000Z  46.932  38.391   8.789   2.300  121  121   57    0    0   47   0.252   3.756   3.932
2012-08-25T17:14:24.440000Z  46.651  38.444   4.973   1.600  125  125  100    0    0   39   0.268   3.511   3.616
2012-08-25T19:59:27.960000Z  46.919  38.447  11.596   1.800  146  146   74    0    0   51   0.325   4.065   4.533
2012-08-25T20:03:41.480000Z  46.650  38.417  19.948   2.600  170  170  101    0    0   41   0.213   3.619   3.019
2012-08-26T01:28:37.000000Z  46.652  38.444  20.797   2.600  225  225  150    0    0   39   0.302   3.757   4.167
2012-08-26T04:01:33.390000Z  46.656  38.412  20.174   2.300  186  186  111    0    0   42   0.244   3.680   3.039
2012-08-26T05:22:11.580000Z  46.712  38.443  18.846   2.800  158  158   73    0    0   41   0.220   3.850   3.294
2012-08-26T09:36:52.920000Z  46.659  38.442  15.434   3.900  169  169  117    0    0   40   0.252   3.462   2.590
2012-08-26T09:43:21.890000Z  46.658  38.450  16.172   3.900  185  185  129    0    0   39   0.286   3.565   2.879
2012-08-26T11:15:27.930000Z  46.683  38.436  18.918   2.300  155  155   87    0    0   41   0.221   3.780   2.586
2012-08-26T12:50:54.950000Z  46.702  38.395  12.636   1.900  165  165   82    0    0   44   0.256   3.603   2.853
2012-08-26T12:52:35.050000Z  46.640  38.437   6.011   1.800  168  168   87    0    0   39   0.298   3.285   3.059
2012-08-26T13:05:19.400000Z  46.639  38.437  11.701   2.100  121  121   68    0    0   39   0.250   3.394   2.451
2012-08-26T13:08:35.650000Z  46.668  38.435  15.463   3.800  192  192  110    0    0   40   0.259   3.480   2.548
2012-08-26T13:44:30.780000Z  46.743  38.395   8.618   1.500  121  121   68    0    0   45   0.295   3.472   2.711
2012-08-26T14:26:49.780000Z  46.704  38.353  11.833   1.800  132  132   61    0    0   48   0.294   3.798   3.848
2012-08-26T14:51:02.710000Z  46.845  38.449  17.395   1.700  204  204  112    0    0   44   0.326   3.544   2.609
2012-08-26T18:15:31.780000Z  46.867  38.427  12.400   3.400  161  161   94    0    0   43   0.297   3.743   3.455
2012-08-26T19:22:09.380000Z  46.644  38.434   4.029   1.300  174  174   98    0    0   40   0.207   3.565   4.579
2012-08-26T20:12:37.360000Z  46.672  38.434  15.086   1.300  157  157   89    0    0   41   0.235   3.723   3.188
2012-08-26T20:57:08.280000Z  46.710  38.464   4.335   1.700  151  151   80    0    0   39   0.243   3.568   3.692
2012-08-26T22:48:14.000000Z  46.664  38.477  14.845   2.800  126  126   64    0    0   37   0.273   3.865   3.459
2012-08-27T02:46:27.630000Z  46.650  38.421  20.466   1.700  180  180  112    0    0   41   0.269   3.891   3.948
2012-08-27T05:08:06.830000Z  46.582  38.446   3.475   1.900  110  110   63    0    0   37   0.224   4.222   5.825
2012-08-27T06:30:55.830000Z  46.699  38.410   3.109   2.100  172  172   96    0    0   43   0.238   3.231   2.715
2012-08-27T11:01:13.160000Z  46.695  38.406  19.964   2.500  143  143   77    0    0   43   0.233   3.577   2.187
2012-08-27T13:46:34.390000Z  46.703  38.376  18.991   1.700  118  118   58    0    0   46   0.255   3.689   2.703
2012-08-27T15:10:34.600000Z  46.838  38.403  17.227   1.600  139  139   89    0    0   45   0.229   3.461   2.628
2012-08-27T16:52:13.710000Z  46.863  38.438  19.802   2.200  197  197   99    0    0   45   0.268   3.466   2.101
2012-08-27T17:55:08.720000Z  46.812  38.392  18.608   2.000  178  178   99    0    0   46   0.259   3.476   2.438
2012-08-27T21:03:26.800000Z  46.681  38.397  14.386   1.900  219  219  107    0    0   44   0.294   3.691   3.162
2012-08-27T22:48:15.500000Z  46.742  38.342   9.012   1.300  138  138   65    0    0   50   0.272   3.502   3.242
2012-08-27T23:56:30.560000Z  46.886  38.436   9.492   3.400  173  173  106    0    0   49   0.343   3.888   4.096
2012-08-28T00:28:01.150000Z  46.702  38.390   2.895   1.500   92   92   57    0    0   45   0.306   3.679   3.469
2012-08-28T01:55:35.730000Z  46.705  38.411  12.336   2.000  150  150   67    0    0   43   0.298   3.551   2.616
2012-08-28T02:21:14.180000Z  46.586  38.435  20.776   2.500  113  113   58    0    0   38   0.340   4.112   4.458
2012-08-28T03:33:22.640000Z  46.671  38.397  14.823   1.800  159  159   86    0    0   44   0.260   3.470   2.545
2012-08-28T03:41:07.540000Z  46.783  38.411  22.034   2.100  136  136   82    0    0   44   0.289   3.494   2.512
2012-08-28T03:54:51.020000Z  46.632  38.431  20.264   1.400  209  209  118    0    0   40   0.231   3.592   4.204
2012-08-28T04:13:21.580000Z  46.785  38.385  13.603   1.400  176  176   82    0    0   47   0.204   3.368   2.463
2012-08-28T04:38:46.490000Z  46.776  38.402  20.097   2.400  147  147   69    0    0   45   0.202   3.474   2.740
2012-08-28T05:11:25.100000Z  46.746  38.441  24.190   1.700  199  199  109    0    0   42   0.241   3.553   2.842
2012-08-28T05:35:42.610000Z  46.661  38.391  19.164   1.300  127  127   72    0    0   44   0.287   3.768   3.013
2012-08-28T12:25:58.480000Z  46.598  38.433   3.785   1.900  133  133   77    0    0   38   0.260   3.660   5.232
2012-08-28T14:34:06.400000Z  46.716  38.409  11.521   1.700  156  156   96    0    0   44   0.369   3.723   3.012
2012-08-28T17:46:31.180000Z  46.745  38.439  19.907   3.300  161  161  105    0    0   42   0.281   3.776   2.827
2012-08-28T17:58:51.720000Z  46.651  38.416  19.336   3.600  127  127   78    0    0   41   0.268   3.711   3.043
2012-08-28T18:21:13.560000Z  46.660  38.405  16.938   1.900  196  196   83    0    0   42   0.222   3.609   2.492
2012-08-28T19:01:46.160000Z  46.663  38.430  14.776   1.200  148  148   76    0    0   41   0.247   3.451   2.524
2012-08-28T20:32:12.000000Z  46.661  38.415   4.929   1.900  170  170   79    0    0   42   0.254   3.299   3.530
2012-08-29T00:27:04.880000Z  46.608  38.430  20.098   2.400  149  149   80    0    0   39   0.293   4.104   4.052
2012-08-29T01:01:26.090000Z  46.851  38.449  31.000   1.600   94   94   52    0    0   45   0.222   4.105   3.867
2012-08-29T08:56:38.470000Z  46.692  38.497   5.332   2.600  131  131   58    0    0   37   0.258   3.838   3.355
2012-08-29T10:43:12.800000Z  46.669  38.410  18.221   2.200  123  123   60    0    0   42   0.259   3.521   2.380
2012-08-29T11:46:27.320000Z  46.652  38.425  18.481   3.900  162  162  104    0    0   41   0.283   3.740   3.216
2012-08-29T12:10:30.690000Z  46.702  38.421  21.983   2.400  147  147   70    0    0   42   0.257   3.723   2.582
2012-08-29T13:32:44.170000Z  46.851  38.419  22.764   1.800  148  148   84    0    0   44   0.287   3.506   2.480
2012-08-29T13:46:42.100000Z  46.789  38.370  15.008   2.100  170  170   75    0    0   48   0.228   3.336   2.525
2012-08-29T18:30:50.080000Z  46.653  38.397  20.227   1.800  143  143   73    0    0   43   0.356   4.655   4.159
2012-08-30T03:42:46.160000Z  46.648  38.454  17.529   2.400  107  107   73    0    0   38   0.198   3.617   3.125
2012-08-30T06:25:50.220000Z  46.709  38.443  11.162   2.700  175  175   97    0    0   41   0.276   3.484   2.503
2012-08-30T06:30:42.600000Z  46.868  38.450  14.441   2.600  162  162   92    0    0   48   0.331   3.993   3.890
2012-08-30T06:45:56.200000Z  46.690  38.433   7.641   1.900  156  156   78    0    0   41   0.272   3.387   2.731
2012-08-30T10:16:09.800000Z  46.884  38.446  13.286   2.800  137  137   74    0    0   49   0.309   3.822   3.553
2012-08-30T11:33:16.580000Z  46.679  38.452  18.650   2.300  152  152   72    0    0   39   0.153   3.879   2.707
2012-08-30T21:03:18.240000Z  46.575  38.500   9.286   2.700  110  110   69    0    0   35   0.340   7.588   7.866
2012-08-30T21:43:49.040000Z  46.580  38.440  17.934   1.800  142  142   71    0    0   37   0.222   3.945   3.871
2012-08-31T02:58:32.860000Z  46.931  38.489  11.624   2.100  117  117   75    0    0   49   0.370   4.910   5.833
2012-08-31T04:00:58.990000Z  46.616  38.448  20.388   2.500  162  162   93    0    0   38   0.275   3.997   4.438
2012-08-31T09:08:19.360000Z  46.713  38.520  16.639   2.200  117  117   60    0    0   36   0.373   3.910   3.142
2012-08-31T11:14:26.100000Z  46.724  38.393   8.542   2.100  123  123   68    0    0   45   0.327   3.706   2.688
2012-08-31T11:31:18.420000Z  46.666  38.383  13.254   2.100  159  159   79    0    0   45   0.258   3.859   3.465
2012-08-31T20:16:00.040000Z  46.770  38.378   0.711   1.900  114  114   53    0    0   47   0.248   3.606   3.330
2012-08-31T21:14:55.180000Z  46.649  38.437   9.800   1.400  146  146   75    0    0   40   0.239   3.363   2.398
2012-08-31T22:41:14.200000Z  46.708  38.399  25.842   1.400  122  122   68    0    0   44   0.235   3.660   2.509
2012-08-31T22:52:20.740000Z  46.727  38.395  24.641   2.400  183  183   92    0    0   45   0.236   3.715   2.488
2012-09-01T00:58:21.440000Z  46.785  38.364   5.881   1.400  168  168   85    0    0   48   0.264   3.263   2.662
2012-09-01T01:44:29.000000Z  46.652  38.392   4.943   1.500  131  131   78    0    0   43   0.238   3.462   4.822
2012-09-01T02:01:47.270000Z  46.678  38.364  10.532   1.400  125  125   51    0    0   47   0.229   3.714   3.430
2012-09-01T05:04:03.720000Z  46.786  38.396  19.199   3.500  132  132   99    0    0   46   0.282   3.587   2.636
2012-09-01T06:20:20.570000Z  46.758  38.449  18.235   3.000  138  138   77    0    0   41   0.262   3.628   2.111
2012-09-01T06:22:17.240000Z  46.635  38.442  12.493   2.400  152  152   82    0    0   39   0.329   3.482   2.619
2012-09-01T06:36:36.430000Z  46.613  38.456  15.870   2.600  150  150   77    0    0   37   0.273   3.911   3.557
2012-09-01T07:12:11.790000Z  46.714  38.373  14.310   2.200  133  133   77    0    0   47   0.272   3.661   3.100
2012-09-01T13:21:57.540000Z  46.706  38.402  19.770   2.300  187  187   85    0    0   44   0.237   3.566   2.847
2012-09-01T14:26:05.140000Z  46.930  38.487  19.915   1.900  127  127   64    0    0   50   0.353   4.940   4.293
2012-09-01T16:38:47.050000Z  46.940  38.324  10.429   1.600   88   88   54    0    0   46   0.208   3.792   2.859
2012-09-01T17:48:09.840000Z  46.860  38.385  14.071   1.700  136  136   68    0    0   46   0.251   3.483   2.881
2012-09-01T17:51:48.080000Z  46.723  38.382  16.497   1.700  129  129   71    0    0   46   0.271   3.470   2.521
2012-09-01T19:26:16.560000Z  46.646  38.367   3.582   1.600  177  177   90    0    0   45   0.240   4.012   5.910
2012-09-01T19:37:58.280000Z  46.778  38.387  18.695   1.700  115  115   66    0    0   46   0.171   3.552   2.768
2012-09-01T19:51:35.240000Z  46.781  38.381  18.785   2.000  156  156   81    0    0   47   0.194   3.548   2.729
2012-09-01T20:59:34.040000Z  46.792  38.385  17.786   2.800  170  170   97    0    0   47   0.273   3.483   2.748
2012-09-01T21:16:10.840000Z  46.814  38.391  19.905   1.100  116  116   74    0    0   46   0.331   3.901   3.367
2012-09-01T22:17:44.560000Z  46.724  38.425  17.769   2.300  146  146   83    0    0   42   0.307   3.615   2.274
2012-09-02T01:33:44.730000Z  46.928  38.315  11.005   1.600   74   74   39    0    0   46   0.226   3.769   2.924
2012-09-02T02:53:47.340000Z  46.858  38.401  17.735   3.400  157  157   81    0    0   45   0.211   3.406   2.376
2012-09-02T04:11:26.000000Z  46.777  38.429  20.170   2.900  157  157   82    0    0   43   0.260   3.498   2.314
2012-09-02T08:50:11.320000Z  46.784  38.432  16.819   4.200  102  102   69    0    0   43   0.282   3.422   2.342
2012-09-02T09:03:16.630000Z  46.783  38.408  17.679   3.400  118  118   58    0    0   45   0.252   3.465   2.582
2012-09-02T09:24:34.620000Z  46.713  38.449  29.317   2.700  123  123   72    0    0   40   0.270   3.771   3.130
2012-09-02T11:11:50.790000Z  46.657  38.389  19.740   3.100  121  121   77    0    0   44   0.233   3.766   2.699
2012-09-02T13:44:03.580000Z  46.692  38.397  17.946   3.000  112  112   60    0    0   44   0.242   3.497   2.324
2012-09-02T14:22:20.770000Z  46.761  38.405  20.560   2.000  163  163   92    0    0   45   0.267   3.472   2.681
2012-09-02T15:36:24.260000Z  46.776  38.367   9.718   1.900  205  205   98    0    0   48   0.232   3.215   2.440
2012-09-02T21:26:29.520000Z  46.716  38.438  24.118   1.800  168  168   92    0    0   41   0.249   3.457   2.455
2012-09-02T23:16:42.340000Z  46.696  38.228   7.282   2.400   13   13    8    0    0   62   0.250  77.647  88.862
2012-09-03T04:43:10.020000Z  46.649  38.439  15.675   2.900  182  182   94    0    0   40   0.249   3.441   2.549
2012-09-03T05:58:14.780000Z  46.712  38.394  23.647   2.500  156  156  101    0    0   45   0.251   3.648   2.545
2012-09-03T13:59:30.010000Z  46.836  38.370  16.368   2.200  123  123   60    0    0   48   0.252   3.432   2.530
2012-09-03T14:19:24.850000Z  46.807  38.342   8.788   1.900  179  179   89    0    0   50   0.211   3.198   2.496
2012-09-03T16:21:10.870000Z  46.706  38.394  21.036   2.100  139  139   78    0    0   45   0.269   3.790   3.252
2012-09-03T16:29:58.880000Z  46.864  38.394  19.594   1.800  185  185   95    0    0   46   0.243   3.420   2.066
2012-09-03T17:17:11.440000Z  46.859  38.414  20.544   2.200  222  222  110    0    0   44   0.265   3.434   2.238
2012-09-03T17:17:34.360000Z  46.859  38.424  18.814   2.200  211  211  116    0    0   44   0.263   3.411   1.951
2012-09-03T20:11:43.800000Z  46.846  38.339   3.923   1.900  135  135   69    0    0   49   0.181   3.581   2.817
2012-09-03T22:23:46.180000Z  46.642  38.383  16.538   1.500  184  184   88    0    0   44   0.218   3.504   2.497
2012-09-03T23:30:50.440000Z  46.791  38.390   9.517   1.200  168  168   77    0    0   46   0.299   3.234   2.408
2012-09-03T23:59:57.320000Z  46.790  38.365   3.755   1.200  121  121   60    0    0   48   0.215   3.467   3.906
2012-09-04T00:21:16.080000Z  46.775  38.396  24.665   1.500  160  160   76    0    0   45   0.231   3.591   2.661
2012-09-04T00:42:55.720000Z  46.784  38.546  15.751   1.000  119  119   55    0    0   35   0.297   5.150   5.386
2012-09-04T00:50:38.350000Z  46.777  38.383  18.590   2.200  165  165   84    0    0   47   0.221   3.511   2.750
2012-09-04T02:08:30.950000Z  46.640  38.404  18.608   1.300  150  150   97    0    0   42   0.204   3.736   2.778
2012-09-04T02:09:03.800000Z  46.660  38.407  20.490   1.400  160  160   76    0    0   42   0.269   3.688   3.075
2012-09-04T03:13:48.490000Z  46.704  38.402  20.784   2.900  140  140   81    0    0   44   0.263   3.797   2.918
2012-09-04T04:20:28.690000Z  46.691  38.399  19.785   2.800  140  140   86    0    0   44   0.204   3.553   2.152
2012-09-04T05:43:56.990000Z  46.721  38.403  20.227   2.600  162  162   77    0    0   44   0.208   3.663   2.809
2012-09-04T08:16:12.520000Z  46.778  38.394  19.287   2.500  133  133   73    0    0   46   0.195   3.602   2.729
2012-09-04T13:55:56.880000Z  46.710  38.330   3.820   2.200  112  112   56    0    0   51   0.299   3.997   4.071
2012-09-04T14:21:11.350000Z  46.715  38.383   4.471   1.800  143  143   90    0    0   46   0.252   3.506   3.563
2012-09-04T17:25:39.360000Z  46.817  38.383  19.597   2.300  142  142   78    0    0   47   0.241   3.460   2.362
2012-09-04T17:52:32.600000Z  46.800  38.375  15.621   1.200  134  134   69    0    0   47   0.191   3.453   2.719
2012-09-04T18:15:09.480000Z  46.718  38.438  29.329   1.200  129  129   71    0    0   41   0.214   3.651   2.672
2012-09-04T18:33:30.720000Z  46.795  38.391  18.076   1.300  174  174   91    0    0   46   0.220   3.539   2.724
2012-09-04T19:17:58.820000Z  46.814  38.404  17.840   1.400  148  148   75    0    0   45   0.270   3.474   2.511
2012-09-04T23:53:44.900000Z  46.784  38.334   3.532   1.000  125  125   67    0    0   51   0.192   3.561   3.983
2012-09-05T01:28:05.260000Z  46.788  38.438  10.070   1.500  126  126   69    0    0   42   0.328   3.395   2.525
2012-09-05T03:02:42.120000Z  46.657  38.432  15.740   2.600  126  126   75    0    0   40   0.262   3.669   3.299
2012-09-05T09:33:45.870000Z  46.711  38.407  15.210   3.900  111  111   70    0    0   44   0.311   3.644   2.991
2012-09-05T12:14:04.130000Z  46.669  38.448  13.772   2.900  148  148   82    0    0   39   0.270   3.481   2.559
2012-09-05T15:07:19.630000Z  46.786  38.401  18.770   1.700  119  119   73    0    0   45   0.235   3.458   2.456
2012-09-05T16:00:06.850000Z  46.689  38.385  19.635   2.200  137  137   78    0    0   45   0.192   3.686   2.605
2012-09-05T17:14:36.680000Z  46.861  38.375  15.794   2.000  127  127   71    0    0   47   0.268   3.492   2.533
2012-09-05T18:47:38.760000Z  46.648  38.400  20.124   2.400  134  134   70    0    0   42   0.248   3.741   3.008
2012-09-05T19:03:13.540000Z  46.806  38.436  19.587   2.200  165  165   95    0    0   43   0.308   3.621   3.478
2012-09-05T21:26:41.840000Z  46.796  38.385  18.737   1.600  205  205  120    0    0   47   0.232   3.554   2.821
2012-09-05T23:48:36.720000Z  46.858  38.423   4.787   2.000  149  149   65    0    0   44   0.346   3.542   3.246
2012-09-06T01:19:42.220000Z  46.780  38.433  19.182   2.300  165  165   91    0    0   43   0.312   3.583   2.357
2012-09-06T02:19:16.160000Z  46.843  38.389  18.381   2.400  188  188   86    0    0   46   0.247   3.414   2.214
2012-09-06T08:51:17.530000Z  46.656  38.386  19.876   2.000  117  117   84    0    0   44   0.279   3.774   3.196
2012-09-06T10:38:30.990000Z  46.817  38.404  13.573   2.200  131  131   71    0    0   45   0.308   3.417   2.801
2012-09-06T20:23:33.760000Z  46.656  38.413  19.886   2.100  153  153   77    0    0   42   0.225   3.695   2.871
2012-09-06T20:33:21.680000Z  46.866  38.396  20.010   2.100  220  220  107    0    0   45   0.271   3.431   2.148
2012-09-06T22:02:27.140000Z  46.854  38.366  17.986   1.800  127  127   68    0    0   47   0.212   3.492   2.560
2012-09-06T22:07:25.400000Z  46.689  38.386  19.328   1.500  151  151  101    0    0   45   0.177   3.577   2.204
2012-09-06T23:38:04.680000Z  46.702  38.407  19.381   1.300  137  137   92    0    0   43   0.236   3.573   2.315
2012-09-06T23:56:03.820000Z  46.775  38.378  14.385   1.200  155  155   75    0    0   47   0.221   3.352   2.494
2012-09-07T02:35:37.940000Z  47.055  38.445   3.728   1.400   31   31   15    0    0   57   0.316   8.654   9.091
2012-09-07T12:46:24.230000Z  46.719  38.387  19.297   3.100  155  155   88    0    0   45   0.246   3.581   2.293
2012-09-07T16:10:54.750000Z  46.799  38.444  20.412   2.600  152  152   97    0    0   42   0.315   3.510   2.825
2012-09-07T16:49:54.150000Z  46.659  38.403  16.412   1.700  203  203   79    0    0   43   0.246   3.549   2.351
2012-09-07T17:25:50.460000Z  46.813  38.391  18.047   2.000  169  169   77    0    0   46   0.230   3.498   2.627
2012-09-07T17:53:54.500000Z  46.715  38.382  18.484   1.600  185  185  109    0    0   46   0.241   3.488   2.465
2012-09-07T19:17:21.120000Z  46.790  38.452  19.724   2.500  189  189   98    0    0   41   0.234   3.486   1.925
2012-09-07T19:29:15.640000Z  46.708  38.395  19.510   2.500  198  198  107    0    0   45   0.211   3.592   2.328
2012-09-07T19:49:29.480000Z  46.808  38.345  11.482   1.400  161  161   84    0    0   50   0.219   3.226   2.539
2012-09-07T20:00:06.760000Z  46.807  38.387  15.358   1.700  128  128   75    0    0   46   0.191   3.376   2.543
2012-09-07T20:47:22.760000Z  46.812  38.384  14.175   1.400  179  179   93    0    0   47   0.221   3.312   2.495
2012-09-07T21:33:48.800000Z  46.663  38.375   3.618   1.700  153  153   87    0    0   45   0.258   3.679   2.820
2012-09-07T21:36:57.080000Z  46.898  38.388  18.531   2.100  129  129   68    0    0   45   0.231   3.455   2.328
2012-09-07T23:37:52.760000Z  46.853  38.364   2.722   1.300  125  125   64    0    0   47   0.239   3.840   3.409
2012-09-08T00:53:37.030000Z  46.748  38.461  19.798   2.200  146  146   87    0    0   40   0.306   3.714   3.290
2012-09-08T01:12:29.890000Z  46.772  38.381  14.852   1.400  149  149   61    0    0   47   0.184   3.394   2.339
2012-09-08T02:31:18.470000Z  46.866  38.423  23.361   1.300  176  176   96    0    0   44   0.239   3.514   2.382
2012-09-08T04:16:15.330000Z  46.662  38.396  16.099   2.300  152  152   80    0    0   43   0.236   3.514   2.513
2012-09-08T04:46:49.400000Z  46.648  38.365  21.000   1.600  111  111   70    0    0   46   0.282   4.006   3.831
2012-09-08T06:52:30.750000Z  46.700  38.392  16.436   3.200  119  119   76    0    0   45   0.237   3.459   2.568
2012-09-08T08:30:03.700000Z  46.769  38.398  13.486   2.500  127  127   54    0    0   45   0.275   3.431   2.415
2012-09-08T09:38:37.500000Z  46.793  38.325  11.321   2.000  124  124   68    0    0   51   0.282   3.205   2.523
2012-09-08T14:01:12.380000Z  46.654  38.378   3.987   1.900  215  215  106    0    0   45   0.253   3.806   5.279
2012-09-08T20:35:44.500000Z  46.847  38.385  12.039   3.600  125  125   73    0    0   47   0.394   3.560   3.131
2012-09-08T21:04:44.860000Z  46.788  38.373  12.951   1.600  235  235   97    0    0   48   0.262   3.291   2.425
2012-09-08T21:24:06.280000Z  46.690  38.454   5.126   2.000  156  156   69    0    0   40   0.207   3.505   4.274
2012-09-09T04:50:27.820000Z  46.720  38.388  14.552   1.600  173  173   73    0    0   45   0.281   3.533   2.683
2012-09-09T10:08:20.430000Z  46.850  38.402  18.321   3.000  181  181   93    0    0   45   0.243   3.417   2.275
2012-09-09T13:58:18.060000Z  46.689  38.368  19.141   2.700  162  162   83    0    0   47   0.266   3.670   2.721
2012-09-09T17:40:01.640000Z  46.683  38.393   3.822   1.600  165  165   69    0    0   44   0.224   3.502   3.485
2012-09-09T20:25:44.320000Z  46.645  38.390  17.083   2.000  148  148   77    0    0   43   0.241   3.576   2.347
2012-09-09T22:06:59.800000Z  46.663  38.443  20.548   2.000  172  172   98    0    0   40   0.298   3.750   4.219
2012-09-09T22:07:57.560000Z  46.663  38.400   9.291   1.400  117  117   58    0    0   43   0.272   3.640   3.082
2012-09-09T22:50:38.640000Z  46.878  38.343   8.535   1.800  135  135   81    0    0   47   0.209   3.435   2.629
2012-09-10T01:47:02.680000Z  46.718  38.447  17.101   1.700  127  127   69    0    0   41   0.276   3.476   2.224
2012-09-10T02:02:12.820000Z  46.828  38.405  19.237   2.900  177  177   76    0    0   45   0.217   3.451   2.376
2012-09-10T08:55:50.100000Z  46.711  38.396  19.089   3.800  111  111   93    0    0   45   0.306   3.571   2.414
2012-09-10T13:28:35.360000Z  46.715  38.223  16.488   2.000   13   13    8    0    0   61   0.250  80.165  70.516
2012-09-10T17:25:44.560000Z  46.641  38.396   4.855   1.800  182  182   90    0    0   43   0.229   3.443   4.677
2012-09-10T19:32:17.900000Z  46.775  38.498  24.199   1.900  138  138   64    0    0   38   0.290   3.905   3.780
2012-09-11T00:09:48.510000Z  46.544  38.402  20.767   1.100  120  120   67    0    0   38   0.210   5.011   5.707
2012-09-11T03:23:33.010000Z  46.777  38.389  17.390   2.300  141  141   75    0    0   46   0.235   3.447   2.698
2012-09-11T03:25:33.150000Z  46.658  38.403  17.145   2.300  164  164   86    0    0   43   0.245   3.921   3.875
2012-09-11T10:30:33.340000Z  46.657  38.412  19.753   3.300  125  125  101    0    0   42   0.368   3.755   2.776
2012-09-11T16:30:16.200000Z  46.808  38.345   2.188   1.200  117  117   55    0    0   50   0.211   3.531   3.949
2012-09-11T17:38:52.640000Z  46.927  38.334   4.147   1.800  117  117   60    0    0   46   0.340   3.982   3.800
2012-09-11T21:41:12.400000Z  46.912  38.359  12.763   1.800  130  130   66    0    0   45   0.248   3.516   2.737
2012-09-11T22:48:26.100000Z  46.714  38.438  20.872   2.000  168  168   90    0    0   41   0.274   3.604   2.720
2012-09-12T09:15:43.730000Z  46.654  38.363   4.354   2.000  119  119   59    0    0   46   0.293   3.715   5.117
2012-09-12T10:03:30.090000Z  46.658  38.388   3.707   2.300  165  165   88    0    0   44   0.266   3.594   4.706
2012-09-12T12:44:25.570000Z  46.691  38.394  19.606   1.500  131  131   66    0    0   44   0.202   4.181   5.413
2012-09-12T12:59:24.930000Z  46.675  38.389  15.623   2.900  141  141   77    0    0   44   0.252   3.547   2.785
2012-09-12T20:33:52.360000Z  46.636  38.391  14.750   1.400  134  134   60    0    0   43   0.255   3.651   2.958
2012-09-12T20:41:41.440000Z  46.543  38.445  12.608   1.800   92   92   44    0    0   35   0.205   5.318   5.691
2012-09-12T22:46:04.320000Z  46.656  38.400   4.331   1.300  230  230   94    0    0   43   0.259   3.471   4.830
2012-09-12T23:11:17.300000Z  46.704  38.400  18.898   0.700  143  143   78    0    0   44   0.232   3.536   2.114
2012-09-13T00:19:47.860000Z  46.670  38.429  16.082   1.700  200  200  132    0    0   41   0.293   3.444   2.511
2012-09-13T01:51:45.670000Z  46.655  38.384  14.696   1.700  178  178   83    0    0   44   0.229   3.585   2.954
2012-09-13T04:27:37.370000Z  46.848  38.420  19.952   2.100  266  266  146    0    0   44   0.274   3.414   2.024
2012-09-13T12:12:12.920000Z  46.872  38.427  18.707   2.500  199  199  109    0    0   44   0.314   3.490   2.160
2012-09-13T14:15:49.040000Z  46.711  38.402  20.872   1.600  132  132   67    0    0   44   0.237   3.692   3.000
2012-09-13T14:51:28.940000Z  46.635  38.376   5.095   2.100  132  132   71    0    0   44   0.238   3.535   5.176
2012-09-13T16:48:09.710000Z  46.857  38.343   8.238   1.700  212  212   90    0    0   48   0.234   3.358   2.485
2012-09-13T17:42:24.340000Z  46.769  38.381  18.597   1.900  167  167   81    0    0   47   0.197   3.494   2.740
2012-09-13T18:19:28.080000Z  46.652  38.402  13.672   1.800  129  129   72    0    0   42   0.240   3.646   3.009
2012-09-13T19:05:15.280000Z  46.794  38.360  11.648   1.800  153  153   86    0    0   49   0.214   3.217   2.441
2012-09-13T19:45:20.320000Z  46.703  38.399  19.776   3.200  152  152  117    0    0   44   0.218   3.624   2.260
2012-09-13T22:30:03.960000Z  46.877  38.386  17.390   1.600  134  134   55    0    0   46   0.203   3.435   2.335
2012-09-13T22:57:56.040000Z  46.655  38.401  15.689   1.600  161  161   92    0    0   43   0.230   3.542   2.668
2012-09-13T23:56:12.560000Z  46.726  38.392  28.470   1.000  111  111   58    0    0   45   0.214   3.872   2.818
2012-09-14T00:42:36.550000Z  46.829  38.394  18.045   2.500  177  177   98    0    0   46   0.257   3.473   2.563
2012-09-14T02:19:37.930000Z  46.660  38.389  16.022   3.500  132  132   79    0    0   44   0.360   3.555   2.645
2012-09-14T13:21:02.000000Z  46.779  38.364  10.724   1.800  211  211  102    0    0   48   0.250   3.245   2.498
2012-09-14T14:32:33.170000Z  46.620  38.436  19.800   2.600  175  175   86    0    0   39   0.235   3.834   4.075
2012-09-14T16:41:04.770000Z  46.794  38.393  13.658   2.400  157  157   73    0    0   46   0.276   3.416   2.487
2012-09-15T11:01:17.270000Z  46.783  38.382  19.673   2.600  200  200   98    0    0   47   0.220   3.501   2.630
2012-09-15T19:19:20.880000Z  46.811  38.411  18.623   2.200  151  151   68    0    0   44   0.233   3.492   2.426
2012-09-15T20:28:28.940000Z  46.792  38.373  11.721   1.500  209  209   96    0    0   48   0.247   3.242   2.484
2012-09-15T21:17:10.920000Z  46.858  38.374  18.685   1.700  122  122   63    0    0   47   0.234   3.458   2.271
2012-09-16T01:01:33.670000Z  46.575  38.383   3.264   0.900   99   99   69    0    0   41   0.355   4.875   6.879
2012-09-16T17:12:51.140000Z  46.859  38.405  18.964   2.400  187  187   74    0    0   45   0.197   3.392   2.075
2012-09-16T18:06:51.240000Z  46.710  38.327   4.209   2.500  105  105   66    0    0   51   0.245   3.767   4.059
2012-09-16T19:48:09.400000Z  46.780  38.336  12.816   1.300  121  121   65    0    0   51   0.234   3.224   2.491
2012-09-16T22:59:03.540000Z  46.727  38.387  18.901   1.500  158  158   79    0    0   46   0.232   3.556   2.529