 DATE    ORIGIN    LAT N    LONG E    DEPTH    MAG NO GAP DMIN  RMS  ERH  ERZ QM
 10203 -159 59.63 33-50.79  52-35.75  21.34        20 214 41.7 0.26  0.9  0.8 C1
 10203  0 1  9.94 33-29.59  52-40.75  23.77        19 184 78.2 0.17  1.1  1.6 C1
 10203  0 2 19.36 33-51.83  52-53.14  27.56        20 134 70.0 0.24  0.7  1.2 C1
 10203  0 3 30.06 34- 0.32  52-31.72  19.74        21 135 34.8 0.19  0.6  0.6 B1
 10203  0 4 40.03 33-39.30  52-32.32  20.03        22 163 58.1 0.14  0.4  0.7 C1
 10203  0 5 49.92 33-54.17  52-40.69  23.22        23 131 32.2 0.18  0.5  0.8 B1
 10203  0 6 59.96 33-50.09  52-32.65  19.43        21 163 45.7 0.13  0.4  0.4 B1
 10203  0 8  9.96 33-31.26  52-42.05  27.67        21 204 71.2 0.20  0.9  1.0 C1
 10203  0 9 20.11 33-37.01  52-38.91  26.56        21 168 62.2 0.12  0.4  1.0 C1
 10203  010 29.82 34- 6.99  52-31.69  19.25        21 107 27.7 0.23  0.6  0.8 B1
 10203  011 39.30 33-56.35  52-55.67  28.85        21 125 23.9 0.25  0.8  1.0 B1
 10203  012 51.03 33-24.53  52-30.67  28.94        20 199 71.2 0.35  1.5  1.5 D1
 10203  013 59.99 33-45.96  52-34.95  20.64        23 168 49.8 0.17  0.5  0.8 C1
 10203  015 10.10 33-47.19  52-38.51  27.52        21 207 45.1 0.25  1.1  1.1 C1
 10203  016 20.13 33-35.46  52-28.08  20.12        21 173 55.9 0.18  0.7  1.1 C1
 10203  017 29.76 33-36.24  52-49.06  27.61        19 193 84.2 0.16  0.9  0.8 C1
 10203  018 39.89 33-40.34  52-46.31  27.90        21 159 73.1 0.09  0.3  0.5 C1
 10203  019 50.15 33-43.87  52-29.03  18.96        22 171 50.2 0.14  0.5  0.5 C1
 10203  020 59.80 33-48.03  52-46.98  26.74        23 166 39.3 0.12  0.3  0.7 B1
 10203  022 10.17 33-47.72  52-34.56  20.26        20 144 47.4 0.18  0.5  0.7 C1
 10203  023 19.37 34- 1.95  52-51.37  28.79        24 116 12.8 0.24  0.6  0.7 B1
 10203  024 30.37 33-18.47  52-32.77  19.13        19 212 78.4 0.34  1.9  2.0 D1
 10203  025 39.37 34- 3.03  52-56.17  29.74        20 113 38.3 0.22  0.9  1.2 B1
 10203  026 50.40 33-45.87  52-33.25  23.31        24 148 51.3 0.19  0.5  1.1 C1
 10203  027 59.93 33-48.62  52-14.51   7.83        23 135 26.2 0.21  0.6  0.7 C1
 10203  029  9.41 34- 7.71  52-52.00  26.35        18 107  2.2 0.22  0.8  0.8 B1
 10203  030 20.02 33-42.45  52-43.56  27.23        21 155 50.5 0.13  0.4  0.6 C1
 10203  031 30.19 33-43.11  52-31.45  21.26        21 174 54.2 0.14  0.5  0.8 C1
 10203  032 39.98 33-28.59  52-33.88  22.79        20 208 70.7 0.14  0.6  0.9 C1
 10203  033 50.04 33-39.77  52-15.12  11.04        20 162 35.2 0.24  0.7  0.7 C1
 10203  034 59.96 33-23.39  52-45.45  23.93        21 197 93.7 0.38  1.9  2.6 D1
 10203  036  9.38 33-58.87  52-44.75  23.83        23 122 21.5 0.23  0.6  0.9 B1
 10203  037 20.04 34- 7.63  52-24.93  14.26        25 129 33.6 0.20  0.4  0.6 C1
 10203  038 29.48 33-48.42  52-58.12  32.32        19 139 63.3 0.19  0.6  0.8 C1
 10203  039 40.51 33-28.91  52-27.38  21.97        22 190 64.1 0.35  1.3  1.8 D1
 10203  040 50.00 33-51.85  52-37.16  21.60        20 135 38.8 0.15  0.4  0.5 B1
 10203  042  0.34 33-46.65  52-38.07  25.55        22 188 61.3 0.18  0.7  1.0 C1
 10203  043 10.18 33-40.65  52-28.09  18.02        23 160 51.1 0.19  0.5  0.8 C1
 10203  044 20.20 33-54.79  52-40.62  26.72        20 130 65.6 0.12  0.4  1.0 C1
 10203  045 29.81 33-38.90  52-49.92  31.40        20 181 55.5 0.13  0.5  0.6 C1
 10203  046 40.39 33-40.64  52-25.46  19.62        24 195 47.5 0.29  1.1  1.2 C1
 10203  047 50.41 33-59.46  52-25.99  17.31        20 118 44.8 0.21  0.6  0.9 C1
 10203  048 59.98 33-48.44  52-34.65  19.08        22 142 56.8 0.17  0.4  0.7 C1
 10203  050 10.13 33-26.89  52-51.52  33.78        19 214 77.6 0.33  2.3  4.0 D1
 10203  051 20.14 33-38.31  52-34.95  21.87        19 192 62.3 0.17  0.6  0.9 C1
 10203  052 29.74 33-59.12  52-41.76  22.65        24 141 23.9 0.25  0.6  0.9 C1
 10203  053 39.71 33-41.54  52-46.81  27.96        20 201 51.2 0.19  0.7  0.8 C1
 10203  054 50.14 33-43.47  52-33.07  19.14        23 153 55.2 0.15  0.4  0.5 C1
 10203  056  0.21 33-42.41  52-34.16  23.86        20 203 56.0 0.17  0.8  1.0 C1
 10203  057 10.06 33-41.18  52-40.88  25.96        21 181 53.9 0.15  0.5  0.8 C1
 10203  058 20.17 33-38.37  52-36.63  26.01        19 250 61.1 0.20  1.2  1.1 C1
 10203  059 30.10 33-56.56  52-24.31  14.50        22 123 41.1 0.24  0.6  1.0 C1
 10203  1 0 39.71 33-50.34  52-48.02  29.74        19 156 34.8 0.15  0.5  0.6 B1
 10203  1 1 50.14 33-42.10  52-31.42  19.16        20 157 54.8 0.16  0.5  0.7 C1
 10203  1 3  0.05 33-52.80  52-18.34  10.27        23 128 31.2 0.22  0.6  0.6 C1
 10203  1 4  9.90 33-49.53  52-39.25  24.40        21 140 40.7 0.14  0.5  0.9 B1
 10203  1 5 19.85 33-58.40  52-35.91  19.54        20 122 40.2 0.18  0.5  0.7 C1
 10203  1 6 29.71 33-48.79  52-49.40  29.04        22 165 58.4 0.15  0.5  0.7 C1
 10203  1 7 39.99 33-32.14  52-41.48  27.15        20 178 69.8 0.15  0.7  1.1 C1
 10203  1 8 50.19 34- 6.79  52-27.63  16.23        20 106 52.6 0.22  0.6  1.0 C1
 10203  1 9 59.94 33-32.66  52-32.99  20.78        20 179 65.1 0.18  0.6  1.0 C1
 10203  111  9.80 33-30.61  52-42.20  27.21        23 204 72.3 0.22  0.9  1.0 C1
 10203  112 20.08 33-49.21  52-17.35  12.83        21 190 30.2 0.20  0.7  0.7 C1
 10203  113 30.11 33-48.28  52-35.91  21.58        19 143 58.8 0.08  0.3  0.5 C1
 10203  114 39.45 34-10.17  52-47.57  23.05        19 114  7.1 0.26  0.8  0.7 B1
 10203  115 49.73 33-56.44  52-42.13  22.98        21 126 27.5 0.17  0.5  0.9 B1
 10203  117  0.09 33-36.08  52-31.23  20.77        18 171 59.4 0.15  0.6  0.9 C1
 10203  118 10.06 33-47.48  52-33.05  20.40        22 144 54.6 0.14  0.4  0.8 C1
 10203  119 20.13 33-43.12  52-29.24  19.32        24 184 51.0 0.21  0.7  0.9 C1
 10203  120 30.34 33-45.49  52-29.18  19.00        23 148 49.6 0.17  0.5  0.6 C1
 10203  121 39.98 33-48.87  52-14.99   9.95        23 151 26.8 0.21  0.6  0.6 C1
 10203  122 50.02 33-44.20  52-44.86  29.14        22 151 46.9 0.08  0.3  0.4 B1
 10203  123 59.45 33-33.55  52-56.15  31.28        18 172 78.4 0.17  1.0  1.8 C1
 10203  125 10.07 33-46.39  52-39.27  23.82        21 147 45.9 0.15  0.4  0.9 B1
 10203  126 20.14 33-58.12  52-24.81  14.77        24 120 42.4 0.15  0.4  0.6 C1
 10203  127 30.13 33-48.43  52-37.69  24.42        19 142 58.0 0.13  0.4  0.8 C1
 10203  128 39.89 33-53.20  52-37.42  21.70        19 133 36.6 0.15  0.4  0.6 B1
 10203  129 49.53 33-58.26  52-48.01  27.43        25 123 20.5 0.25  0.6  0.7 B1
 10203  131  0.38 33-34.58  52-31.01  24.66        22 205 60.6 0.24  1.0  1.3 C1
 10203  132 10.70 33-43.97  52-24.44  17.38        23 151 43.5 0.27  0.8  1.1 C1
 10203  133 19.80 33-56.07  52-34.27  19.07        21 127 36.0 0.13  0.4  0.4 B1
 10203  134 30.10 33-43.55  52-31.64  18.93        21 173 54.3 0.15  0.5  0.6 C1
 10203  135 40.14 33-35.45  52-11.50  10.82        23 176 37.6 0.25  1.1  1.0 C1
 10203  136 50.11 34- 0.53  52-25.84  14.58        24 157 43.0 0.18  0.5  0.7 C1
 10203  137 59.93 33-50.88  52-40.31  24.07        21 158 37.8 0.12  0.3  0.8 B1
 10203  139 10.04 33-41.44  52-30.58  18.83        19 177 54.1 0.13  0.5  0.8 C1
 10203  140 20.20 33-55.03  52-30.56  20.17        19 128 41.7 0.15  0.4  0.4 B1
 10203  141 29.85 33-44.11  52-46.61  29.79        21 151 46.5 0.09  0.3  0.4 B1
 10203  142 40.16 33-54.40  52-23.74  14.45        19 127 39.6 0.19  0.5  0.8 C1
 10203  143 50.63 33-48.01  52-20.14  14.17        24 140 34.9 0.34  0.8  1.3 C1
 10203  144 59.70 33-54.46  52-37.33  20.43        22 130 34.8 0.16  0.4  0.6 B1
 10203  146  9.92 33-48.23  52-44.64  26.12        23 162 39.8 0.11  0.3  0.6 B1
 10203  147 20.39 33-51.64  52-26.01  17.69        23 134 43.0 0.20  0.5  0.7 C1
 10203  148 30.24 33-41.20  52-29.25  19.67        19 159 52.3 0.15  0.5  0.8 C1
 10203  149 39.87 33-20.10  52-46.25  30.15        22 204 90.6 0.22  1.1  2.0 C1
 10203  150 50.15 33-40.10  52-27.93  16.70        21 161 51.3 0.17  0.5  0.8 C1
 10203  152  0.12 33-42.72  52-22.72  14.75        19 191 42.0 0.25  1.3  1.4 C1
 10203  153 10.13 33-18.90  52-45.47  28.25        23 249 92.9 0.28  1.3  1.2 C1
 10203  154 20.23 33-53.69  52-25.01  15.84        23 171 41.5 0.22  0.6  0.8 C1
 10203  155 30.00 33-45.12  52-41.53  25.67        20 149 46.7 0.11  0.3  0.6 B1
 10203  156 39.60 33-57.00  52-51.43  30.26        18 124 85.7 0.16  0.5  0.9 C1
 10203  157 49.72 34- 4.85  52-36.51  19.62        25 111 24.8 0.16  0.4  0.4 B1
 10203  159  0.06 33-44.36  52-37.43  22.93        19 151 62.4 0.09  0.3  0.6 C1
 10203  2 0  9.47 34- 5.13  52-52.07  28.94        23 111  6.9 0.25  0.7  0.9 B1
 10203  2 1 20.53 33-39.83  52-24.75  21.61        21 197 47.2 0.34  1.5  1.9 D1
 10203  2 2 30.13 34- 6.02  52-13.75  11.28        20 120 32.9 0.19  0.7  0.7 C1
 10203  2 3 40.61 33-44.62  52-35.48  26.51        23 196 51.5 0.27  1.0  1.1 C1
 10203  2 4 49.96 33-51.42  52-39.10  21.61        21 136 37.8 0.14  0.4  0.5 B1
 10203  2 6  0.04 33-41.45  52-32.67  20.19        24 158 57.0 0.12  0.3  0.6 C1
 10203  2 7 10.18 33-43.37  52-28.70  19.16        20 153 50.1 0.17  0.5  0.9 C1
 10203  2 8 19.98 33-49.38  52-12.05   7.54        19 132 22.2 0.18  0.6  0.8 C1
 10203  2 9 30.38 33-46.13  52-27.86  18.39        19 183 47.3 0.17  0.6  0.6 C1
 10203  210 39.33 33-52.02  52-57.42  30.58        20 158 32.3 0.23  0.8  0.9 C1
 10203  211 50.28 33-36.35  52-39.56  28.49        20 194 63.1 0.26  1.1  1.3 C1
 10203  212 59.86 33-52.48  52-43.19  25.45        23 134 33.1 0.18  0.5  0.9 B1
 10203  214  9.41 34- 2.67  52-44.98  23.79        21 115 15.7 0.33  0.9  0.9 C1
 10203  215 20.24 33-49.63  52-27.46  15.11        18 139 45.5 0.16  0.5  0.8 C1
 10203  216 29.79 33-40.27  52-50.52  29.85        20 158 52.9 0.13  0.4  0.6 C1
 10203  217 40.14 34- 2.04  52-28.43  18.60        20 130 38.2 0.08  0.2  0.2 B1
 10203  218 49.70 33-34.19  52-43.66  27.23        22 197 65.4 0.22  0.9  1.0 C1
 10203  220  0.10 33-55.43  52-37.42  22.91        22 128 45.2 0.16  0.5  1.1 B1
 10203  221 10.45 33-55.56  52-20.66  14.27        22 139 35.2 0.27  0.8  1.1 C1
 10203  222 20.39 33-50.46  52-17.90  13.95        24 133 30.7 0.40  1.2  1.5 C1
 10203  223 29.56 33-36.58  53- 0.57  35.25        20 164 72.4 0.20  0.4  0.8 C1
 10203  224 39.85 33-54.52  52-33.51  19.31        20 130 38.8 0.15  0.4  0.5 B1
 10203  225 49.73 34- 7.36  52-31.07  17.54        21 122 27.7 0.21  0.5  0.5 B1
 10203  227  0.44 33-55.86  52-23.82  15.71        24 141 40.1 0.25  0.6  0.9 C1
 10203  228  9.92 33-39.31  52-32.92  19.41        19 163 58.9 0.13  0.4  0.7 C1
 10203  229 20.32 33-40.82  52-23.54  15.16        23 159 44.7 0.24  0.6  1.0 C1
 10203  230 29.86 33-58.83  52-35.78  19.31        25 161 31.0 0.16  0.4  0.5 C1
 10203  231 39.84 33-47.04  52-46.19  27.62        20 164 41.3 0.08  0.3  0.4 B1
 10203  232 50.32 33-46.71  52-29.73  18.98        22 146 49.9 0.14  0.4  0.5 B1
 10203  233 59.97 33-45.01  52-45.85  29.07        20 169 45.1 0.06  0.2  0.3 B1
 10203  235 10.21 33-37.55  52-25.02  17.61        19 186 49.8 0.20  1.0  1.2 C1
 10203  236 19.23 33-57.18  52-59.75  33.19        23 122 50.3 0.29  0.8  1.0 B1
 10203  237 30.15 33-43.96  52-37.27  24.73        24 152 51.3 0.10  0.3  0.5 C1
 10203  238 39.82 33-51.33  52-43.19  25.72        23 136 35.1 0.15  0.4  0.8 C1
 10203  239 50.15 33-55.46  52-10.68   8.46        22 143 20.1 0.14  0.4  0.4 B1
 10203  240 59.61 34-11.84  52-32.19  15.81        22 100 20.2 0.20  0.5  0.6 B1
 10203  242  9.89 33-47.48  52-44.20  26.22        19 167 41.3 0.08  0.3  0.5 B1
 10203  243 19.46 33-59.95  52-49.13  27.32        18 140 38.4 0.21  0.8  1.6 C1
 10203  244 30.27 33-54.78  52-23.45  14.33        22 126 39.3 0.33  0.9  1.3 C1
 10203  245 39.76 33-57.95  52-34.92  18.98        20 123 33.0 0.16  0.4  0.6 B1
 10203  246 50.24 33-57.36  52-21.73  14.34        22 120 37.5 0.23  0.6  0.9 C1
 10203  248  0.24 33-44.20  52-31.89  20.84        21 152 54.3 0.16  0.5  0.9 C1
 10203  249  9.83 33-48.20  52-44.63  26.60        21 142 39.8 0.12  0.4  0.7 B1
 10203  250 20.34 33-51.22  52-11.03  10.20        24 126 35.7 0.16  0.4  0.4 C1
 10203  251 30.07 33-46.22  52-41.79  25.65        19 147 61.9 0.14  0.4  1.0 C1
 10203  252 40.01 34- 4.88  52-29.30  17.57        25 110 35.5 0.22  0.5  0.6 C1
 10203  253 50.40 33-56.43  52-25.74  16.99        20 124 43.2 0.17  0.5  0.6 C1
 10203  254 59.91 33-59.15  52-34.85  20.61        18 121 31.8 0.06  0.3  0.3 B1
 10203  256 10.25 33-19.22  52-38.60  29.96        19 228 86.2 0.31  2.6  3.1 D1
 10203  257 19.46 33-50.27  52-53.03  29.85        19 137 34.5 0.21  0.7  0.8 C1
 10203  258 29.68 34- 6.18  52-36.55  19.65        22 109 24.1 0.20  0.5  0.6 B1
 10203  259 39.66 33-53.70  52-45.32  24.42        13 153 29.8 0.10  0.4  0.9 B1
 10203  3 0 50.19 33-49.22  52-32.20  20.86        20 159 47.3 0.17  0.5  0.9 C1
 10203  3 1 59.95 33-32.33  52-28.95  20.50        18 200 60.4 0.20  0.9  1.1 C1
 10203  3 3 10.38 33-31.60  52-25.25  20.11        20 184 59.9 0.41  1.5  2.2 D1
 10203  3 4 19.61 33-52.52  52-48.09  28.72        22 133 30.8 0.18  0.5  0.6 B1
 10203  3 5 29.99 33-30.53  52-26.35  18.06        24 204 59.5 0.25  1.1  1.0 C1
 10203  3 6 40.24 33-42.26  52-28.60  19.56        18 156 60.9 0.21  0.6  1.2 C1
 10203  3 7 50.28 33-39.49  52-32.94  23.76        24 191 58.8 0.22  0.7  1.1 C1
 10203  3 8 59.37 34- 2.27  52-46.13  23.84        25 116 15.1 0.29  0.7  0.8 B1
 10203  310 10.14 33-56.18  52-29.76  17.11        22 143 41.4 0.19  0.5  0.6 C1
 10203  311 19.74 33-45.73  52-46.29  25.82        17 147 43.7 0.14  0.4  1.1 B1
 10203  312 30.69 33-48.11  52-23.74  17.32        19 141 57.9 0.29  0.9  1.1 C1
 10203  313 39.86 33-41.01  52-15.44  10.31        21 158 34.1 0.24  0.6  0.7 C1
 10203  314 50.18 33-36.96  52-34.32  22.77        20 168 62.8 0.13  0.4  0.8 C1
 10203  315 59.46 33-47.05  53- 4.39  34.57        20 203 44.7 0.24  1.0  1.0 C1
 10203  317 10.10 33-42.94  52-32.32  20.21        21 155 55.6 0.13  0.4  0.9 C1
 10203  318 19.29 33-54.40  52-54.59  29.89        24 144 27.1 0.26  0.6  0.8 C1
 10203  319 29.33 33-58.11  52-53.91  28.31        20 122 20.1 0.27  0.8  1.0 B1
 10203  320 39.63 33-50.85  52-54.50  30.53        20 135 33.6 0.15  0.5  0.7 B1
 10203  321 50.40 33-45.32  52-26.35  17.60        19 148 45.5 0.20  0.6  1.0 C1
 10203  322 59.93 33-55.96  52-39.97  22.68        21 169 30.1 0.18  0.6  0.9 C1
 10203  324  9.61 33-46.20  52-52.33  29.62        18 171 64.2 0.15  0.6  0.7 C1
 10203  325 19.66 33-57.56  52-44.02  25.29        20 189 24.2 0.33  1.1  1.1 D1
 10203  326 30.04 33-34.13  52-47.25  32.12        19 173 64.6 0.10  0.4  0.7 C1
 10203  327 40.31 33-52.66  52-20.64  12.21        21 129 47.1 0.24  0.6  0.9 C1
 10203  328 50.26 33-39.15  52-33.62  26.01        22 191 60.0 0.22  0.8  1.1 C1
 10203  330  0.18 33-43.54  52-38.63  24.52        21 177 51.1 0.12  0.4  0.7 C1
 10203  331 10.35 33-42.95  52-26.44  17.75        21 154 62.1 0.22  0.8  1.2 C1
 10203  332 19.92 33-51.66  52-42.04  25.09        21 157 35.3 0.14  0.4  0.7 B1
 10203  333 29.72 33-57.35  52-39.70  21.01        19 125 28.4 0.18  0.5  0.7 B1
 10203  334 39.92 33-34.29  52-30.98  18.68        20 175 60.8 0.17  0.6  0.9 C1
 10203  335 50.54 33-46.09  52-25.86  18.33        20 146 44.3 0.26  0.8  0.9 C1
 10203  337  0.14 33-52.54  52- 8.19   7.40        20 120 15.5 0.19  0.6  0.7 C1
 10203  338 10.14 33-30.76  52-41.57  31.25        23 182 72.3 0.20  0.7  0.8 C1
 10203  339 20.37 33-40.59  52-21.41  14.38        22 160 42.1 0.28  0.8  1.2 C1
 10203  340 30.42 33-32.63  52-31.50  23.19        21 179 63.2 0.21  0.8  1.7 C1
 10203  341 40.09 34- 6.68  52-18.17  12.13        21 110 40.6 0.27  0.7  1.1 C1
 10203  342 49.72 33-54.90  52-44.88  24.81        19 129 28.0 0.18  0.6  0.7 B1
 10203  344  0.50 33-41.85  52-24.65  17.72        24 175 45.4 0.27  0.9  1.3 C1
 10203  345 10.05 33-50.79  52-31.21  17.62        22 175 46.2 0.19  0.6  0.6 C1
 10203  346 19.90 34- 3.23  52-28.59  17.51        22 112 36.2 0.17  0.4  0.5 C1
 10203  347 30.28 33-48.83  52-29.36  18.26        20 141 48.6 0.19  0.5  0.7 C1
 10203  348 39.71 33-34.54  52-44.12  29.25        18 196 64.6 0.14  0.6  0.8 C1
 10203  349 49.69 33-50.69  52-45.09  26.99        19 137 35.2 0.12  0.3  0.6 B1
 10203  351  0.31 33-52.16  52-28.29  18.14        24 170 46.5 0.19  0.6  0.6 C1
 10203  352 10.29 33-48.81  52-33.38  21.84        19 161 58.4 0.22  0.7  1.2 C1
 10203  353 19.79 33-37.17  52-55.40  34.47        22 182 58.9 0.14  0.5  0.6 C1
 10203  354 30.56 33-49.32  52-24.29  14.58        20 138 54.9 0.30  0.9  1.3 D1
 10203  355 40.31 33-50.71  52-19.83  13.15        25 133 33.6 0.27  0.7  0.8 C1
 10203  356 50.36 33-52.20  52-30.41  20.66        20 134 45.2 0.19  0.5  0.6 C1
 10203  357 59.62 34- 1.91  52-43.21  22.51        19 150 18.6 0.15  0.4  0.6 B1
 10203  359  9.98 33-53.86  52-40.11  24.09        20 131 47.8 0.11  0.3  0.7 B1
 10203  4 0 20.31 33-52.11  52-38.26  26.15        22 135 51.2 0.20  0.6  1.2 B1
 10203  4 1 30.30 33-34.45  52-31.31  22.64        22 175 68.7 0.20  0.7  1.5 C1
 10203  4 2 39.98 33-29.75  52-33.04  21.68        22 186 72.4 0.23  0.8  1.2 C1
 10203  4 3 49.43 34- 1.21  52-59.77  31.70        22 139 18.6 0.20  0.6  0.7 C1
 10203  4 4 59.96 33-40.92  52-14.45  10.36        23 158 33.0 0.27  0.6  0.7 C1
 10203  4 6  9.86 33-38.84  52-43.96  28.14        21 163 56.9 0.14  0.5  0.8 C1
 10203  4 7 20.20 33-55.87  52-25.24  13.71        20 160 47.6 0.19  0.5  0.8 C1
 10203  4 8 30.06 33-49.30  52-37.29  22.59        21 141 42.6 0.10  0.3  0.9 B1
 10203  4 9 40.00 33-51.00  52-34.54  20.10        20 177 42.5 0.15  0.5  0.6 C1
 10203  410 49.91 33-51.89  52-36.56  20.84        21 176 39.3 0.14  0.5  0.6 B1
 10203  412  0.13 33-29.45  52-17.42  14.64        18 192 48.9 0.18  0.8  0.9 C1
 10203  413  9.44 33-46.85  53- 0.22  32.79        19 141 42.7 0.17  0.6  0.7 C1
 10203  414 20.04 34- 0.73  52-23.88  14.16        21 115 42.5 0.10  0.2  0.4 B1
 10203  415 29.68 33-50.71  52-47.41  26.14        19 137 34.3 0.15  0.4  0.7 B1
 10203  416 40.09 33-46.05  52-41.56  27.06        21 169 45.1 0.12  0.4  0.6 B1
 10203  417 49.90 33-34.84  52-34.51  22.02        18 230 68.4 0.16  0.8  1.0 C1
 10203  418 60.00 33-50.25  52-36.88  21.53        21 139 41.5 0.12  0.3  0.7 B1
 10203  420  9.90 33-47.61  52-43.47  28.06        21 177 41.4 0.13  0.4  0.7 B1
 10203  421 19.73 34- 1.13  52-39.68  20.39        19 133 34.4 0.19  0.6  0.8 B1
 10203  422 30.16 33-30.72  52-26.33  19.18        22 185 61.8 0.26  1.0  1.4 C1
 10203  423 39.68 33-50.53  52-46.64  26.55        18 137 34.9 0.15  0.5  0.8 B1
 10203  424 51.28 33-24.44  52-29.21  28.23        19 200 69.1 0.46  1.9  2.1 D1
 10203  426  0.00 33-44.37  52-42.07  26.51        18 151 47.8 0.09  0.3  0.6 B1
 10203  427  9.77 34- 3.41  52-37.85  21.07        21 114 23.9 0.20  0.5  0.5 B1
 10203  428 19.88 33-46.04  52-44.93  27.70        18 167 43.6 0.09  0.3  0.4 B1
 10203  429 30.02 33-37.44  52-40.80  26.80        20 166 71.5 0.12  0.6  1.6 C1
 10203  430 40.03 33-34.68  52-34.20  21.56        22 174 64.7 0.19  0.6  1.0 C1
 10203  431 49.36 34- 8.07  52-41.31  20.67        25 107 16.3 0.26  0.6  0.5 B1
 10203  433  0.45 33-39.96  52-36.12  25.14        20 187 63.0 0.23  0.9  1.7 C1
 10203  434 10.46 33-54.28  52-31.19  21.70        19 189 49.5 0.24  0.9  1.1 C1
 10203  435 20.26 33-29.55  52-38.46  24.25        21 210 75.3 0.23  1.1  1.5 C1
 10203  436 29.55 34-10.68  52-34.71  18.96        22 118 19.5 0.23  0.6  0.5 B1
 10203  437 40.21 33-47.48  52-29.44  17.22        22 144 49.2 0.19  0.6  0.8 C1
 10203  438 50.14 33-38.08  52-39.12  27.30        19 187 60.3 0.19  0.7  1.0 C1
 10203  440  0.16 33-47.52  52-33.20  20.35        22 144 48.9 0.16  0.4  0.7 C1
 10203  441  9.67 33-54.18  52-46.49  28.43        19 130 47.8 0.17  0.5  0.7 B1
 10203  442 20.13 33-45.05  52-33.91  20.98        23 150 52.0 0.15  0.4  0.7 C1
 10203  443 30.05 33-50.25  52-38.28  23.43        22 139 40.3 0.14  0.4  0.7 B1
 10203  444 40.37 33-43.39  52-25.87  16.82        21 153 46.0 0.22  0.7  1.1 C1
 10203  445 49.99 33-50.63  52-37.07  21.51        19 138 40.7 0.18  0.6  0.8 C1
 10203  447  0.09 33-41.15  52-41.50  27.09        19 214 53.7 0.21  1.0  1.1 C1
 10203  448  9.90 34- 3.60  52-23.82  12.87        25 125 40.1 0.25  0.5  0.7 C1
 10203  449 19.94 33-51.03  52-41.84  24.99        23 137 36.5 0.15  0.4  0.7 C1
 10203  450 30.53 33-49.17  52-28.15  19.66        20 167 46.7 0.30  0.9  1.0 C1
 10203  451 39.91 33-48.03  52-44.56  27.73        21 143 40.2 0.08  0.2  0.3 B1
 10203  452 50.08 33-39.73  52-21.48  13.77        20 180 43.0 0.24  0.8  1.1 C1
 10203  453 59.76 33-51.56  52-18.10   8.49        23 130 30.8 0.18  0.4  0.5 C1
 10203  455 10.18 33-37.75  52-28.20  20.93        22 200 53.8 0.20  0.9  1.1 C1
 10203  456 20.18 33-32.27  52-27.06  20.50        21 181 58.2 0.27  1.2  1.5 C1
 10203  457 30.03 33-34.93  52-39.08  25.68        22 213 65.8 0.19  0.9  1.2 C1
 10203  458 39.88 33-50.94  52-44.18  28.52        18 169 53.3 0.15  0.5  0.8 C1
 10203  459 49.99 33-45.80  52-41.69  25.22        22 148 45.5 0.10  0.3  0.6 B1
 10203  5 0 59.93 33-50.79  52-43.74  29.60        22 137 53.5 0.14  0.4  0.6 C1
 10203  5 2 10.25 33-43.71  52-30.93  20.99        20 195 56.7 0.25  0.9  1.2 C1
 10203  5 3 20.37 33-46.23  52-34.83  23.93        24 187 49.4 0.23  0.8  1.1 C1
 10203  5 4 30.28 33-31.78  52-26.45  20.11        20 183 58.1 0.25  0.9  1.4 C1
 10203  5 5 40.05 33-48.61  52-41.52  26.91        21 142 40.7 0.15  0.4  0.7 B1
 10203  5 6 49.91 33-55.56  52-44.17  27.58        22 145 44.8 0.12  0.3  0.5 B1
 10203  5 7 59.83 33-33.30  53- 0.28  38.65        22 189 67.0 0.14  0.5  1.0 C1
 10203  5 9  9.78 33-46.89  52-48.05  29.30        21 145 41.1 0.11  0.3  0.4 B1
 10203  510 19.88 33-52.10  52-37.20  21.33        22 156 38.4 0.16  0.4  0.5 C1
 10203  511 29.89 34- 2.33  52-34.12  18.98        20 115 33.9 0.20  0.5  0.6 B1
 10203  512 40.25 33-47.10  52-26.78  15.77        21 144 45.3 0.17  0.5  0.8 C1
 10203  513 49.87 33-34.70  52-15.24  17.63        19 240 42.1 0.27  1.6  1.4 C1
 10203  514 59.81 33-45.62  52-19.48  10.45        18 163 35.3 0.29  1.0  1.1 C1
 10203  516 10.24 33-47.47  52-10.19   9.68        21 135 20.7 0.21  0.7  0.7 C1
 10203  517 20.08 33-52.71  52-31.95  18.75        24 133 51.9 0.18  0.5  0.6 C1
 10203  518 30.53 33-33.25  52-23.11  18.59        23 180 52.4 0.20  0.7  1.0 C1
 10203  519 40.35 33-45.33  52-34.25  21.80        23 189 51.3 0.25  0.9  1.2 C1
 10203  520 49.33 34- 0.49  52-48.30  23.48        24 119 16.5 0.25  0.6  0.9 B1
 10203  522  0.17 33-48.85  52-32.58  18.74        22 166 47.5 0.15  0.4  0.5 B1
 10203  523 10.06 33-29.38  52-37.11  23.78        22 186 73.8 0.24  1.3  2.2 C1
 10203  524 20.19 33-37.21  52-28.14  20.44        19 188 54.2 0.18  0.7  1.0 C1
 10203  525 29.92 33-47.69  52-44.23  26.29        21 144 40.9 0.13  0.4  0.7 B1
 10203  526 40.12 33-39.18  52-39.28  27.60        21 209 58.3 0.21  0.9  1.0 C1
 10203  527 49.84 33-47.81  52-44.30  27.64        18 143 40.7 0.14  0.4  0.7 B1
 10203  529  1.01 33-23.41  52-24.89  32.94        20 222 63.5 0.39  3.8  4.1 D1
 10203  530  9.99 33-42.93  52-44.56  27.75        23 154 49.3 0.13  0.3  0.6 B1
 10203  531 19.82 33-41.10  52-49.47  29.96        20 182 51.5 0.22  0.8  1.0 C1
 10203  532 29.88 33-36.88  52-39.13  24.08        20 168 69.5 0.15  0.6  1.2 C1
 10203  533 40.07 33-37.07  52-40.84  27.40        21 190 78.8 0.38  1.5  1.8 D1
 10203  534 50.15 33-43.58  52-29.88  18.28        23 153 51.6 0.15  0.4  0.6 C1
 10203  536  0.38 33-39.95  52-22.02  18.73        22 212 62.1 0.24  1.1  1.2 C1
 10203  537 10.08 33-35.00  52-35.95  23.41        21 173 66.7 0.17  0.5  1.2 C1
 10203  538 19.76 33-51.12  52-33.87  19.02        19 159 43.0 0.12  0.4  0.4 B1
 10203  539 29.79 33-32.71  52-28.82  17.78        22 180 65.1 0.16  0.5  0.8 C1
 10203  540 40.01 33-50.24  52-35.73  20.83        19 181 42.5 0.20  0.7  0.7 C1
 10203  541 50.14 33-25.95  52-21.98  14.33        23 199 57.6 0.22  1.0  1.0 C1
 10203  543  0.07 34- 3.31  52-28.86  17.56        22 112 35.8 0.21  0.5  0.6 C1
 10203  544 10.18 33-44.98  52-31.48  20.04        18 178 53.3 0.14  0.4  0.8 C1
 10203  545 20.36 33-53.13  52- 6.73   8.30        20 116 13.3 0.28  0.9  0.9 B1
 10203  546 29.77 34- 4.57  52-39.11  21.83        21 112 28.1 0.19  0.5  0.7 B1
 10203  547 40.12 33-50.49  52-38.71  25.67        18 159 62.7 0.13  0.5  0.9 C1
 10203  548 50.34 33-39.24  52-25.74  17.88        22 164 49.1 0.21  0.8  1.2 C1
 10203 -159 59.44 34-26.41  52-43.37  20.42        21  94 12.8 0.24  0.5  0.4 B1
 10203  0 1  9.36 34-43.07  52-47.38  23.62        20 104  6.2 0.23  0.7  0.5 B1
 10203  0 2 19.51 34-15.65  52-36.49  15.28        24 109 10.5 0.23  0.5  0.4 B1
 10203  0 3 29.36 34-33.07  52-46.59  24.90        22  78 24.6 0.29  0.8  1.1 B1
 10203  0 4 39.24 34-39.58  52-52.28  31.69        24 119 15.3 0.24  0.7  0.6 B1
 10203  0 5 49.72 34- 7.79  52-37.14  18.49        20 118 22.9 0.16  0.4  0.6 B1
 10203  0 6 59.09 34- 9.70  52-48.45  33.58        20 104  5.5 0.30  0.9  0.6 B1
 10203  0 8  9.43 34-23.18  52-41.79  19.32        21  83  6.5 0.26  0.7  0.5 B1
 10203  0 9 19.34 34-39.22  52-46.72  22.22        24 123 13.2 0.24  0.6  0.5 B1
 10203  010 29.35 34-17.56  52-40.73  20.82        20  94  4.0 0.32  0.9  0.5 C1
 10203  011 39.32 34-10.18  52-46.21  31.94        21 129  9.1 0.30  1.0  0.8 C1
 10203  012 49.79 34-27.95  52-42.09  21.03        19 122 38.3 0.19  0.6  0.6 B1
 10203  013 59.06 34-26.63  52-52.77  34.33        19  83 37.7 0.38  1.4  1.7 C1
 10203  015  9.80 34-21.59  52-37.13  14.24        19  88  7.4 0.25  0.6  0.5 B1
 10203  016 19.89 34-20.91  52-41.73  22.84        20  81 27.2 0.21  0.6  0.7 B1
 10203  017 29.82 34-33.82  52-46.30  28.04        21 168 27.2 0.12  0.4  0.5 B1
 10203  018 39.73 34-40.94  52-45.33  23.67        22 149 39.8 0.16  0.4  0.7 C1
 10203  019 49.51 34- 9.23  52-38.41  18.73        24 105 19.8 0.20  0.5  0.4 B1
 10203  020 59.42 34-40.37  52-47.38  24.68        24  95 11.2 0.19  0.5  0.4 B1
 10203  022  9.20 34-41.62  52-54.20  33.71        21 126 45.1 0.28  0.8  0.9 B1
 10203  023 19.34 34-30.29  52-46.54  26.24        22  73 21.2 0.25  0.6  0.7 B1
 10203  024 29.27 34-27.40  52-47.60  29.04        19  84 17.2 0.28  0.7  0.9 B1
 10203  025 39.18 34-26.90  52-50.59  32.85        20  95 19.5 0.30  0.9  0.8 C1
 10203  026 49.92 34-13.22  52-33.70  12.64        19 113 16.7 0.21  0.5  0.6 B1
 10203  027 59.44 34-27.66  52-44.42  25.23        20  67 15.5 0.22  0.6  0.7 B1
 10203  029 10.17 34-18.55  52-34.29  13.98        23  97 11.0 0.21  0.4  0.7 B1
 10203  030 19.81 34-10.00  52-33.91  14.81        20 118 21.2 0.20  0.5  0.6 B1
 10203  031 29.53 34-29.73  52-46.49  29.93        23  81 30.8 0.19  0.5  0.6 B1
 10203  032 39.16 34-22.19  52-49.70  32.23        19 106 13.6 0.34  1.1  0.8 C1
 10203  033 49.76 34-33.27  52-37.53  11.93        22  65 27.9 0.18  0.4  0.4 C1
 10203  034 59.49 34-23.65  52-41.80  20.34        20  96  7.4 0.23  0.6  0.4 B1
 10203  036  9.47 34-29.29  52-48.28  30.35        20  95 20.7 0.24  0.7  0.7 B1
 10203  037 19.25 34-17.83  52-45.85  28.01        22  79  7.7 0.30  0.9  0.8 B1
 10203  038 29.95 34- 7.54  52-36.37  21.50        19 107 67.7 0.20  0.5  1.1 C1
 10203  039 39.57 34-30.62  52-49.37  31.38        23  98 40.4 0.24  0.6  0.8 B1
 10203  040 49.20 34- 7.55  52-47.20  34.09        21 119  7.6 0.26  0.8  0.6 B1
 10203  041 59.41 34-14.82  52-44.09  26.60        22  97  9.9 0.30  0.8  1.0 C1
 10203  043  9.28 34- 5.56  52-47.51  32.67        19 129  9.1 0.23  0.8  0.7 B1
 10203  044 19.56 34-20.95  52-40.95  21.24        22  66  2.4 0.28  0.7  0.7 B1
 10203  045 29.36 34-39.60  52-49.32  29.52        24 117 38.8 0.22  0.5  0.7 B1
 10203  046 39.32 34-37.46  52-47.14  22.59        20 123 16.5 0.31  1.1  1.1 C1
 10203  047 49.54 34-15.38  52-36.49  14.93        23  96 10.9 0.22  0.5  0.4 B1
 10203  048 59.31 34-38.50  52-48.20  26.03        25  96 14.8 0.24  0.6  0.6 B1
 10203  050  9.14 34- 8.98  52-49.28  35.01        23 105  4.0 0.31  0.9  0.6 C1
 10203  051 19.39 34-14.34  52-45.23  27.23        20  98 11.5 0.30  0.9  0.8 B1
 10203  052 30.14 34-21.43  52-34.79  12.46        19  88 73.1 0.15  0.4  0.6 C1
 10203  053 39.47 34-10.57  52-45.91  34.39        19 103 18.3 0.23  0.7  0.9 B1
 10203  054 49.76 34-12.69  52-33.98  11.62        20  99 28.4 0.13  0.4  0.3 B1
 10203  055 59.65 34-20.32  52-38.81  17.11        22  88  4.1 0.25  0.6  0.5 B1
 10203  057  9.38 34- 7.58  52-43.61  27.44        22 137 13.0 0.29  0.7  0.8 C1
 10203  058 20.27 34-43.19  52-39.89  15.99        23 116 43.5 0.17  0.4  0.7 C1
 10203  059 29.41 34-12.13  52-47.23  33.41        23 101 16.6 0.23  0.7  0.8 B1
 10203  1 0 39.20 34-10.93  52-46.59  31.33        23 130  9.0 0.31  0.9  0.6 C1
 10203  1 1 49.33 34-36.59  52-50.26  30.29        22 100 18.9 0.29  0.8  0.7 B1
 10203  1 2 59.43 34-39.12  52-51.95  31.11        19 155 39.4 0.15  0.5  0.7 C1
 10203  1 4  9.54 34-34.63  52-46.88  26.03        23 105 28.9 0.25  0.6  1.0 B1
 10203  1 5 19.18 34- 7.65  52-46.61  32.13        22 108  8.4 0.31  1.0  0.7 C1
 10203  1 6 30.01 34-43.09  52-39.16  11.78        19 115 66.2 0.14  0.3  0.6 C1
 10203  1 7 39.40 34-14.28  52-47.37  32.33        21 121 13.6 0.23  0.8  0.7 B1
 10203  1 8 49.62 34-36.01  52-51.10  34.30        19 150 50.2 0.19  0.8  0.9 C1
 10203  1 9 59.25 34-37.99  52-48.75  27.75        20  97 15.9 0.23  0.6  0.6 B1
 10203  111  9.56 34-32.45  52-42.10  19.48        20  98 23.6 0.16  0.5  0.6 B1
 10203  112 19.31 34-11.66  52-41.63  22.36        24 102 14.8 0.32  0.7  0.7 C1
 10203  113 30.15 34-26.84  52-37.50  16.02        22  74 38.7 0.22  0.5  0.7 C1
 10203  114 39.48 34- 8.49  52-45.77  33.46        22 106 21.8 0.24  0.7  1.0 B1
 10203  115 49.88 34-26.99  52-39.76  17.18        21  85 13.7 0.17  0.4  0.5 B1
 10203  116 59.84 34-35.25  52-42.42  21.81        23 103 28.8 0.20  0.5  0.6 B1
 10203  118  9.44 34-13.38  52-36.91  17.81        24  99 13.5 0.27  0.6  0.7 B1
 10203  119 19.74 34-42.22  52-41.24  13.52        21  79 11.3 0.23  0.6  0.5 B1
 10203  120 29.86 34-13.35  52-34.46  12.49        24 107 15.8 0.23  0.5  0.4 B1
 10203  121 39.52 34-12.12  52-40.71  22.82        20 147 14.0 0.27  0.7  0.8 C1
 10203  122 49.36 34-14.40  52-44.86  27.66        20 107 11.2 0.20  0.6  0.8 B1
 10203  123 59.65 34-42.04  52-42.13  14.90        24  65 10.5 0.26  0.7  0.5 B1
 10203  125  9.29 34-35.08  52-50.52  30.56        22  96 21.7 0.31  0.9  0.8 C1
 10203  126 19.28 34-28.45  52-49.76  31.75        25  78 20.7 0.30  0.7  0.6 B1
 10203  127 29.61 34-37.50  52-41.66  16.89        22  60 18.1 0.15  0.3  0.4 B1
 10203  128 39.38 34- 7.77  52-43.66  25.28        19 119 12.8 0.21  0.6  0.6 B1
 10203  129 49.61 34- 7.13  52-42.62  27.52        23 108 14.6 0.27  0.7  0.9 B1
 10203  130 59.47 34-21.75  52-42.82  21.14        20  81  4.4 0.26  0.8  0.6 B1
 10203  132  9.89 34-43.02  52-45.42  25.53        19 121 63.9 0.16  0.5  1.1 C1
 10203  133 19.68 34-42.96  52-39.61  12.92        23 114 12.4 0.36  0.9  0.7 C1
 10203  134 29.63 34-35.66  52-40.80  17.80        22  59 21.7 0.19  0.4  0.5 B1
 10203  135 39.46 34-24.51  52-40.91  17.44        20 115  9.0 0.21  0.6  0.5 B1
 10203  136 49.17 34- 6.65  52-46.73  32.89        25 109  9.0 0.29  0.8  0.6 B1
 10203  137 59.68 34- 6.69  52-39.00  23.53        22 109 20.3 0.17  0.4  0.8 B1
 10203  139  9.83 34-16.86  52-40.95  22.83        22  95 55.3 0.25  0.6  1.2 C1
 10203  140 19.62 34-33.10  52-37.28  11.08        22  83 25.6 0.21  0.4  0.3 C1
 10203  141 29.67 34-10.05  52-33.43  10.70        22 128 21.6 0.18  0.4  0.4 C1
 10203  142 39.85 34- 7.19  52-32.91  13.94        23 119 26.5 0.24  0.5  0.8 B1
 10203  143 49.48 34-22.53  52-44.11  23.09        21  64  6.8 0.31  0.7  0.7 B1
 10203  144 59.21 34-21.20  52-49.07  31.19        20  80 12.2 0.27  0.8  0.6 B1
 10203  146  9.34 34-17.91  52-46.42  27.97        21  77 18.7 0.23  0.6  0.7 B1
 10203  147 19.18 34-13.37  52-43.89  26.37        20  99 12.3 0.30  0.8  0.7 B1
 10203  148 29.57 34-37.51  52-41.46  17.00        22  72 18.2 0.19  0.5  0.5 B1
 10203  149 39.50 34-13.85  52-47.06  34.80        24  99 58.1 0.22  0.6  0.7 B1
 10203  150 49.26 34-16.81  52-40.52  19.91        20  95  5.5 0.33  0.8  0.6 C1
 10203  151 59.58 34-28.88  52-42.01  19.47        19  99 33.1 0.23  0.6  0.7 B1
 10203  153  9.15 34-15.89  52-49.57  33.48        22  88 13.4 0.31  0.9  0.6 B1
 10203  154 19.40 34-11.44  52-39.29  22.09        22 118 15.6 0.31  0.8  0.8 C1
 10203  155 29.23 34-32.61  52-52.03  32.48        24  93 26.8 0.28  0.6  0.6 B1
 10203  156 39.82 34-23.41  52-39.70  18.65        20 112 32.8 0.21  0.6  0.7 B1
 10203  157 49.23 34- 5.46  52-47.11  34.44        19 123  9.7 0.23  0.8  0.6 B1
 10203  158 59.70 34-29.46  52-37.03  10.84        22  58 19.3 0.24  0.5  0.4 B1
 10203  2 0  9.48 34-10.74  52-41.92  25.10        24 103 15.7 0.29  0.7  0.9 B1
 10203  2 1 20.04 34-15.00  52-34.62  13.44        22 104 28.9 0.16  0.4  0.6 C1
 10203  2 2 29.82 34-35.25  52-41.03  18.29        20 134 28.8 0.18  0.4  0.7 B1
 10203  2 3 39.43 34- 6.66  52-39.39  22.37        23 109 19.7 0.24  0.5  0.8 B1
 10203  2 4 49.41 34-23.21  52-49.10  32.00        20 143 13.6 0.21  0.7  0.5 C1
 10203  2 5 59.79 34-11.25  52-34.22  13.94        24 116 19.0 0.22  0.5  0.6 B1
 10203  2 7  9.15 34-24.46  52-48.61  32.06        22  69 14.2 0.30  0.8  0.8 B1
 10203  2 8 19.51 34-35.39  52-49.11  29.65        23 108 31.4 0.23  0.6  0.7 B1
 10203  2 9 29.60 34-10.33  52-47.94  39.91        19 128 58.3 0.20  0.6  1.5 B1
 10203  210 39.27 34-13.77  52-45.56  29.54        21  99 12.7 0.29  0.8  0.7 B1
 10203  211 49.24 34-42.97  52-50.86  29.97        24 126  9.0 0.28  0.7  0.5 B1
 10203  213  0.12 34-28.48  52-37.57  15.99        20  81 35.9 0.20  0.5  0.8 C1
 10203  214  9.66 34-39.28  52-41.06  15.25        22  85 15.6 0.16  0.4  0.4 B1
 10203  215 19.77 34-39.92  52-47.66  29.19        19 145 64.2 0.16  0.6  0.6 C1
 10203  216 29.29 34-39.12  52-48.62  26.75        25 100 13.8 0.25  0.6  0.5 B1
 10203  217 39.40 34- 9.72  52-38.51  21.14        20 120 18.9 0.28  0.8  0.6 B1
 10203  218 49.55 34-28.16  52-42.69  19.59        21  62 15.8 0.17  0.4  0.3 B1
 10203  219 59.65 34- 7.28  52-40.01  25.58        20 125 71.6 0.20  0.6  1.3 C1
 10203  221  9.85 34-21.02  52-36.17  12.47        23 110  8.3 0.16  0.4  0.3 B1
 10203  222 19.20 34-26.73  52-49.65  31.74        24  74 18.2 0.29  0.7  0.6 B1
 10203  223 29.50 34-33.25  52-42.88  20.06        21  66 24.9 0.22  0.6  0.5 B1
 10203  224 39.37 34-40.00  52-46.55  22.98        22  88 11.8 0.20  0.5  0.5 B1
 10203  225 49.33 34-27.51  52-50.15  32.09        21  77 19.8 0.27  0.7  0.6 B1
 10203  226 59.57 34-20.21  52-45.10  30.71        23  91 48.4 0.24  0.7  0.9 B1
 10203  228  9.33 34- 7.87  52-41.78  23.58        24 107 15.7 0.32  0.7  0.7 C1
 10203  229 19.70 34-13.80  52-35.17  15.62        20 118 14.4 0.20  0.5  0.7 B1
 10203  230 29.76 34-28.90  52-40.93  19.19        23  58 17.1 0.22  0.5  0.5 B1
 10203  231 39.30 34-31.05  52-53.12  33.52        20 100 41.0 0.25  0.8  1.0 B1
 10203  232 49.26 34-38.08  52-48.80  26.32        22  98 15.7 0.28  0.8  0.6 B1
 10203  233 59.88 34-23.97  52-37.97  14.85        21  75  9.5 0.13  0.3  0.3 A1
 10203  235  9.37 34-29.80  52-44.84  23.57        24  68 30.8 0.27  0.6  0.8 B1
 10203  236 19.69 34-20.94  52-38.14  17.45        22  87  5.4 0.26  0.6  0.5 B1
 10203  237 30.12 34-22.62  52-37.33  15.53        22  84 33.9 0.14  0.3  0.5 B1
 10203  238 39.46 34-18.65  52-44.53  24.48        19  81  5.2 0.25  0.7  0.6 B1
 10203  239 49.50 34-36.93  52-43.19  19.83        25  74 18.2 0.24  0.6  0.5 B1
 10203  240 59.29 34-25.86  52-46.95  27.12        20 131 14.3 0.26  0.8  0.7 B1
 10203  242 10.14 34- 8.13  52-34.06  18.54        19 117 62.5 0.15  0.4  0.7 C1
 10203  243 19.16 34- 6.88  52-47.97  34.18        24 109  7.1 0.30  0.8  0.6 B1
 10203  244 29.45 34-29.21  52-48.53  30.09        22  95 20.8 0.22  0.5  0.6 B1
 10203  245 40.10 34-19.64  52-38.04  19.84        21  91 29.1 0.21  0.6  0.8 B1
 10203  246 49.46 34-24.89  52-43.86  25.08        20  79 32.1 0.27  0.7  1.1 B1
 10203  247 59.16 34-15.22  52-46.90  29.34        22  86 11.9 0.27  0.7  0.6 B1
 10203  249  9.70 34-39.24  52-41.16  15.67        21  87 15.6 0.15  0.4  0.4 A1
 10203  250 19.16 34-28.63  52-51.82  33.17        24  95 23.1 0.31  0.8  0.7 C1
 10203  251 29.33 34- 9.09  52-38.93  21.03        20 105 19.9 0.25  0.7  0.5 B1
 10203  252 39.47 34-41.73  52-48.49  27.15        19 121 42.2 0.19  0.5  0.9 B1
 10203  253 49.20 34-11.73  52-49.48  35.21        21 101  6.4 0.27  0.9  0.6 B1
 10203  254 59.16 34-36.26  52-55.47  34.14        23 113 23.1 0.27  0.7  0.6 B1
 10203  256  9.69 34-31.33  52-37.25  12.62        23  54 22.4 0.21  0.4  0.5 B1
 10203  257 19.60 34-30.85  52-38.12  12.87        21  53 21.2 0.17  0.4  0.3 B1
 10203  258 30.25 34-35.81  52-39.51  17.31        23 102 53.3 0.20  0.4  0.7 C1
 10203  259 39.61 34-14.06  52-39.96  18.87        10 175 10.6 0.11  0.6  0.3 B1
 10203  3 0 49.71 34-10.60  52-36.76  18.50        20 118 18.2 0.20  0.5  0.7 B1
 10203  3 1 59.52 34-10.38  52-39.37  21.42        23 103 19.5 0.27  0.7  0.7 B1
 10203  3 3  9.57 34-33.25  52-44.17  22.39        24 101 25.5 0.24  0.5  0.8 B1
 10203  3 4 19.22 34-13.04  52-48.17  31.85        19  91  9.6 0.26  0.9  0.6 B1
 10203  3 5 29.57 34-17.70  52-36.90  16.09        21  98  7.7 0.24  0.7  0.5 B1
 10203  3 6 39.55 34-36.42  52-42.55  18.22        24  65 19.4 0.17  0.3  0.4 B1
 10203  3 7 49.26 34- 7.22  52-45.65  32.57        21 166 10.1 0.31  1.0  0.8 C1
 10203  3 8 59.51 34- 9.76  52-36.22  17.82        20 104 20.0 0.22  0.5  0.5 B1
 10203  310 10.16 34-42.82  52-42.80  22.40        19 118 71.7 0.15  0.4  0.9 C1
 10203  311 19.72 34-12.33  52-34.36  12.87        25 100 17.3 0.25  0.5  0.5 B1
 10203  312 29.46 34-38.80  52-43.46  19.49        22  72 14.8 0.24  0.6  0.4 B1
 10203  313 39.41 34-33.50  52-49.73  30.72        22  89 24.3 0.24  0.6  0.6 B1
 10203  314 49.21 34-33.40  52-53.62  32.92        21 100 26.3 0.25  0.6  0.6 B1
 10203  315 59.52 34-29.64  52-41.44  18.90        20  60 18.4 0.21  0.5  0.4 B1
 10203  317  9.52 34-42.56  52-42.53  17.21        20  82  9.4 0.22  0.6  0.4 B1
 10203  318 19.78 34-21.89  52-34.78  11.06        20  97 10.9 0.17  0.4  0.3 B1
 10203  319 29.20 34- 9.88  52-47.30  31.96        22 115 20.3 0.27  0.7  0.9 B1
 10203  320 39.91 34-29.03  52-39.99  18.49        19  91 41.5 0.14  0.4  0.5 B1
 10203  321 49.33 34-10.67  52-48.18  33.38        21 120 19.7 0.25  0.8  0.8 B1
 10203  322 59.46 34-26.29  52-46.81  26.59        20  68 14.8 0.26  0.6  0.7 B1
 10203  324  9.69 34-34.43  52-39.89  15.00        22  56 24.4 0.19  0.4  0.6 B1
 10203  325 19.77 34-20.33  52-37.78  15.13        24  90  5.6 0.20  0.4  0.4 B1
 10203  326 29.10 34-26.90  52-52.53  34.04        24  80 33.3 0.34  0.9  0.8 B1
 10203  327 39.38 34- 5.22  52-43.39  29.28        24 111 14.7 0.32  0.8  0.8 C1
 10203  328 49.83 34-20.44  52-36.86  14.35        19 103  7.0 0.17  0.4  0.4 B1
 10203  329 59.11 34-18.22  52-47.34  30.63        19 107  9.6 0.35  1.1  0.7 C1
 10203  331  9.51 34-27.43  52-42.03  20.01        24  76 14.4 0.22  0.4  0.4 B1
 10203  332 19.30 34-10.96  52-43.77  24.20        19 103 13.1 0.28  0.8  0.6 B1
 10203  333 29.53 34-17.26  52-36.44  16.00        19  94  8.7 0.19  0.5  0.4 B1
 10203  334 39.57 34-32.46  52-41.85  18.48        22  62 23.6 0.19  0.4  0.4 B1
 10203  335 49.63 34-23.71  52-44.48  26.96        19  84 29.7 0.20  0.6  0.8 B1
 10203  336 59.20 34-21.75  52-49.58  33.86        19 100 24.1 0.30  0.9  0.7 B1
 10203  338  9.15 34-35.22  52-53.07  33.57        21 147 22.9 0.31  1.0  0.7 C1
 10203  339 19.61 34-43.87  52-40.53  14.03        23  87 10.4 0.27  0.7  0.6 B1
 10203  340 29.33 34-36.75  52-44.82  22.23        21  75 18.0 0.23  0.5  0.6 B1
 10203  341 40.06 34-36.87  52-37.61  12.33        24 102 32.3 0.23  0.5  0.7 C1
 10203  342 49.61 34- 9.44  52-36.68  18.37        22 120 20.2 0.22  0.5  0.6 B1
 10203  343 59.74 34-19.38  52-39.68  20.22        19 104 27.0 0.19  0.6  0.5 B1
 10203  345  9.66 34-38.94  52-40.97  15.67        22  80 16.2 0.16  0.3  0.4 B1
 10203  346 19.21 34-29.45  52-51.32  32.85        20  96 23.7 0.30  0.8  0.8 C1
 10203  347 29.41 34-34.97  52-44.30  19.97        21 106 21.4 0.23  0.6  0.5 B1
 10203  348 39.84 34-12.59  52-35.83  15.23        20 100 25.6 0.14  0.3  0.5 B1
 10203  349 49.32 34- 6.73  52-45.01  31.32        19 109 11.3 0.32  1.1  0.9 C1
 10203  350 59.40 34-14.40  52-45.71  26.68        20 118 11.8 0.29  0.9  0.7 B1
 10203  352  9.85 34- 8.04  52-34.75  15.05        25 106 23.8 0.21  0.4  0.6 B1
 10203  353 19.53 34-26.08  52-41.44  19.66        24  89 11.8 0.24  0.5  0.4 B1
 10203  354 29.50 34- 4.96  52-40.70  23.68        24 125 18.7 0.23  0.6  0.7 B1
 10203  355 39.42 34-33.50  52-44.27  22.03        22  70 24.1 0.24  0.5  0.8 B1
 10203  356 49.27 34-35.38  52-52.56  33.04        22 109 33.7 0.28  0.7  0.8 B1
 10203  357 59.23 34- 6.98  52-46.67  32.14        24 109  8.8 0.27  0.8  0.7 B1
 10203  359  9.36 34-28.21  52-47.05  26.34        20 107 18.0 0.30  0.8  0.8 C1
 10203  4 0 19.79 34-31.47  52-40.59  20.28        19 123 21.8 0.16  0.4  0.5 B1
 10203  4 1 29.16 34-34.70  52-54.55  34.00        19 107 24.8 0.27  0.9  0.8 B1
 10203  4 2 39.32 34-42.93  52-46.72  21.69        20 126  6.4 0.24  0.9  0.4 B1
 10203  4 3 49.52 34-13.41  52-35.44  16.74        21  98 14.7 0.23  0.5  0.6 B1
 10203  4 4 59.12 34-15.94  52-49.79  32.08        19 104 13.4 0.25  0.8  0.5 B1
 10203  4 6  9.74 34-38.27  52-44.42  23.07        21 110 34.7 0.17  0.4  0.8 B1
 10203  4 7 19.88 34-23.36  52-39.94  19.21        23  83 32.5 0.18  0.4  0.5 B1
 10203  4 8 29.30 34-38.49  52-46.71  24.62        19  87 14.6 0.22  0.6  0.6 B1
 10203  4 9 39.70 34-35.27  52-39.92  15.24        22  87 23.0 0.26  0.6  0.7 B1
 10203  410 49.62 34-15.89  52-39.96  21.90        22  99 22.5 0.30  0.8  0.6 B1
 10203  411 59.44 34-39.24  52-42.29  14.79        23  61 14.8 0.18  0.5  0.5 B1
 10203  413  9.11 34-20.04  52-50.78  34.49        22 127 14.5 0.33  0.9  0.7 C1
 10203  414 19.51 34-11.14  52-37.89  20.96        21 102 16.6 0.22  0.5  0.6 B1
 10203  415 29.19 34-16.37  52-48.90  33.45        20  95 13.1 0.28  0.8  0.8 B1
 10203  416 39.49 34-26.87  52-41.90  18.42        20  91 13.3 0.21  0.5  0.4 B1
 10203  417 49.60 34- 9.51  52-36.33  15.94        24 104 20.3 0.25  0.5  0.6 B1
 10203  418 59.18 34-28.97  52-49.67  31.38        20  79 32.5 0.29  0.8  0.9 B1
 10203  420  9.70 34-41.72  52-40.11  13.42        24 103 13.2 0.22  0.5  0.5 B1
 10203  421 19.36 34-36.71  52-44.56  20.84        22  74 18.2 0.30  0.9  0.7 B1
 10203  422 29.74 34- 9.85  52-34.88  14.40        22 132 20.7 0.21  0.5  0.6 B1
 10203  423 39.62 34-29.48  52-41.44  17.83        22  92 18.1 0.17  0.4  0.4 B1
 10203  424 49.77 34- 7.32  52-46.92  38.59        22 108 61.6 0.20  0.6  1.9 B1
 10203  425 59.56 34-26.34  52-42.12  19.22        20 119 12.4 0.24  0.7  0.5 B1
 10203  427  9.30 34-19.86  52-45.68  28.25        21 109  6.7 0.29  0.9  0.7 B1
 10203  428 19.28 34-13.82  52-40.91  20.84        22 112 10.8 0.27  0.7  0.6 B1
 10203  429 29.18 34- 8.92  52-46.85  33.39        19 114 21.6 0.32  1.1  0.9 C1
 10203  430 39.40 34-41.88  52-46.92  22.73        22  95  8.3 0.27  0.7  0.6 B1
 10203  431 49.36 34-39.79  52-44.32  20.07        19  72 12.7 0.28  0.8  0.7 B1
 10203  432 59.43 34-22.98  52-45.84  26.35        20  66  9.2 0.28  0.8  0.7 B1
 10203  434  9.24 34- 6.69  52-44.33  28.98        20 109 12.3 0.30  0.9  0.7 C1
 10203  435 19.59 34-37.73  52-41.31  16.99        19  59 17.9 0.19  0.4  0.5 B1
 10203  436 29.39 34- 7.66  52-41.65  23.44        19 107 22.2 0.30  0.9  1.3 C1
 10203  437 39.65 34-38.54  52-39.48  14.08        23  57 18.1 0.17  0.3  0.4 B1
 10203  438 49.65 34-32.17  52-42.74  20.35        19 131 23.2 0.21  0.5  0.7 B1
 10203  439 59.61 34-14.32  52-35.46  13.43        24  97 13.4 0.20  0.4  0.5 B1
 10203  441  9.21 34-24.48  52-48.10  30.76        21  86 13.6 0.28  0.8  0.6 B1
 10203  442 19.49 34-18.37  52-39.74  19.34        22  93  3.5 0.24  0.6  0.6 B1
 10203  443 29.85 34-21.08  52-36.89  15.42        21  89  7.3 0.25  0.6  0.6 B1
 10203  444 39.29 34-18.63  52-39.97  20.54        20  92  2.9 0.26  0.7  0.6 B1
 10203  445 49.35 34-41.25  52-47.71  24.14        20 101  9.6 0.24  0.8  0.5 B1
 10203  446 59.31 34-33.06  52-49.91  30.31        20  88 25.1 0.25  0.6  0.6 B1
 10203  448  9.52 34-41.92  52-42.73  16.54        25  91 10.2 0.27  0.7  0.5 B1
 10203  449 19.31 34-38.42  52-51.29  30.46        22 112 16.4 0.24  0.6  0.6 B1
 10203  450 29.38 34- 7.71  52-41.44  25.68        20 107 22.1 0.37  0.9  1.4 C1
 10203  451 39.83 34-25.29  52-39.11  15.42        22  90 10.9 0.23  0.5  0.5 B1
 10203  452 49.26 34-39.63  52-53.33  31.58        21 120 16.1 0.24  0.7  0.6 B1
 10203  453 59.67 34-25.43  52-40.11  17.48        20  70 10.8 0.14  0.3  0.4 A1
 10203  455  9.48 34-23.63  52-47.19  28.14        22  85 11.6 0.24  0.6  0.6 B1
 10203  456 19.13 34-13.21  52-50.23  34.50        25  73  8.4 0.31  0.8  0.6 B1
 10203  457 29.16 34- 9.92  52-48.48  33.87        23 104  5.6 0.31  0.9  0.6 C1
 10203  458 40.40 34-37.00  52-38.33  14.16        25 103 56.0 0.24  0.5  0.8 C1
 10203  459 49.98 34-22.99  52-50.25  10.00         4 289 15.0 0.00           C1
 10203  5 0 59.13 34-13.40  52-48.48  30.99        20  86  9.9 0.30  1.0  0.6 B1
 10203  5 2  9.14 34-14.36  52-46.95  30.85        25  99 12.7 0.31  0.9  0.5 C1
 10203  5 3 19.27 34-24.26  52-46.73  28.36        23  65 11.8 0.28  0.7  0.6 B1
 10203  5 4 29.20 34-22.06  52-50.12  31.66        23  67 14.2 0.27  0.7  0.6 B1
 10203  5 5 39.23 34-38.29  52-52.92  32.04        24 116 17.8 0.26  0.8  0.7 B1
 10203  5 6 49.46 34-10.29  52-38.02  19.53        24 103 18.1 0.26  0.6  0.5 B1
 10203  5 7 59.44 34-26.06  52-47.17  27.71        24  76 14.8 0.25  0.6  0.7 B1
 10203  5 9  9.64 34-38.56  52-37.35  10.79        19  82 20.2 0.24  0.7  0.6 B1
 10203  510 19.39 34-37.20  52-47.40  26.98        19 147 33.7 0.29  0.8  1.2 C1
 10203  511 29.74 34-29.51  52-37.51  10.91        20  67 19.1 0.20  0.4  0.4 B1
 10203  512 39.31 34-37.26  52-46.36  21.91        19 118 16.9 0.25  0.8  0.6 B1
 10203  513 49.69 34-20.87  52-38.86  16.98        24  89  4.4 0.23  0.5  0.4 B1
 10203  514 59.09 34-13.53  52-48.78  32.01        20  83  9.8 0.30  0.9  0.6 B1
 10203  516  9.80 34-39.48  52-38.26  11.75        20  64 18.1 0.20  0.4  0.4 B1
 10203  517 19.33 34-34.43  52-46.20  22.71        21  78 22.1 0.22  0.5  0.5 B1
 10203  518 29.23 34- 5.84  52-46.19  31.44        19 156 10.4 0.25  0.8  0.6 C1
 10203  519 39.57 34- 9.45  52-37.55  20.72        24 104 22.1 0.29  0.7  0.8 B1
 10203  520 49.65 34-23.53  52-45.63  29.97        21  84  9.7 0.18  0.5  0.6 B1
 10203  521 59.85 34-24.02  52-36.63  14.24        24  81 10.8 0.23  0.5  0.5 B1
 10203  523  9.47 34-35.54  52-43.08  19.52        23  67 20.8 0.20  0.5  0.4 B1
 10203  524 19.37 34-12.33  52-40.35  21.05        22 126 13.7 0.26  0.7  0.4 B1
 10203  525 29.82 34-17.85  52-35.66  12.85        20  93  9.3 0.21  0.5  0.4 B1
 10203  526 40.12 34-24.29  52-36.80  14.29        19  85 43.5 0.19  0.4  0.8 C1
 10203  527 49.44 34-31.47  52-44.69  21.94        21 104 22.4 0.25  0.6  0.5 B1
 10203  528 59.48 34-41.77  52-42.44  16.29        21  92 10.6 0.23  0.7  0.5 B1
 10203  530  9.51 34-15.50  52-38.34  18.32        21 104  9.0 0.23  0.6  0.5 B1
 10203  531 20.00 34-35.31  52-40.91  19.29        21 134 51.7 0.18  0.4  0.8 C1
 10203  532 29.45 34-16.65  52-45.04  29.23        19  87 17.8 0.19  0.5  0.6 B1
 10203  533 39.46 34-26.83  52-43.26  22.60        21 154 13.5 0.30  0.9  0.9 C1
 10203  534 49.11 34-21.00  52-49.11  32.81        24  90 12.2 0.33  0.8  0.8 B1
 10203  535 59.25 34-23.68  52-49.47  31.17        24  69 27.6 0.28  0.7  0.7 B1
 10203  537  9.30 34-12.46  52-42.09  24.98        20 107 16.5 0.32  0.9  0.9 C1
 10203  538 19.11 34-16.34  52-47.24  30.89        24  79 11.0 0.29  0.7  0.6 B1
 10203  539 29.51 34-26.59  52-41.96  21.90        24  59 12.8 0.28  0.6  0.6 B1
 10203  540 39.44 34-24.81  52-47.25  29.19        23  67 13.1 0.26  0.6  0.7 B1
 10203  541 49.33 34-38.97  52-45.77  20.84        18 104 13.8 0.21  0.6  0.5 B1
 10203  542 59.78 34-33.19  52-41.09  17.50        23  99 25.0 0.18  0.4  0.6 B1
 10203  544  9.48 34-37.29  52-42.76  19.87        23  66 17.8 0.26  0.6  0.6 B1
 10203  545 19.59 34- 7.18  52-34.51  13.78        23 107 25.4 0.18  0.4  0.5 B1
 10203  546 29.16 34-21.76  52-48.63  30.02        20  89 11.8 0.27  0.7  0.7 B1
 10203  547 39.10 34-20.17  52-49.42  32.16        25  63 12.4 0.33  0.8  0.6 B1
 10203  548 49.24 34-38.85  52-54.16  32.83        21 119 18.1 0.21  0.6  0.5 B1
 10203 -159 59.74 34-55.83  53- 9.15  40.80        20 223 38.5 0.47  2.0  2.2 D1
 10203  0 1  9.50 34-58.15  52-54.74  28.21        22 188 72.3 0.26  1.0  1.0 C1
 10203  0 2 19.57 34-47.70  52-49.72  20.57        19 165  5.3 0.19  0.6  0.4 C1
 10203  0 3 29.91 35-11.56  52-48.24  22.78        25 194 46.6 0.43  1.6  1.8 D1
 10203  0 4 39.29 35- 6.36  53- 0.19  33.09        19 198 65.2 0.42  3.0  2.8 D1
 10203  0 5 49.63 35- 8.07  52-56.98  32.46        24 198 43.1 0.49  2.0  1.4 D1
 10203  0 6 59.95 35-23.88  52-54.91  32.06        22 249 70.5 0.35  1.7  1.5 D1
 10203  0 8 10.26 35- 4.94  53- 0.90  37.43        24 229 40.6 0.55  2.3  3.2 D1
 10203  0 9 19.26 34-45.16  53- 1.79  33.58        20 177 23.3 0.32  1.2  0.9 C1
 10203  010 29.59 34-44.86  52-54.62  28.55        22 161 12.5 0.17  0.5  0.7 C1
 10203  011 39.83 34-55.10  53- 2.31  37.81        20 226 28.8 0.38  1.6  1.6 D1
 10203  012 49.43 34-53.33  52-54.75  28.07        23 157 17.8 0.24  0.7  0.8 C1
 10203  013 59.07 34-48.29  53- 2.56  34.01        20 153 24.6 0.34  1.0  0.9 C1
 10203  015  9.29 34-59.38  52-56.94  29.24        23 176 28.7 0.28  0.9  1.0 C1
 10203  016 20.09 34-59.43  53- 0.60  36.76        19 221 32.2 0.27  1.5  1.5 C1
 10203  017 29.47 34-51.00  52-54.71  27.44        20 151 15.0 0.21  0.6  0.7 C1
 10203  018 39.64 35-11.22  52-55.90  31.92        23 204 48.1 0.37  1.6  1.1 D1
 10203  019 49.70 35- 5.37  52-45.47  17.35        19 173 52.9 0.21  1.1  1.5 C1
 10203  020 59.26 35-10.97  52-47.88  17.81        21 192 45.5 0.35  1.5  1.2 D1
 10203  022  9.45 34-47.72  52-56.03  30.80        19 144 53.0 0.26  0.9  1.3 C1
 10203  023 19.71 34-55.05  53- 1.59  34.07        25 195 27.9 0.28  1.1  0.7 C1
 10203  024 30.24 35-27.03  52-51.91  30.30        23 246 49.7 0.41  2.0  1.4 D1
 10203  025 39.97 34-58.36  52-41.86  14.57        21 150 58.9 0.15  0.4  0.8 C1
 10203  026 49.61 35- 2.22  52-53.22  27.66        21 177 65.7 0.23  1.1  1.3 C1
 10203  027 59.56 35- 7.83  52-58.67  33.57        20 210 43.7 0.53  2.3  1.6 D1
 10203  029  9.48 35- 4.57  53- 9.02  38.26        22 209 47.9 0.38  1.4  2.2 D1
 10203  030 19.80 35-19.45  52-54.38  31.12        22 224 53.9 0.43  1.9  1.4 D1
 10203  031 29.11 35- 4.28  52-48.38  17.49        18 175 33.2 0.38  2.1  2.2 C1
 10203  032 39.92 35-17.61  52-51.19  28.06        21 215 49.9 0.27  1.4  1.1 C1
 10203  033 49.48 35-11.58  52-58.41  34.31        20 209 49.9 0.53  3.7  3.6 D1
 10203  034 59.71 35-18.23  52-41.62  15.94        19 205 35.6 0.36  1.8  1.7 D1
 10203  036 10.17 35- 1.57  52-49.88  27.64        19 200 28.5 0.18  0.9  0.9 C1
 10203  037 19.50 35- 5.90  52-46.13  17.21        21 175 53.0 0.25  1.1  1.4 C1
 10203  038 29.14 34-57.39  53- 2.71  33.42        19 180 51.3 0.44  2.6  2.0 D1
 10203  039 39.82 34-57.43  52-55.07  30.32        20 194 61.1 0.24  1.1  1.3 C1
 10203  040 49.52 34-44.89  52-52.10  22.31        19 169  8.8 0.18  0.9  0.6 C1
 10203  041 59.94 35- 6.14  52-50.92  28.48        18 184 37.1 0.27  1.1  1.0 C1
 10203  043  9.08 34-45.85  53- 9.98  38.00        23 175 31.5 0.41  1.6  1.7 C1
 10203  044 19.64 35- 5.13  52-53.84  28.60        18 207 36.4 0.26  1.2  0.9 C1
 10203  045 29.59 35- 3.44  52-53.05  27.34        17 180 64.1 0.22  1.3  1.4 C1
 10203  046 39.25 34-58.45  52-58.26  29.58        19 175 28.5 0.26  1.1  1.1 C1
 10203  047 49.74 34-52.57  52-56.25  30.59        24 183 55.5 0.19  0.6  0.7 C1
 10203  048 59.62 34-49.95  52-51.01  24.63        24 198  9.4 0.27  0.9  0.8 C1
 10203  050  9.94 35-18.80  52-53.77  28.12        19 236 53.2 0.31  2.5  1.9 D1
 10203  051 19.80 35- 9.84  52-44.78  18.25        20 184 43.5 0.22  0.7  0.7 C1
 10203  052 29.99 35- 3.33  52-40.40  12.46        19 159 50.2 0.20  0.6  0.8 C1
 10203  053 39.68 34-54.86  52-53.37  27.86        22 181 18.7 0.19  0.7  0.7 C1
 10203  054 50.10 35- 3.90  52-56.67  32.52        22 211 66.0 0.38  2.0  2.3 D1
 10203  055 59.63 34-50.25  53-10.20  40.66        22 192 34.5 0.70  3.3  3.9 D1
 10203  057  9.45 34-59.97  53- 3.46  35.91        20 188 53.4 0.30  1.2  2.3 D1
 10203  058 19.19 35- 5.81  53- 0.25  32.06        18 197 41.5 0.39  1.8  1.3 D1
 10203  059 30.18 35-18.64  53- 1.65  39.55        20 244 63.9 0.31  1.6  2.8 D1
 10203  1 0 39.60 34-57.19  52-47.00  19.74        21 155 20.0 0.25  0.7  0.9 C1
 10203  1 1 49.44 34-57.65  53- 1.56  36.20        23 179 30.9 0.40  1.2  2.1 C1
 10203  1 2 59.16 34-53.72  53- 3.28  36.24        19 170 28.8 0.32  1.2  1.9 C1
 10203  1 4  9.61 35- 0.51  52-53.88  27.54        23 174 28.4 0.21  0.8  1.0 C1
 10203  1 5 19.59 34-56.93  53- 1.51  34.63        23 195 29.9 0.31  1.2  0.8 D1
 10203  1 6 29.43 34-47.68  52-55.94  28.06        22 143 14.4 0.17  0.4  0.6 C1
 10203  1 7 39.63 35- 2.18  52-35.28   5.64        20 146 33.9 0.27  0.8  1.0 C1
 10203  1 8 49.45 34-58.48  53- 5.29  38.86        24 187 36.2 0.43  1.5  1.7 D1
 10203  1 9 59.16 34-55.55  52-59.21  31.10        21 169 25.6 0.36  1.3  1.2 C1
 10203  111  9.45 35- 0.19  52-59.61  34.25        20 182 32.3 0.45  1.6  1.2 D1
 10203  112 19.61 35- 1.02  52-53.49  27.39        23 175 29.0 0.23  0.7  0.9 C1
 10203  113 29.70 34-58.52  52-51.03  24.17        20 164 23.4 0.15  0.5  0.7 B1
 10203  114 39.75 34-56.96  52-43.33  14.71        21 149 20.2 0.16  0.4  0.6 C1
 10203  115 49.53 35-12.20  53- 1.25  35.07        21 214 52.7 0.41  1.5  1.5 D1
 10203  116 59.62 34-50.36  52-57.04  32.02        19 204 61.6 0.21  0.9  0.8 C1
 10203  118  9.96 35-17.11  52-49.03  28.58        20 211 47.0 0.31  1.2  1.0 D1
 10203  119 20.51 35- 7.75  52-48.53  26.25        24 212 39.6 0.25  0.9  0.9 C1
 10203  120 29.45 35- 7.09  53- 2.86  38.41        22 204 45.6 0.34  1.5  2.4 D1
 10203  121 40.63 35- 2.10  52-37.17  12.09        23 191 78.5 0.46  1.7  1.6 D1
 10203  122 50.12 35- 4.34  52-46.72  21.76        22 203 33.2 0.26  0.9  0.7 C1
 10203  123 59.76 35-12.44  53- 1.63  35.01        22 215 53.3 0.40  1.9  1.8 D1
 10203  125  9.60 35- 5.11  52-39.50  10.69        19 161 36.3 0.22  0.7  0.6 C1
 10203  126 19.76 35- 1.66  52-50.71  25.69        22 188 63.4 0.35  1.4  1.8 D1
 10203  127 29.63 35- 2.66  52-49.46  24.31        19 172 30.4 0.16  0.5  0.8 C1
 10203  128 39.74 35-16.07  52-47.46  24.15        19 206 45.3 0.39  2.0  1.9 D1
 10203  129 49.75 35-10.43  53- 1.35  35.96        19 210 68.7 0.36  2.7  3.6 D1
 10203  130 59.44 34-59.20  53- 0.36  36.03        22 181 31.6 0.46  1.7  2.1 D1
 10203  132  9.66 35- 3.09  52-52.63  25.72        20 178 32.2 0.16  0.6  0.8 C1
 10203  133 19.19 35- 0.67  53- 2.44  35.22        19 188 35.8 0.27  1.1  0.7 C1
 10203  134 30.27 34-50.83  52-41.29  14.53        22 167 76.2 0.26  0.7  1.2 C1
 10203  135 39.26 35-13.94  53- 5.75  38.43        21 228 58.7 0.39  2.0  2.9 D1
 10203  136 49.20 34-47.66  52-58.87  31.12        21 147 18.8 0.25  0.7  0.7 C1
 10203  137 59.67 35- 3.05  52-50.39  23.32        22 175 31.3 0.17  0.6  0.8 C1
 10203  139  9.88 34-55.74  52-41.71  14.23        18 144 18.9 0.13  0.4  0.7 B1
 10203  140 19.63 35- 6.41  52-56.07  30.62        22 204 39.7 0.36  1.5  1.2 D1
 10203  141 30.27 35- 7.27  52-49.84  27.09        19 225 38.9 0.46  2.2  1.9 D1
 10203  142 39.56 34-51.49  52-51.56  25.73        20 148 12.1 0.15  0.4  0.4 C1
 10203  143 49.26 34-59.93  53- 6.46  37.24        18 193 39.3 0.30  1.3  2.1 D1
 10203  144 59.54 35- 5.41  52-54.31  29.32        22 208 37.1 0.24  1.0  0.8 C1
 10203  146 10.41 34-53.73  52-48.80  26.88        19 184 64.0 0.21  0.8  1.1 C1
 10203  147 19.11 35- 0.17  52-58.01  24.07        18 179 30.8 0.41  1.1  1.9 C1
 10203  148 29.21 35- 3.12  53- 6.74  38.31        21 201 43.6 0.38  1.6  2.1 D1
 10203  149 39.64 34-59.06  52-51.55  25.98        18 167 24.6 0.22  0.8  1.1 C1
 10203  150 49.24 35- 0.46  52-58.99  31.75        23 182 59.3 0.42  1.9  1.9 D1
 10203  151 59.65 35- 9.25  52-56.00  31.94        25 199 44.6 0.44  1.8  1.3 D1
 10203  153  9.70 34-59.20  52-52.36  26.82        22 168 66.3 0.18  0.7  1.2 C1
 10203  154 19.60 35- 1.37  52-47.05  18.93        21 189 27.7 0.32  1.1  1.0 D1
 10203  155 29.26 34-50.42  52-59.46  32.33        20 155 21.0 0.28  0.9  1.0 C1
 10203  156 39.50 34-58.25  52-55.38  29.39        24 197 25.7 0.28  1.1  0.8 C1
 10203  157 49.32 34-50.11  52-59.20  32.62        20 154 20.4 0.23  0.7  0.7 C1
 10203  158 59.78 35- 4.76  52-51.63  28.38        23 181 60.9 0.26  1.0  1.2 C1
 10203  2 0  9.49 34-53.56  53-11.86  40.68        24 186 36.0 0.69  2.8  3.9 D1
 10203  2 1 19.24 34-47.38  53- 5.24  36.57        22 154 28.5 0.22  0.7  1.0 C1
 10203  2 2 29.43 34-58.58  52-54.35  28.46        21 170 25.4 0.26  0.9  0.9 C1
 10203  2 3 39.64 34-54.14  52-50.77  24.34        21 153 15.7 0.18  0.5  0.6 C1
 10203  2 4 49.46 34-45.14  52-46.06  17.55        23  77  2.4 0.30  0.9  0.5 B1
 10203  2 5 59.80 35- 6.35  52-51.51  28.59        18 185 37.7 0.27  1.2  1.2 C1
 10203  2 7  9.66 34-51.83  52-50.48  24.57        24 147 11.7 0.15  0.4  0.5 B1
 10203  2 8 19.70 35- 2.15  53- 2.47  38.22        22 192 57.3 0.45  2.4  5.2 D1
 10203  2 9 29.89 35- 4.08  52-52.80  28.45        21 181 34.1 0.25  1.2  1.1 C1
 10203  210 39.44 34-58.67  53- 5.44  37.46        22 188 36.6 0.38  1.4  1.9 D1
 10203  211 49.32 35- 1.07  52-57.70  31.23        21 197 32.0 0.40  1.7  1.1 D1
 10203  212 59.51 35- 5.78  52-58.64  32.18        23 195 40.3 0.44  2.1  1.9 D1
 10203  214  9.48 35- 7.48  52-55.04  29.01        22 205 62.5 0.34  1.5  1.4 D1
 10203  215 19.30 35- 7.05  53-21.19  42.11        24 246 65.0 1.08  4.1 51.7 D1
 10203  216 29.62 35- 4.64  52-54.49  27.49        24 185 64.6 0.25  1.0  1.0 C1
 10203  217 39.51 34-52.33  53- 7.66  39.52        24 195 33.9 0.45  1.5  1.7 D1
 10203  218 50.28 35-10.39  52-51.80  31.11        22 220 45.1 0.31  1.4  1.1 D1
 10203  219 59.08 34-46.40  53- 2.58  34.35        21 147 24.3 0.36  1.3  1.0 C1
 10203  221  9.17 34-54.07  53- 3.67  34.87        21 172 29.6 0.29  1.0  0.8 C1
 10203  222 19.58 34-55.74  52-53.92  26.50        18 162 20.6 0.24  0.8  1.0 C1
 10203  223 29.20 34-54.96  52-58.72  30.35        23 167 24.3 0.31  0.9  1.0 C1
 10203  224 39.33 34-58.81  52-59.02  31.41        21 195 29.8 0.40  1.6  1.1 D1
 10203  225 50.24 34-59.37  52-46.72  22.15        21 192 24.0 0.24  0.9  0.8 C1
 10203  226 59.59 34-57.69  53- 4.07  39.02        22 183 50.0 0.44  2.1  4.3 D1
 10203  228  9.58 35-17.71  52-39.47  12.42        21 200 32.9 0.44  1.9  1.8 D1
 10203  229 20.01 34-54.99  52-48.14  21.14        22 182 16.1 0.38  1.2  0.9 D1
 10203  230 29.96 35-15.34  52-51.04  29.43        21 208 50.9 0.36  1.7  1.4 D1
 10203  231 40.07 35- 1.44  52-58.08  33.51        19 222 32.9 0.28  1.4  0.9 C1
 10203  232 48.89 35- 5.65  53-14.22  40.44        22 237 51.6 0.77  3.1  3.2 D1
 10203  234  0.03 35- 1.05  52-54.20  29.52        20 202 65.8 0.24  1.3  1.6 C1
 10203  235 10.22 35- 4.71  52-54.44  32.56        22 212 69.6 0.37  2.0  2.1 D1
 10203  236 19.40 34-46.33  52-58.85  31.36        22 172 18.7 0.24  0.8  0.7 C1
 10203  237 29.32 35- 7.49  52-46.72  19.29        19 194 39.0 0.38  1.8  1.0 D1
 10203  238 39.75 35- 3.52  53- 3.95  40.42        21 218 41.2 0.51  2.3  2.3 D1
 10203  239 49.41 35- 9.40  53- 0.67  36.98        18 215 47.6 0.26  1.6  4.6 C1
 10203  240 59.37 35- 7.72  52-48.38  18.80        24 184 39.6 0.41  1.4  1.2 D1
 10203  242  9.87 34-59.49  52-57.81  32.69        20 202 59.6 0.31  1.7  1.9 D1
 10203  243 19.37 34-54.66  52-55.89  28.86        21 162 20.8 0.23  0.7  0.7 C1
 10203  244 29.64 35- 4.04  52-53.18  26.26        19 182 63.6 0.28  1.7  2.3 C1
 10203  245 39.63 34-56.55  52-54.63  28.16        19 165 22.4 0.17  0.6  0.7 C1
 10203  246 49.71 35- 1.10  52-45.39  17.21        20 162 27.3 0.15  0.5  0.7 C1
 10203  247 59.24 34-49.67  53-15.46  39.25        20 180 27.2 0.80  2.7  3.3 D1
 10203  249  9.87 35- 3.71  53- 1.43  36.21        23 216 39.2 0.40  1.6  2.3 D1
 10203  250 19.42 35- 1.58  52-47.49  17.90        18 166 28.1 0.29  0.9  1.2 C1
 10203  251 29.71 34-54.08  52-47.42  20.69        18 148 14.3 0.26  0.8  0.8 C1
 10203  252 39.64 35-13.61  52-58.71  31.86        21 214 53.6 0.38  1.9  1.3 D1
 10203  253 50.14 35- 3.93  52-36.14  11.69        24 152 36.2 0.32  0.7  1.1 C1
 10203  254 59.50 35- 5.40  53- 5.26  38.37        18 213 45.2 0.34  1.8  2.3 D1
 10203  256  9.35 35- 1.98  52-59.13  31.02        22 186 60.9 0.46  2.3  2.3 D1
 10203  257 19.34 34-54.54  52-56.18  29.10        24 162 21.0 0.24  0.6  0.7 C1
 10203  258 29.60 35-20.46  52-59.47  33.95        19 235 61.3 0.40  2.0  1.3 D1
 10203  259 40.00 35-51.00  52-16.05  10.00         4 322 49.7 0.00           C1
 10203  3 0 50.21 35-14.84  52-50.46  29.28        20 237 53.0 0.31  1.5  1.4 D1
 10203  3 2  0.22 35- 5.00  52-58.89  38.18        20 229 39.2 0.53  2.8  4.8 D1
 10203  3 3  9.31 34-56.62  53-14.79  41.41        24 237 46.9 0.95  4.0 19.2 D1
 10203  3 4 19.47 34-58.94  52-55.02  27.22        20 172 62.6 0.26  1.7  1.9 C1
 10203  3 5 29.26 35- 1.38  53- 7.06  37.90        20 198 41.7 0.42  1.6  2.1 D1
 10203  3 6 39.95 34-54.69  52-49.75  25.67        19 153 66.0 0.17  0.7  1.4 C1
 10203  3 7 49.76 35- 3.37  52-51.93  25.85        21 178 32.4 0.18  0.6  0.9 C1
 10203  3 8 59.81 35- 9.44  53- 6.12  41.83        21 215 64.0 0.50  2.6 60.0 D1
 10203  310  9.36 34-59.20  52-58.41  30.33        20 178 58.6 0.25  1.7  1.6 C1
 10203  311 19.79 35- 9.84  53- 2.98  39.70        23 230 67.4 0.56  3.1  6.8 D1
 10203  312 30.06 34-54.20  52-51.26  25.69        21 183 63.7 0.13  0.4  0.7 C1
 10203  313 39.81 35-13.69  52-53.33  31.50        19 207 51.5 0.35  2.0  1.6 D1
 10203  314 49.63 34-58.13  52-49.28  22.87        19 161 22.1 0.13  0.4  0.7 B1
 10203  315 59.73 35- 2.20  53- 1.44  37.92        22 190 36.9 0.42  2.0  2.5 D1
 10203  317  9.58 35- 6.82  52-55.76  30.22        20 193 64.1 0.43  2.8  2.4 D1
 10203  318 19.57 34-48.25  53- 5.95  36.38        19 221 29.7 0.29  1.2  1.4 C1
 10203  319 29.38 34-56.70  53- 7.75  40.00        19 202 73.4 0.52  2.3  6.8 D1
 10203  320 39.91 35- 1.08  53- 0.64  38.57        23 186 34.6 0.35  1.3  1.4 D1
 10203  321 49.07 34-44.55  53-12.10  39.80        20 172 27.8 0.63  2.7  2.8 D1
 10203  322 59.42 34-58.19  52-54.66  27.45        20 169 62.4 0.25  1.5  2.0 C1
 10203  324  9.52 35- 0.18  52-59.53  35.86        20 182 32.2 0.36  1.3  1.0 D1
 10203  325 20.06 35- 6.23  52-54.18  31.29        22 215 38.5 0.31  1.3  1.0 D1
 10203  326 29.18 35- 8.42  53-10.49  41.20        25 220 54.6 0.49  1.9 47.4 D1
 10203  327 39.56 34-59.53  52-49.79  22.91        22 165 24.8 0.16  0.4  0.7 C1
 10203  328 49.09 34-41.90  53- 8.09  37.06        22 137 33.1 0.37  1.4  2.2 C1
 10203  329 59.25 34-47.25  53- 3.38  35.15        20 174 25.6 0.29  1.2  1.0 C1
 10203  331  9.78 34-43.23  52-41.82  12.66        19 108  9.4 0.23  0.7  0.4 B1
 10203  332 19.67 34-59.26  52-48.58  20.68        19 163 24.0 0.15  0.5  0.6 B1
 10203  333 29.71 35- 0.79  52-44.45  15.97        21 160 26.8 0.17  0.5  0.8 C1
 10203  334 40.11 34-44.58  52-44.37  18.77        20 123 46.3 0.11  0.3  0.4 B1
 10203  335 49.83 35- 6.39  52-44.09  16.04        18 173 37.2 0.17  0.6  0.8 C1
 10203  336 59.91 35-12.95  52-44.92  22.80        23 193 44.1 0.34  1.4  1.7 D1
 10203  338  9.79 34-52.27  52-48.32  21.33        19 145 11.2 0.18  0.5  0.7 C1
 10203  339 19.94 34-59.68  52-48.43  22.35        21 163 63.4 0.26  0.8  2.0 C1
 10203  340 29.34 35- 8.76  53-10.08  41.26        24 224 54.7 0.69  2.5 58.6 D1
 10203  341 39.59 35- 1.82  52-53.31  26.70        17 176 66.2 0.19  1.0  1.7 C1
 10203  342 49.20 35- 4.88  53- 1.63  32.40        20 218 41.1 0.41  2.0  1.4 D1
 10203  343 59.81 35- 7.59  52-49.50  22.38        21 185 39.5 0.35  1.3  1.5 D1
 10203  345 10.19 35- 5.83  52-58.51  35.37        22 217 40.3 0.36  1.6  1.1 D1
 10203  346 19.65 35- 5.53  52-54.22  27.30        21 187 63.3 0.26  1.4  1.4 C1
 10203  347 30.28 35-13.45  52-51.74  29.77        20 226 83.6 0.33  2.2  2.3 D1
 10203  348 40.01 35- 0.87  52-55.89  31.68        23 203 30.3 0.31  1.2  0.8 D1
 10203  349 49.18 34-57.78  53- 0.80  33.30        22 178 30.2 0.42  1.3  1.1 C1
 10203  350 59.70 34-52.09  52-49.57  21.65        18 171 11.5 0.18  0.7  0.5 C1
 10203  352 10.12 35-18.78  52-45.22  26.73        20 212 40.6 0.18  1.3  1.3 C1
 10203  353 19.67 35- 7.70  53- 1.71  37.20        24 204 45.6 0.43  1.8  3.4 D1
 10203  354 29.16 34-52.35  52-59.38  30.32        24 161 50.9 0.33  1.0  1.2 D1
 10203  355 39.30 35- 1.35  52-59.09  30.26        20 184 60.2 0.40  2.2  2.1 D1
 10203  356 49.21 35- 4.14  53- 7.22  38.04        22 204 45.4 0.60  3.0  4.7 D1
 10203  357 59.06 34-46.01  53- 2.43  34.52        20 146 24.1 0.32  1.0  0.8 C1
 10203  359  9.30 35- 6.49  52-49.18  18.76        19 182 37.4 0.44  1.7  1.2 D1
 10203  4 0 19.79 35- 4.81  52-50.64  25.44        21 180 59.6 0.19  0.9  1.3 C1
 10203  4 1 29.84 35- 5.26  52-41.33  13.07        18 165 35.8 0.21  0.6  1.0 C1
 10203  4 2 40.35 35- 3.82  53-25.94  41.86        22 233 43.0 1.30  5.5 17.7 D1
 10203  4 3 49.33 34-56.06  52-57.39  28.27        21 168 24.3 0.24  0.7  0.8 C1
 10203  4 4 59.09 34-55.14  53- 0.49  32.28        18 170 51.8 0.34  1.3  1.7 D1
 10203  4 6 10.05 35- 1.95  52-56.23  32.18        22 206 64.3 0.30  1.5  1.7 C1
 10203  4 7 19.43 34-48.78  52-56.14  29.32        21 147 15.2 0.22  0.7  0.9 C1
 10203  4 8 29.40 35- 4.12  53- 9.62  41.06        22 209 48.0 0.42  1.9 16.9 D1
 10203  4 9 39.75 35- 5.19  52-49.77  25.76        22 193 35.1 0.39  1.4  1.6 D1
 10203  410 50.09 35- 4.28  52-52.41  29.14        18 208 34.3 0.20  0.9  0.8 C1
 10203  411 59.91 35-17.18  52-59.63  35.08        18 244 60.3 0.33  2.2  3.3 D1
 10203  413  9.61 34-53.90  52-52.47  26.00        23 155 16.5 0.15  0.4  0.5 B1
 10203  414 19.49 34-52.23  52-54.25  27.12        19 153 15.9 0.17  0.5  0.7 C1
 10203  415 30.55 35- 2.64  52-57.62  36.42        20 209 34.4 0.39  1.8  2.0 D1
 10203  416 40.11 35- 3.39  52-57.00  33.42        21 224 35.2 0.25  1.1  0.8 C1
 10203  417 49.72 34-58.59  52-49.97  22.86        21 163 23.1 0.12  0.4  0.7 B1
 10203  418 59.35 34-54.60  52-56.35  29.06        23 162 21.2 0.24  0.7  0.7 C1
 10203  420  9.35 34-58.38  53- 9.04  41.11        20 194 45.3 0.55  2.5 13.7 D1
 10203  421 19.90 35-24.17  52-45.67  17.18        19 237 40.0 0.40  3.3  2.2 D1
 10203  422 29.86 34-56.81  52-47.62  21.73        23 155 19.3 0.19  0.5  0.8 C1
 10203  423 39.56 35- 8.89  53- 3.84  37.14        21 210 49.2 0.49  2.4  4.5 D1
 10203  424 49.69 35- 2.83  52-54.46  29.39        20 181 32.7 0.25  1.0  0.9 C1
 10203  426  0.10 35- 5.13  52-57.37  34.97        20 255 38.3 0.36  2.1  1.1 D1
 10203  427  9.14 34-52.97  53- 4.42  35.89        24 170 29.8 0.31  1.0  0.9 C1
 10203  428 19.21 35-22.24  52-50.86  25.58        20 240 48.0 0.48  3.2  3.5 D1
 10203  429 29.35 34-57.66  53-10.67  41.23        24 207 42.2 0.57  2.1  6.6 D1
 10203  430 39.52 34-43.79  52-51.73  22.90        20 166  9.1 0.22  0.8  0.6 C1
 10203  431 49.55 34-56.87  52-51.07  21.07        20 181 20.6 0.27  0.8  0.8 C1
 10203  432 59.03 35-19.95  52-37.78   7.62        19 222 29.2 0.43  2.2  1.4 D1
 10203  434  9.39 34-50.05  52-55.35  28.83        19 149 14.9 0.21  0.6  0.7 C1
 10203  435 19.47 35- 1.22  52-58.04  30.46        24 182 32.5 0.40  1.3  1.1 D1
 10203  436 29.57 35-11.97  52-59.29  33.65        18 218 51.1 0.46  2.6  1.6 D1
 10203  437 39.62 35- 2.22  53- 5.94  38.23        21 218 41.5 0.41  1.8  2.1 D1
 10203  438 49.57 35- 6.50  52-56.38  30.14        21 193 65.2 0.40  2.4  2.2 D1
 10203  439 59.21 34-57.13  53-12.91  40.54        19 198 39.6 0.34  1.4  1.3 D1
 10203  441  9.17 34-50.75  53- 6.55  39.45        20 167 39.8 0.37  1.5  2.5 C1
 10203  442 19.49 35- 5.03  52-45.60  17.40        19 172 53.5 0.32  1.6  2.0 D1
 10203  443 29.59 34-56.37  52-45.64  17.41        23 151 18.5 0.23  0.6  0.7 C1
 10203  444 39.17 34-52.66  53- 3.60  32.35        20 168 45.5 0.34  1.9  2.5 C1
 10203  445 49.52 35- 6.25  52-59.68  30.54        21 197 65.6 0.42  2.5  2.3 D1
 10203  446 59.46 34-58.50  52-55.83  27.28        23 172 26.4 0.20  0.6  0.8 C1
 10203  448  8.16 35-23.28  53- 8.17  28.50        19 246 74.1 0.72  3.0  3.1 D1
 10203  449 19.97 34-58.91  52-44.69  17.00        21 189 23.4 0.20  0.7  0.7 C1
 10203  450 29.49 35- 0.35  53- 2.94  36.71        21 224 35.9 0.39  1.6  1.9 D1
 10203  451 40.39 35- 6.84  52-51.69  31.12        18 227 38.6 0.22  1.1  0.8 C1
 10203  452 49.65 34-51.78  52-51.97  24.04        20 208 12.9 0.26  1.0  0.7 C1
 10203  453 59.58 34-54.33  53- 5.45  38.90        21 198 32.2 0.32  1.4  1.4 D1
 10203  455  9.75 35- 2.06  52-48.95  21.95        19 170 60.9 0.24  0.9  1.4 C1
 10203  456 19.31 35- 6.35  53- 0.85  32.33        18 210 42.8 0.43  2.2  1.5 D1
 10203  457 29.32 34-57.50  53- 1.06  35.67        21 177 30.1 0.29  1.0  1.1 C1
 10203  458 39.52 34-55.13  53-11.21  42.04        24 189 38.7 0.79  3.1  9.3 D1
 10203  5 0 59.18 34-49.91  53- 8.78  37.57        18 168 34.4 0.33  1.7  2.1 C1
 10203  5 2  9.42 35- 3.59  52-56.85  30.41        23 186 35.4 0.35  1.2  1.0 D1
 10203  5 3 20.44 35- 6.82  52-58.16  39.54        20 219 41.7 0.28  1.4  1.6 C1
 10203  5 4 29.51 34-50.79  52-52.83  26.50        20 173 12.5 0.17  0.5  0.5 C1
 10203  5 5 39.37 34-53.41  52-57.47  29.00        22 161 21.0 0.16  0.5  0.5 C1
 10203  5 6 49.43 35- 7.10  53- 3.87  38.58        23 221 46.4 0.42  1.9  2.8 D1
 10203  5 7 59.53 35- 1.65  52-46.87  20.14        21 166 28.2 0.18  0.5  0.7 C1
 10203  5 9  9.56 35- 8.76  52-54.73  30.64        23 207 43.2 0.38  1.6  1.2 D1
 10203  510 19.44 34-57.09  53- 3.91  35.06        24 181 33.0 0.56  1.6  1.1 D1
 10203  511 29.81 34-55.20  52-59.88  35.32        19 194 52.7 0.39  2.0  1.8 D1
 10203  512 39.65 34-50.75  52-52.40  24.92        21 147 12.0 0.13  0.4  0.6 B1
 10203  513 50.14 35-16.27  52-39.08  11.83        20 239 56.4 0.43  2.1  1.7 D1
 10203  514 59.51 35- 7.12  52-58.66  32.07        24 208 42.5 0.48  2.5  1.9 D1
 10203  516  9.46 34-56.85  53- 8.50  39.54        23 188 38.6 0.45  1.8  1.9 D1
 10203  517 19.30 35-11.49  52-55.85  32.85        21 205 48.5 0.46  1.9  1.3 D1
 10203  518 29.57 35- 3.28  53- 1.45  36.37        21 193 59.8 0.42  2.3  6.0 D1
 10203  519 40.11 35-13.39  52-59.33  37.06        23 214 53.6 0.41  2.1  3.8 D1
 10203  520 49.54 35- 8.53  53- 4.27  38.17        23 210 49.0 0.38  1.8  2.4 D1
 10203  521 59.63 34-58.23  52-52.37  26.79        21 166 65.4 0.18  0.8  1.4 C1
 10203  523  9.99 35-11.53  52-42.03  18.86        21 184 41.8 0.19  0.7  0.6 C1
 10203  524 19.23 34-52.06  53- 0.16  33.68        20 161 23.2 0.32  1.1  0.9 C1
 10203  525 29.93 34-58.93  53-10.20  41.88        23 217 42.8 0.68  3.2  6.4 D1
 10203  526 39.55 35- 3.05  53- 3.81  34.10        19 196 57.0 0.46  3.0  3.5 D1
 10203  527 49.66 34-59.87  52-49.40  23.59        20 183 25.3 0.24  0.8  0.8 C1
 10203  528 59.52 35- 2.10  53- 6.32  38.38        19 218 41.8 0.49  2.1  2.5 D1
 10203  530  9.27 34-46.67  52-57.58  31.12        19 174 16.7 0.29  1.1  0.9 C1
 10203  531 20.36 35-12.45  52-46.23  24.55        20 220 48.2 0.28  1.2  1.5 C1
 10203  532 29.82 34-56.03  52-47.80  18.53        21 185 17.9 0.19  0.6  0.5 C1
 10203  533 39.26 34-55.17  52-57.80  31.70        22 196 70.3 0.39  1.6  1.4 D1
 10203  534 50.09 35- 8.67  52-50.39  26.30        23 189 41.6 0.30  1.1  1.3 D1
 10203  535 59.40 34-59.22  52-46.92  17.81        22 160 62.5 0.24  0.8  1.0 C1
 10203  537  9.71 34-54.37  53-10.37  41.28        24 205 38.7 0.58  2.3  4.6 D1
 10203  538 19.16 34-55.70  52-59.63  31.55        23 170 53.5 0.35  1.5  1.6 D1
 10203  539 29.52 34-54.65  53- 0.36  35.22        20 199 25.9 0.35  1.5  0.9 D1
 10203  540 39.56 35- 3.15  52-52.63  26.92        19 179 32.3 0.16  0.6  0.9 C1
 10203  541 50.31 35-20.69  53- 0.24  39.35        20 236 62.4 0.45  2.4  3.4 D1
 10203  542 59.85 35- 1.76  53- 2.27  35.98        23 212 37.1 0.39  1.6  1.1 D1
 10203  544  9.75 35-16.63  52-58.45  32.60        24 221 58.8 0.43  2.2  1.8 D1
 10203  545 19.24 35- 3.81  53- 6.74  37.71        19 203 55.1 0.36  2.5  4.8 D1
 10203  546 29.65 34-44.83  52-54.73  30.09        21 134 50.8 0.19  0.7  0.9 B1
 10203  547 39.21 35- 0.34  52-58.03  30.84        21 180 31.1 0.38  1.4  1.4 C1
 10203  548 49.73 35- 4.97  52-51.95  27.35        22 182 35.3 0.31  1.3  1.2 D1
