 DATE    ORIGIN    LAT N    LONG E    DEPTH    MAG NO GAP DMIN  RMS  ERH  ERZ QM
120811 1223 15.51 38-25.09  46-47.82   2.60        29  76 14.7 0.12  0.3  0.5 B1
120811 1228 46.33 38-26.02  46-46.97  21.33        27  52 26.0 0.08  0.2  0.3 B1
120811 1249 15.77 38-23.10  46-41.56  12.49        16  83 31.4 0.08  0.5  0.7 B1
120811 1314  5.34 38-22.20  46-40.07   1.06        27  86 33.2 0.11  0.2  0.5 B1
120811 1323 15.12 38-29.70  46-43.89   7.47        28  54 27.9 0.10  0.2  0.5 B1
120811 1342 11.88 38-24.00  46-40.73  14.67        27  82 33.0 0.18  0.5  0.8 C1
120811 1414 53.81 38-30.10  46-42.20  27.10        30  49  3.1 0.10  0.2  0.2 A1
120811 1425 15.44 38-25.71  46-40.83  11.49        15 109 33.9 0.07  0.3  0.5 B1
120811 1455 57.28 38-25.76  46-44.51   5.44        29  57 29.0 0.09  0.2  0.4 B1
120811 1521 14.79 38-26.56  46-46.60  16.79        32 108 27.0 0.10  0.2  0.3 B1
120811 16 0 50.52 38-24.70  46-47.81  15.59        28  77 23.8 0.10  0.3  0.4 B1
120811 1615  4.30 38-26.02  46-40.31  16.17        28  54 33.7 0.10  0.3  0.3 B1
120811 1621 53.08 38-24.71  46-38.73  19.27        17 108 36.2 0.08  0.3  0.3 B1
120811 1634 32.67 38-27.07  46-39.41  15.02        27  47 36.8 0.09  0.2  0.3 B1
120811 1737 58.56 38-23.98  46-52.08  22.58        28  60 17.7 0.11  0.3  0.3 A1
120811 1745 44.53 38-24.63  46-47.33   8.85        30  52 24.4 0.14  0.3  0.5 B1
120811 1749 25.74 38-25.78  46-49.96  16.39        28  52 20.2 0.14  0.4  0.4 B1
120811 1758 33.35 38-22.61  46-47.72   8.64        28  51 22.5 0.11  0.3  0.4 B1
120811 1813  3.23 38-22.92  46-38.71   2.65        27  48 13.7 0.09  0.2  0.3 B1
120811 1821 44.72 38-26.64  46-42.48  18.92        29  41 30.4 0.11  0.3  0.3 B1
120811 1912  4.88 38-25.67  46-47.59  20.55        30  43 13.8 0.12  0.3  0.3 A1
120811 1929 29.50 38-26.41  46-47.81  25.83        29  46 13.3 0.08  0.2  0.2 A1
120811 1930 45.38 38-26.69  46-55.69  22.42        30  63 17.2 0.09  0.2  0.2 A1
120811 1940 17.36 38-26.56  46-48.26  20.67        29  52 22.2 0.11  0.3  0.4 B1
120811 2010 30.35 38-25.21  46-46.28  14.37        26  84 26.2 0.15  0.4  0.5 B1
120811 2029 18.52 38-23.34  46-50.81   1.11        27  83 18.8 0.06  0.1  0.3 B1
120811 2037 27.65 38-27.65  46-47.86  20.10        29  76 12.3 0.08  0.2  0.2 A1
120811 2045 47.09 38-25.13  46-41.40  14.39        32  53 32.5 0.19  0.4  0.6 C1
120811 2113 21.51 38-26.26  46-39.67  11.59        27  48  7.4 0.11  0.3  0.3 A1
120811 2118 35.29 38-26.15  46-44.02  19.54        29  53 29.9 0.06  0.1  0.2 B1
120811 2121 14.24 38-27.12  46-47.68  18.52        28  45 26.2 0.09  0.2  0.3 B1
120811 2133 50.93 38-27.25  46-51.88  19.26        29  63 16.7 0.08  0.2  0.2 A1
120811 22 4 32.59 38-25.14  46-42.41  13.25        30  63 10.0 0.12  0.3  0.3 A1
120811 2212 47.09 38-25.29  46-45.52  17.18        29  51 12.1 0.13  0.3  0.3 A1
120811 2340 52.96 38-28.47  46-48.08  15.40        28  75 21.9 0.09  0.3  0.3 B1
120811 2358 13.69 38-27.86  46-42.86   8.75        18  88 32.9 0.08  0.3  0.5 B1
120812  010 52.88 38-23.55  46-42.33   5.44        28  55 30.5 0.13  0.3  0.5 B1
120812  015 23.01 38-25.96  46-46.23  16.87        25  91 11.9 0.07  0.2  0.2 B1
120812  034 16.55 38-26.12  46-46.28  17.72        17 103 27.0 0.10  0.4  0.5 B1
120812  041 26.57 38-29.23  46-44.57  18.95        29  39 32.2 0.14  0.3  0.4 B1
120812  135 50.41 38-25.77  46-44.77   6.92        29  84 10.7 0.09  0.2  0.4 B1
120812  224 43.48 38-26.57  46-45.90  12.69        21 116 27.9 0.08  0.3  0.4 B1
120812  232 17.44 38-22.87  46-42.08  18.23        30  46 13.9 0.07  0.2  0.2 A1
120812  328  0.55 38-29.34  46-44.85   3.55        28  46  7.1 0.11  0.2  0.4 B1
120812  410 44.54 38-24.01  46-52.39  27.39        29  53 17.3 0.17  0.4  0.5 B1
120812  435 39.78 38-29.76  46-43.78  14.51        30  69  5.5 0.12  0.3  0.3 A1
120812  440 40.90 38-26.25  46-45.00   8.22        31  50 10.3 0.11  0.3  0.4 B1
120812  513 20.57 38-29.26  46-50.24   0.50        27  47 14.9 0.10  0.2  0.3 B1
120812  517 53.81 38-18.53  46-54.91  31.36        31  60 11.1 0.11  0.2  0.2 A1
120812  537 56.14 38-26.38  46-47.76   8.83        31  66 13.3 0.10  0.2  0.3 B1
120812  6 3 58.10 38-27.52  46-46.47   8.54        28  88 10.6 0.09  0.2  0.4 B1
120812  617 50.25 38-26.06  46-51.48   8.40        29  48 18.3 0.09  0.2  0.4 B1
120812  629 57.37 38-20.37  46-44.24  29.45        30  53 19.2 0.14  0.3  0.4 A1
120812  640 44.73 38-22.89  46-38.06  19.01        27  53 36.3 0.07  0.2  0.2 B1
120812  722 55.78 38-26.11  46-47.44  19.14        30  55 25.5 0.09  0.2  0.3 B1
120812  726 53.47 38-27.54  46-43.83  16.20        27  51 28.2 0.10  0.3  0.3 B1
120812  729 28.93 38-23.56  46-52.87  23.41        29  59 16.3 0.08  0.3  0.3 A1
120812  733  3.24 38-25.74  46-42.31   8.73        30  56 30.9 0.12  0.3  0.5 B1
120812  736 35.93 38-26.36  46-47.82  15.26        28  77 13.3 0.10  0.2  0.2 A1
120812  8 1 20.38 38-24.89  46-49.51  22.90        29  54 16.9 0.13  0.3  0.4 A1
120812  8 3 44.03 38-26.72  46-45.15  17.45        29  74 26.5 0.08  0.2  0.2 B1
120812 1015 33.67 38-26.07  46-44.87  19.62        29  51 27.2 0.11  0.2  0.3 B1
120812 1029 28.07 38-23.80  46-37.75   8.46        28  60 12.4 0.08  0.2  0.2 B1
120812 1121 16.46 38-25.82  46-43.13  19.22        28  48  9.3 0.09  0.2  0.2 A1
120812 1151 31.85 38-23.49  46-47.04  15.76        30  48 16.1 0.11  0.3  0.3 B1
120812 1419  9.11 38-25.92  46-47.33  18.99        27  54 13.2 0.11  0.3  0.3 A1
120812 1515 10.31 38-26.79  46-50.31  15.00        31  48 22.8 0.09  0.3  0.4 B1
120812 1559 25.71 38-26.60  46-48.45  14.50        27  70 13.9 0.12  0.3  0.3 A1
120812 1718 30.88 38-26.84  46-44.45  20.72        26  52  8.9 0.13  0.4  0.4 A1
120812 1844 22.41 38-24.58  46-51.50  18.64        29  83 19.0 0.10  0.3  0.2 B1
120812 1846 40.53 38-23.36  46-50.75  15.78        29  47 18.9 0.10  0.3  0.2 B1
120812 1928  4.91 38-27.01  46-48.71  21.48        28  55 13.9 0.10  0.2  0.3 A1
120812 1929 56.72 38-25.50  46-47.63  19.65        27  44 14.1 0.08  0.2  0.2 A1
120812 20 4 31.26 38-29.10  46-46.73  18.41        31  51  9.9 0.09  0.2  0.2 A1
120812 20 9 35.85 38-25.40  46-52.03  17.29        30  46 17.7 0.15  0.3  0.3 B1
120812 2011  2.51 38-26.34  46-41.35  12.02        30  51  7.5 0.10  0.2  0.3 A1
120812 2126 31.97 38-22.83  46-40.43   8.46        28  55 13.7 0.10  0.2  0.3 B1
120812 2133 17.77 38-26.94  46-47.80   2.04        29  45 22.7 0.13  0.3  0.6 B1
120812 22 1 16.17 38-27.24  46-43.61  14.59        29  64  7.6 0.09  0.2  0.2 A1
120812 22 5 43.33 38-26.43  46-47.55  16.83        29  55 12.9 0.09  0.2  0.2 A1
120812 2245 49.55 38-26.23  46-43.01  16.00        28  58  8.6 0.10  0.2  0.2 A1
120812 2257  7.94 38-29.72  46-54.69  19.68        31  71 12.2 0.15  0.3  0.3 A1
120812 23 2  4.18 38-22.44  46-51.70  19.98        29  62 16.9 0.09  0.2  0.2 A1
120812 2316 13.30 38-22.73  46-41.00   9.40        27  46 14.0 0.07  0.2  0.2 B1
120812 2358 41.81 38-27.46  46-54.21  16.83        28  50 19.7 0.12  0.3  0.3 B1
120813  0 7 54.29 38-24.63  46-40.38  18.42        26  60 10.4 0.14  0.4  0.4 A1
120813  018  2.89 38-26.61  46-54.42   8.00        30  63 18.3 0.14  0.3  0.5 B1
120813  022  8.69 38-25.72  46-41.98  19.41        29  49  8.8 0.10  0.2  0.2 A1
120813  1 2 22.77 38-26.53  46-47.38  19.30        28  55 12.6 0.11  0.3  0.3 A1
120813  129 26.56 38-29.15  46-46.55   1.87        27  87 24.0 0.10  0.2  0.6 B1
120813  138 47.07 38-26.59  46-51.74  16.94        27  46 18.3 0.10  0.3  0.3 B1
120813  156 10.19 38-27.11  46-42.02  16.95        19 111 33.3 0.07  0.2  0.2 B1
120813  358 28.93 38-28.70  46-52.16   1.80        32  54 15.9 0.10  0.2  0.3 B1
120813  415 52.64 38-23.13  46-40.95  19.19        13 124 32.3 0.07  0.3  0.3 B1
120813  522 29.07 38-23.01  46-39.46  19.84        29  45 34.4 0.12  0.3  0.4 B1
120813  658 22.27 38-26.88  46-40.04  17.02        27  40  6.2 0.12  0.3  0.3 A1
120813  728 30.80 38-22.91  46-46.69  17.20        29  49 24.1 0.08  0.2  0.3 B1
120813  750 54.27 38-25.16  46-38.71   2.62        28  66  9.6 0.10  0.2  0.4 B1
120813  816 50.02 38-27.21  46-53.40   2.17        29  81 20.1 0.10  0.2  0.3 B1
120813 1028 13.82 38-25.95  46-41.68   7.01        30  58 31.8 0.07  0.2  0.3 B1
120813 1029 31.12 38-24.79  46-37.92   1.80        27  41 37.4 0.09  0.2  0.4 B1
120813 1045 44.32 38-28.33  46-36.57  18.29        17 112 41.5 0.09  0.3  0.4 B1
120813 1147 52.29 38-26.82  46-51.01   2.37        26  56 17.1 0.10  0.2  0.3 B1
120813 12 7 37.30 38-25.87  46-34.43   1.82        29  54 11.5 0.08  0.2  0.3 B1
120813 1245 58.20 38-27.28  46-43.76  19.67        30  85 28.3 0.08  0.2  0.2 B1
120813 1253 47.51 38-26.80  46-41.91  12.48        30  66 31.1 0.10  0.3  0.3 B1
120813 1331 40.66 38-23.75  46-51.12  15.78        31  53 18.7 0.11  0.2  0.2 B1
120813 1357  3.38 38-27.18  46-42.96   2.63        27  48  7.0 0.09  0.2  0.4 B1
120813 14 2 43.08 38-21.26  46-43.03  15.51        29  49 17.2 0.09  0.2  0.2 B1
120813 15 6 34.52 38-24.77  46-40.68   1.50        30  49 10.2 0.12  0.2  0.5 B1
120813 1532 15.98 38-26.47  46-46.14  15.26        30  55 11.2 0.08  0.2  0.2 A1
120813 1614 40.75 38-30.25  46-40.44  21.51        29  49 32.9 0.07  0.2  0.3 B1
120813 1631 48.91 38-24.78  46-41.47   0.88        29  84 32.4 0.11  0.2  0.6 B1
120813 17 8 41.88 38-26.91  46-40.54   3.45        29  50  6.2 0.09  0.2  0.3 B1
120813 1831 10.91 38-24.91  46-48.02   2.84        32  48 15.2 0.08  0.2  0.3 B1
120813 1840  6.04 38-25.59  46-39.93  19.77        29  42  8.6 0.12  0.3  0.2 A1
120813 1943 22.18 38-26.58  46-37.76  18.55        28  57 38.6 0.08  0.2  0.3 B1
120813 1955 52.89 38-21.63  46-42.47  28.37        28  48 16.3 0.08  0.2  0.3 A1
120813 2012 43.23 38-24.94  46-52.56  10.28        29  51 18.1 0.19  0.4  0.8 B1
120813 2022 37.74 38-23.57  46-59.76   3.18        28  61  9.2 0.08  0.2  0.2 B1
120813 2029 52.09 38-32.16  46-46.88   2.99        28  55 10.5 0.12  0.2  0.4 B1
120813 2044 57.43 38-22.38  46-48.98   6.77        28  62 20.7 0.10  0.2  0.4 B1
120813 2057  7.51 38-23.87  46-38.69   2.33        29  51 12.0 0.09  0.2  0.4 B1
120813 21 1 40.50 38-23.77  46-40.48   4.25        29  44 12.0 0.14  0.3  0.9 B1
120813 2110 31.88 38-29.28  46-46.42  14.65        29  68 24.2 0.18  0.4  0.5 B1
120813 2118 46.13 38-23.08  46-47.34  17.81        30  48 16.9 0.09  0.2  0.2 A1
120813 2125 25.34 38-27.11  46-47.31  19.08        30  42 23.3 0.11  0.3  0.4 B1
120813 2129  6.49 38-24.93  46-50.84  20.20        29  84 19.6 0.12  0.3  0.4 A1
120813 2133 30.01 38-27.11  46-40.83  16.27        28  48 34.9 0.07  0.2  0.3 B1
120813 2237  4.67 38-22.70  46-41.33  19.24        22  63 31.6 0.06  0.2  0.2 B1
120813 2322 37.14 38-25.83  46-44.62   8.10        28  55 10.5 0.10  0.2  0.5 B1
120813 2343 33.93 38-23.18  46-50.95  11.14        27  50 18.5 0.08  0.2  0.2 B1
120814  132 41.90 38-26.91  46-42.20   8.16        29  41  6.9 0.12  0.3  0.4 A1
120814  139 59.47 38-28.12  46-42.63  18.38        27  54 29.8 0.08  0.2  0.3 B1
120814  149 20.40 38-25.79  46-41.84  17.60        28  46 32.6 0.10  0.3  0.4 B1
120814  2 0 50.65 38-28.80  46-41.89   0.99        27  56 30.8 0.09  0.2  0.5 B1
120814  237  7.21 38-25.57  46-47.87  15.16        28  44 23.2 0.10  0.2  0.3 B1
120814  346 54.65 38-25.87  46-47.86  18.60        29  59 13.9 0.10  0.2  0.2 A1
120814  4 8 43.28 38-27.48  46-39.38   2.05        30  41 37.1 0.10  0.2  0.4 B1
120814  452 17.97 38-26.09  46-38.67  19.42        29  56  7.9 0.08  0.2  0.2 A1
120814  528 13.47 38-26.95  46-47.65  18.53        24 111 12.6 0.09  0.3  0.2 B1
120814  658 45.81 38-23.66  46-38.73  16.69        29  49 12.3 0.12  0.3  0.3 A1
120814  811 49.25 38-22.97  46-38.89  15.56        28  52 13.6 0.11  0.3  0.3 A1
120814 1028 44.49 38-24.36  46-43.43  15.45        32  49 29.5 0.09  0.2  0.3 B1
120814 1050 25.03 38-30.18  46-47.96  14.39        29  73 11.5 0.15  0.4  0.4 A1
120814 1117 14.08 38-23.23  46-39.41   2.07        30  53 34.5 0.10  0.2  0.4 B1
120814 1144 11.65 38-26.30  46-41.39   1.55        28  41 32.0 0.10  0.2  0.5 B1
120814 1242 55.75 38-24.61  46-40.84  22.09        29  46 33.2 0.15  0.4  0.7 B1
120814 1331  3.64 38-26.72  46-42.16  17.20        31  48 30.8 0.11  0.2  0.3 B1
120814 14 2 25.89 38-28.69  46-46.38  18.17        32  45 29.5 0.10  0.2  0.3 B1
120814 1548 20.46 38-26.90  46-37.86  17.37        20  68  7.0 0.08  0.2  0.2 A1
120814 16 7  9.03 38-23.21  46-51.83  12.50        26  47 17.4 0.09  0.3  0.3 B1
120814 1630 46.33 38-24.59  46-46.10  16.70        29  48 13.6 0.07  0.2  0.2 A1
120814 1636 25.06 38-24.50  46-43.27  19.14        23  90 11.6 0.09  0.2  0.2 B1
120814 17 5 18.40 38-26.37  46-38.52   6.00        30  52  7.5 0.10  0.2  0.4 B1
120814 17 9 10.16 38-25.24  46-42.73  19.50        30  86 30.6 0.08  0.2  0.2 B1
120814 1716 26.23 38-26.41  46-46.67   3.44        29  67 11.9 0.07  0.1  0.3 B1
120814 1853 41.52 38-24.54  46-39.04  14.90        30  51 35.7 0.10  0.3  0.4 B1
120814 2020 33.54 38-25.89  46-39.39  15.78        28  49  8.1 0.13  0.3  0.4 A1
120814 2129  4.57 38-25.65  46-52.69  17.43        27  51 18.8 0.09  0.3  0.2 B1
120814 2132 40.48 38-25.20  46-46.51  16.34        30  54 25.3 0.10  0.2  0.2 B1
120814 2210 17.73 38-25.54  46-40.04   3.14        27  79  8.7 0.09  0.2  0.4 B1
120814 2241 54.80 38-22.53  46-42.96  11.19        27  47 14.9 0.11  0.3  0.4 B1
120814 23 7 42.95 38-23.02  46-45.01   2.09        27  55 15.2 0.10  0.2  0.5 B1
120814 2333 31.07 38-24.17  46-47.05  19.61        27  58 15.1 0.07  0.2  0.2 A1
120814 2342  5.85 38-23.59  46-42.85  13.35        29  45 29.8 0.12  0.3  0.4 B1
120815  042 47.36 38-23.25  46-43.38  16.93        29  54 13.8 0.09  0.2  0.2 A1
120815  135 40.19 38-27.07  46-40.59  19.51        28  57  5.9 0.07  0.2  0.1 A1
120815  143 13.27 38-23.02  46-42.59  18.03        28  54 13.9 0.09  0.2  0.3 A1
120815  3 3 30.75 38-30.52  46-37.44  19.32        27  42  3.9 0.08  0.2  0.2 A1
120815  341 30.85 38-26.30  46-47.59  18.92        23  81 13.1 0.13  0.4  0.3 A1
120815  429 40.32 38-24.77  46-48.90  10.71        30  60 16.3 0.17  0.4  0.6 B1
120815  526 27.07 38-26.42  46-47.07   9.55        28  76 12.4 0.11  0.3  0.3 B1
120815  539 51.39 38-27.01  46-41.18  15.88        29  47  6.2 0.12  0.3  0.3 A1
120815  712 14.51 38-24.61  46-39.30   2.48        28  50 35.3 0.09  0.2  0.5 B1
120815  839 21.87 38-26.43  46-50.59   6.58        27  48 16.8 0.07  0.2  0.3 B1
120815  9 3 48.18 38-26.92  46-42.06  18.26        30  66 30.9 0.08  0.2  0.3 B1
120815  937 46.94 38-21.87  46-40.90   1.21        29  47 15.5 0.13  0.3  0.5 B1
120815 1127  5.96 38-20.57  46-47.77  18.56        32  64 21.1 0.09  0.2  0.2 B1
120815 1139 30.15 38-22.41  46-42.42  10.63        28  54 29.9 0.17  0.4  0.5 C1
120815 1352 42.57 38-25.66  46-39.50   8.63        29  50  8.5 0.09  0.2  0.3 A1
120815 1358 28.33 38-29.80  46-47.43   6.27        29  68 10.7 0.10  0.2  0.5 B1
120815 16 1 22.03 38-23.67  46-41.45   7.10        28  53 31.8 0.09  0.2  0.4 B1
120815 1749  4.99 38-24.16  46-39.36  18.18        30  51 35.0 0.14  0.3  0.4 B1
120815 18 0  1.18 38-26.89  46-37.74  18.09        29  47 37.1 0.06  0.1  0.2 B1
120815 1816 27.59 38-26.50  46-43.46  18.87        29  42  8.5 0.08  0.2  0.2 A1
120815 1838 44.08 38-25.39  46-39.96  18.03        28  50  9.0 0.10  0.2  0.2 A1
120815 1923 58.12 38-24.86  46-38.95  14.63        30  42 10.1 0.10  0.2  0.4 A1
120815 2027 44.44 38-26.43  46-40.74  19.35        28  46  7.1 0.10  0.2  0.3 A1
120815 2126 47.69 38-23.93  46-39.86  21.24        29  57 11.7 0.15  0.3  0.4 A1
120815 23 1 19.78 38-23.24  46-39.54   3.01        30  50 34.4 0.10  0.2  0.4 B1
120816  015 16.47 38-26.35  46-38.20  19.61        25  53  7.7 0.09  0.2  0.2 A1
120816  032 52.31 38-26.18  46-38.56  16.85        29  40 36.1 0.10  0.2  0.3 B1
120816  131 21.19 38-26.87  46-45.54  20.63        29  46 25.9 0.07  0.1  0.2 B1
120816  226 38.45 38-23.89  46-51.55   1.49        28  85 18.3 0.08  0.2  0.3 B1
120816  3 1 38.61 38-29.98  46-46.34  25.36        30  54 31.0 0.12  0.3  0.5 B1
120816  310 48.33 38-24.16  46-50.00  17.63        27  50 18.3 0.14  0.4  0.4 B1
120816  533 56.18 38-26.25  46-40.50   3.17        28  49 33.3 0.07  0.1  0.3 B1
120816  539 31.10 38-22.73  46-41.35  19.49        29  52 14.0 0.07  0.2  0.2 A1
120816  633 56.77 38-28.62  46-46.19   3.22        29  73  9.4 0.12  0.2  0.4 B1
120816  856 53.85 38-25.67  46-43.48   2.69        28  57 29.3 0.08  0.2  0.4 B1
120816  927 47.12 38-26.14  46-42.16  19.20        30  48 31.0 0.08  0.2  0.2 B1
120816 1128 37.06 38-26.94  46-43.67  10.22        30  47 28.6 0.10  0.2  0.4 B1
120816 1320 15.17 38-25.35  46-42.61   1.51        28  53 30.7 0.09  0.2  0.4 B1
120816 1356 30.52 38-24.57  46-43.66  13.76        28  50 11.7 0.10  0.2  0.3 A1
120816 1515 35.22 38-26.95  46-43.71  17.03        21 101 31.0 0.10  0.3  0.4 B1
120816 1531 10.32 38-22.56  46-41.99   1.00        29  63 30.6 0.12  0.2  0.5 B1
120816 1711 47.88 38-27.23  46-43.95  19.69        29  59  7.9 0.15  0.3  0.4 A1
120816 1714 13.47 38-27.00  46-42.96  19.28        29  47 32.0 0.08  0.2  0.2 B1
120816 1719 41.09 38-26.56  46-43.18  18.06        28  53 29.4 0.09  0.3  0.3 B1
120816 1734 59.93 38-25.53  46-42.82  15.83        30  43  9.6 0.10  0.2  0.2 A1
120816 2027 17.63 38-25.50  46-55.90   6.09        29  51 15.3 0.10  0.2  0.5 B1
120816 2150 59.79 38-26.16  46-44.65  14.03        29  63 10.1 0.10  0.2  0.3 A1
120816 2315  0.31 38-22.60  46-39.49   2.16        28  45 14.2 0.08  0.2  0.3 B1
120816 2359 14.26 38-24.87  46-39.45   1.08        30  42 35.3 0.10  0.2  0.4 B1
120817  031 16.87 38-30.29  46-50.30   2.42        30  48 27.3 0.07  0.1  0.4 B1
120817  213 53.15 38-23.63  46-46.25  21.04        28  46 15.2 0.10  0.2  0.2 A1
120817  319 24.14 38-26.42  46-46.03  19.62        27  53 11.2 0.09  0.2  0.3 A1
120817  334 20.41 38-27.15  46-42.04  17.98        29  40 33.4 0.10  0.2  0.3 B1
120817  448 15.76 38-25.82  46-41.73  12.28        32  49 32.7 0.15  0.4  0.5 C1
120817  452 29.57 38-25.81  46-46.67  19.41        31  63 12.6 0.11  0.2  0.3 A1
120817  528 37.87 38-22.73  46-51.39   5.93        30  62 17.6 0.09  0.2  0.3 B1
120817  535  6.86 38-23.94  46-47.64  13.69        31  51 16.0 0.10  0.2  0.2 B1
120817  8 9 51.37 38-24.94  46-52.79   7.77        17 101 17.8 0.15  0.5  0.9 B1
120817  819 48.12 38-26.97  46-48.49  19.10        26  52 13.6 0.08  0.2  0.2 A1
120817  918  0.09 38-25.22  46-39.62  19.41        33  50 35.2 0.08  0.2  0.2 B1
120817 1036 48.56 38-27.05  46-40.75  19.38        27  54 35.0 0.06  0.2  0.2 B1
120817 1119 12.08 38-26.61  46-42.31  19.57        27  70  7.5 0.11  0.3  0.2 A1
120817 12 9 50.62 38-27.34  46-39.34  17.50        26  86 34.7 0.07  0.2  0.2 B1
120817 13 4 44.25 38-25.80  46-52.16  22.64        28  44 19.6 0.14  0.3  0.5 A1
120817 1324 24.47 38-28.04  46-34.82   4.40        29  36  8.7 0.09  0.2  0.3 B1
120817 1434 36.87 38-26.15  46-38.23  16.46        30  78 36.6 0.10  0.2  0.3 B1
120817 1437 38.72 38-25.93  46-38.23  18.14        29  40 37.6 0.10  0.2  0.3 B1
120817 15 4  9.36 38-25.72  46-46.59   8.44        31  43 12.6 0.11  0.3  0.3 B1
120817 1613 14.87 38-27.14  46-46.39   1.82        29  41 24.6 0.10  0.2  0.5 B1
120817 1658 47.77 38-22.78  46-37.94  15.59        28  53 14.1 0.07  0.2  0.2 A1
120817 1757 46.98 38-22.08  46-54.65   2.36        27  61 12.7 0.06  0.1  0.2 B1
120817 1849 55.83 38-23.47  46-59.66   3.21        30  69  9.1 0.10  0.2  0.2 B1
120817 1934  8.68 38-28.82  46-37.87  18.63        24 121 36.7 0.11  0.3  0.3 B1
120817 20 5  0.09 38-27.24  46-39.37  19.83        27  57 34.7 0.08  0.2  0.2 B1
120817 2015 33.94 38-26.21  46-41.10  19.59        21  80  7.6 0.09  0.3  0.2 A1
120817 2136 15.85 38-24.36  46-42.92  20.12        27  44 11.6 0.08  0.2  0.3 A1
120817 2314  9.33 38-27.10  46-41.44  14.92        26  53 34.1 0.09  0.2  0.3 B1
120818  148 25.29 38-26.13  46-42.46  26.19        24  83  8.4 0.08  0.2  0.3 A1
120818  2 6 28.82 38-23.34  46-45.18  19.52        28  46 14.8 0.09  0.2  0.2 A1
120818  221 31.92 38-23.85  46-41.86   8.10        28  46 12.1 0.10  0.2  0.3 B1
120818  326 47.26 38-26.61  46-51.59  20.55        29  49 21.1 0.09  0.2  0.3 B1
120818  444 40.60 38-22.80  46-46.69  17.51        26  49 16.8 0.08  0.2  0.2 A1
120818  538  1.22 38-32.55  46-54.85  11.05        31  51 21.9 0.16  0.4  0.7 B1
120818  6 2 58.14 38-26.89  46-55.95  12.69        28  52 11.3 0.10  0.2  0.2 A1
120818  846 28.34 38-28.22  46-38.95  16.60        27  38  4.1 0.09  0.2  0.3 A1
120818  859  8.08 38-25.70  46-43.67  14.20        30  48  9.9 0.08  0.2  0.2 A1
120818 1121 28.96 38-25.86  46-39.00  19.81        28  41 35.6 0.11  0.3  0.3 B1
120818 1433 47.39 38-26.95  46-51.19  19.63        28  59 17.3 0.10  0.2  0.2 A1
120818 1556  6.05 38-25.09  46-52.16   5.69        31  74 17.8 0.14  0.3  0.5 B1
120818 1815 49.32 38-28.06  46-56.92   1.45        30  78  9.3 0.13  0.3  0.4 B1
120818 1910 11.83 38-26.86  46-38.58  14.69        31  60  6.6 0.10  0.2  0.2 A1
120818 1930 34.03 38-27.98  46-50.97   9.93        29  48 16.4 0.09  0.2  0.4 B1
120818 1939 46.80 38-24.53  46-39.49   2.37        30  43 10.6 0.08  0.2  0.3 B1
120818 2031 54.05 38-33.87  46-46.10  14.53        31  64 11.0 0.10  0.2  0.3 A1
120818 2041 51.72 38-26.50  46-43.46  12.27        30  48  8.5 0.09  0.2  0.2 A1
120818 21 8 39.58 38-24.91  46-39.04  18.69        29  53 35.9 0.10  0.2  0.3 B1
120818 21 9 40.73 38-27.56  46-37.82  11.12        28  65 36.9 0.09  0.2  0.3 B1
120818 2120 44.38 38-26.64  46-47.42  18.23        30  46 12.6 0.09  0.2  0.2 A1
120818 2129 15.71 38-26.23  46-39.95  15.86        29  43  7.4 0.10  0.2  0.2 A1
120818 2141 10.76 38-25.60  46-40.06  12.21        31  41  8.6 0.12  0.2  0.3 A1
120818 2211 10.29 38-24.76  46-38.69  15.12        29  52 10.3 0.09  0.2  0.2 A1
120818 2252 25.48 38-26.26  46-42.77  16.87        28  76  8.3 0.10  0.2  0.2 A1
120818 2314 44.01 38-25.66  46-50.49  14.60        27  50 17.4 0.10  0.2  0.2 B1
120818 2347 23.33 38-27.21  46-41.88  16.52        28  40  6.2 0.12  0.3  0.3 A1
120818 2354 42.67 38-25.89  46-49.35  15.48        29  87 15.7 0.08  0.2  0.2 B1
120819  0 4 53.91 38-27.01  46-38.78  16.05        28  67  6.3 0.10  0.2  0.2 A1
120819  037  6.97 38-26.07  46-42.47  19.42        28  85 30.6 0.08  0.2  0.2 B1
120819  055 17.10 38-30.34  46-42.30  19.40        31  83  3.2 0.09  0.2  0.2 A1
120819  112 38.03 38-27.42  46-41.67  15.34        31  51  5.7 0.09  0.2  0.2 A1
120819  129 34.60 38-26.92  46-38.49  16.08        29  62  6.6 0.10  0.2  0.2 A1
120819  158 30.61 38-22.64  46-37.99  19.56        18 106 36.3 0.07  0.2  0.2 B1
120819  223 12.21 38-25.69  46-38.62  15.95        32  49  8.7 0.10  0.2  0.2 A1
120819  226 30.29 38-24.92  46-39.33  15.71        30  42  9.9 0.09  0.2  0.2 A1
120819  329 48.59 38-25.04  46-38.04  13.71        29  50 10.1 0.10  0.2  0.2 A1
120819  347 59.08 38-28.96  46-50.48  15.63        30  64 15.3 0.14  0.3  0.4 A1
120819  439 27.93 38-26.43  46-47.67  22.77        29  55 23.1 0.10  0.2  0.3 B1
120819  510 15.72 38-27.86  46-47.76  19.38        28  56 12.0 0.08  0.2  0.2 A1
120819  818 27.65 38-26.14  46-37.73   1.62        27  40 38.4 0.07  0.2  0.5 B1
120819  825 19.96 38-25.91  46-39.07   2.61        28  40 36.4 0.08  0.2  0.4 B1
120819 1051 59.54 38-25.71  46-49.12   2.10        32  76 15.6 0.11  0.2  0.3 B1
120819 1341 51.01 38-27.42  46-40.11  18.69        29  86 36.1 0.15  0.4  0.5 B1
120819 1440 59.57 38-26.85  46-46.81  16.31        27  53 11.6 0.09  0.2  0.2 A1
120819 1532 29.34 38-20.95  46-49.53  14.99        28  50 19.2 0.17  0.4  0.4 B1
120819 2230 29.42 38-26.92  46-39.10  14.11        29  39  6.3 0.09  0.2  0.3 A1
120819 2327  2.40 38-25.97  46-38.13  14.94        29  54 37.7 0.11  0.3  0.3 B1
120820  1 4 22.57 38-29.00  46-40.60   5.47        29  47 36.8 0.09  0.2  0.4 B1
120820  124 12.92 38-25.56  46-42.12   2.20        31  56  9.2 0.13  0.3  0.5 B1
120820  145 10.56 38-26.71  46-40.71   3.05        27  51  6.6 0.08  0.2  0.3 B1
120820  2 4 58.74 38-24.00  46-41.16  15.38        29  44 11.6 0.09  0.2  0.2 A1
120820  4 9 59.57 38-26.02  46-40.64  19.18        28  49 33.2 0.08  0.2  0.2 B1
120820  6 6 14.59 38-26.06  46-39.57  19.43        28  49  7.8 0.13  0.3  0.3 A1
120820  659 31.73 38-23.29  46-47.57  13.05        17  96 16.9 0.09  0.3  0.4 B1
120820 10 6 32.60 38-26.80  46-51.36   7.02        30  55 17.6 0.09  0.2  0.3 B1
120820 1221  3.49 38-27.83  46-44.09  22.66        29  73  7.3 0.16  0.5  0.5 B1
120820 1453 29.53 38-26.60  46-39.45  19.05        31  57 34.7 0.09  0.2  0.2 B1
120820 1654 52.06 38-26.08  46-40.53  19.06        28  58 33.3 0.10  0.2  0.3 B1
120820 2032 50.35 38-26.76  46-48.54  18.04        30  64 21.7 0.08  0.2  0.2 B1
120820 2117 40.17 38-25.82  46-38.35   7.57        30  54 36.5 0.08  0.2  0.3 B1
120820 2124 17.53 38-26.74  46-52.33  18.17        26  49 63.4 0.09  0.3  0.4 C1
120820 2137 38.84 38-26.05  46-40.50   3.13        27  59 34.6 0.10  0.2  0.5 B1
120820 2220 12.45 38-25.78  46-39.44   2.00        29  44 35.8 0.13  0.3  0.7 B1
120821  331 54.84 38-26.85  46-40.49  17.09        32  42  6.3 0.09  0.2  0.2 A1
120821  523 59.04 38-27.08  46-44.90   3.18        30  41  9.1 0.09  0.2  0.4 B1
120821  838 50.54 38-23.73  46-34.81  14.23        29  60 14.3 0.10  0.2  0.3 B1
120821  915 12.04 38-28.55  46-45.87   3.11        27  40  9.0 0.12  0.2  0.5 B1
120821 1024 46.74 38-26.50  46-42.66   7.74        28  85 54.1 0.08  0.2  0.3 C1
120821 1743  2.11 38-24.77  46-42.24  19.56        28  79 10.6 0.08  0.2  0.2 A1
120822  424 53.79 38-25.38  46-41.37   6.88        29  42 32.9 0.14  0.3  0.7 B1
120822  950 22.74 38-26.56  46-39.19  19.48        29  68 36.7 0.09  0.2  0.3 B1
120822 10 8  9.48 38-27.65  46-50.86  27.37        29  47 18.0 0.09  0.2  0.3 A1
120822 1133 50.60 38-27.14  46-38.30   9.04        31  39 38.3 0.08  0.2  0.3 B1
120822 1445  2.50 38-25.67  46-38.47  14.96        31  79  8.8 0.11  0.2  0.2 A1
120822 1537 57.57 38-26.60  46-50.35  19.63        30  52 16.4 0.08  0.2  0.2 A1
120822 1555 46.79 38-26.66  46-47.63  18.48        29  45 12.8 0.10  0.2  0.2 A1
120822 1629 10.66 38-26.29  46-52.03  22.21        28  52 17.0 0.10  0.2  0.3 A1
120822 1832 35.35 38-25.29  46-38.00  14.00        30  56 37.2 0.08  0.2  0.3 B1
120822 2140 45.36 38-26.52  46-42.70   8.30        30  57 32.0 0.10  0.2  0.3 B1
120823  010 39.31 38-25.68  46-43.41  18.88        29 100 29.4 0.08  0.2  0.3 B1
120823  016 44.53 38-26.51  46-43.34   8.23        30  47 29.2 0.10  0.2  0.4 B1
120823  056 25.85 38-27.02  46-43.39   7.01        29  50  7.7 0.09  0.2  0.4 B1
120823  237 15.26 38-27.46  46-39.28  19.67        28  55  5.3 0.08  0.2  0.2 A1
120823  4 6 37.00 38-26.33  46-38.29  17.39        31  40  7.7 0.10  0.2  0.2 A1
120823  823 42.18 38-26.58  46-36.43   3.14        29  50  8.6 0.10  0.2  0.4 B1
120823 1214 46.22 38-26.78  46-37.94   1.44        28  49 36.9 0.10  0.2  0.5 B1
120823 1231 56.88 38-26.43  46-43.66   1.46        30  69 28.8 0.13  0.2  0.7 B1
120823 1452 19.27 38-26.42  46-38.42  16.69        29  54  7.5 0.08  0.2  0.2 A1
120823 1637 19.25 38-27.93  46-47.78   8.04        28  44 22.4 0.07  0.2  0.3 B1
120823 1718 12.06 38-24.05  46-38.09  16.99        29  54 11.8 0.12  0.3  0.3 A1
120823 2031 29.41 38-26.40  46-42.78  15.91        29  51 31.8 0.09  0.2  0.3 B1
120823 2256 32.92 38-26.99  46-38.22  19.53        29  40  6.6 0.13  0.3  0.3 A1
120824  514 47.32 38-25.33  46-37.46   2.50        28  85 38.3 0.12  0.2  0.6 B1
120824  738 39.33 38-29.76  47- 0.20   9.37        29  60 20.0 0.10  0.2  0.4 B1
120824  949 29.61 38-29.75  46-49.62  19.63        27  44 19.6 0.08  0.2  0.3 A1
120824 1044  3.54 38-26.10  46-53.52  19.97        28  71 15.2 0.08  0.2  0.2 A1
120824 1111 20.82 38-22.74  46-47.88   5.87        27  59 17.9 0.06  0.2  0.3 B1
120824 12 2 55.05 38-27.39  46-40.09  14.14        27  86 33.6 0.09  0.2  0.3 B1
120824 1214 53.54 38-26.95  46-42.90  19.35        27  41  7.3 0.11  0.3  0.2 A1
120824 1550 11.84 38-24.85  46-40.91   1.83        29  51 10.0 0.13  0.3  0.5 B1
120824 16 8 30.23 38-23.77  46-43.58  18.20        28  46 13.0 0.14  0.3  0.3 A1
120824 1637 38.17 38-32.45  47- 0.31   3.92        30  55  6.9 0.09  0.2  0.3 B1
120824 2142  7.20 38-25.91  46-39.54   9.77        27  53 34.8 0.15  0.4  0.6 C1
120824 2144  6.78 38-25.70  46-44.29  19.37        28  48 10.4 0.07  0.2  0.2 A1
120824 2243 36.13 38-27.68  46-42.51  22.78        31  54 33.2 0.08  0.2  0.4 B1
120824 2320 32.70 38-32.48  46-47.75   2.89        28  71 11.9 0.14  0.3  0.7 B1
120824 2357 20.16 38-26.89  46-36.68  14.38        28  38 40.3 0.09  0.2  0.3 B1
120825  0 9  4.24 38-26.89  46-42.13   1.87        31  75  6.9 0.12  0.2  0.4 B1
120825  058 55.37 38-25.90  46-47.12  15.78        29  63 13.0 0.12  0.3  0.3 A1
120825  255 50.27 38-26.93  46-38.41  19.56        29  47  6.6 0.09  0.2  0.2 A1
120825  6 9 46.16 38-25.51  46-41.39  18.97        30  49  8.9 0.14  0.3  0.3 A1
120825  733 34.26 38-26.05  46-34.31   1.89        29  46 11.4 0.12  0.3  0.4 B1
120825  746 21.03 38-26.47  46-52.07  14.97        29  52 20.5 0.10  0.2  0.3 B1
120825 1459 32.34 38-23.42  46-55.45   8.55        23  92 13.1 0.14  0.3  0.6 B1
120825 1714 24.57 38-26.73  46-38.87   3.01        27  47  6.7 0.11  0.3  0.4 B1
120825 1959 28.27 38-26.35  46-55.59  11.79        23 103 12.2 0.11  0.3  0.5 B1
120825 20 3 41.63 38-24.89  46-38.08  20.43        28  50 10.3 0.08  0.2  0.2 A1
120826  128 37.22 38-26.82  46-39.19  19.27        29  54 35.0 0.09  0.2  0.3 B1
120826  4 1 33.50 38-24.31  46-38.50  19.43        28  42 36.3 0.08  0.2  0.2 B1
120826  522 11.85 38-26.67  46-42.49  18.26        30  48  7.5 0.11  0.2  0.3 A1
120826  936 53.27 38-26.55  46-38.58  15.65        22  76 36.0 0.13  0.3  0.5 B1
120826  943 22.17 38-27.49  46-38.58  16.74        23  83  5.5 0.09  0.2  0.3 A1
120826 1115 28.08 38-25.83  46-40.54  18.74        27  41 34.4 0.08  0.2  0.3 B1
120826 1250 55.26 38-23.41  46-42.23  12.96        29  51 30.6 0.12  0.3  0.4 B1
120826 1252 35.27 38-26.11  46-37.62   4.87        30  66  8.4 0.11  0.2  0.4 B1
120826 13 5 19.68 38-26.25  46-37.81  11.54        28  48  8.1 0.09  0.2  0.3 A1
120826 13 8 35.93 38-26.45  46-39.44  14.93        24  51 36.3 0.13  0.4  0.6 B1
120826 1344 30.97 38-23.34  46-44.49   7.85        31  61 27.4 0.10  0.2  0.4 B1
120826 1426 50.05 38-20.83  46-42.08  12.08        28  49 17.6 0.14  0.3  0.4 B1
120826 1451  2.96 38-26.66  46-50.37  17.59        29  48 16.4 0.09  0.2  0.2 A1
120826 1815 32.22 38-25.46  46-51.99  12.93        24 102 17.7 0.14  0.4  0.4 B1
120826 1922  9.40 38-25.91  46-38.04   2.24        29  78  8.5 0.09  0.2  0.3 B1
120826 2012 37.64 38-25.81  46-39.80  15.85        28  47  8.2 0.13  0.3  0.3 A1
120826 2057  8.24 38-27.73  46-42.38   1.61        29  65 30.2 0.08  0.2  0.5 B1
120826 2248 14.33 38-29.04  46-40.18  13.98        27  74 33.3 0.14  0.4  0.4 B1
120827  246 27.86 38-25.09  46-38.75  19.58        30  50  9.7 0.11  0.2  0.2 A1
120827  5 8  7.00 38-26.65  46-34.93   2.74        28  37 10.0 0.11  0.2  0.4 B1
120827  630 56.18 38-24.32  46-41.80   4.08        27  50 11.2 0.16  0.3  0.7 C1
120827 11 1 13.31 38-23.91  46-41.56  19.52        28  50 11.9 0.12  0.3  0.4 A1
120827 1346 34.63 38-22.10  46-42.03  18.77        30  52 15.3 0.13  0.3  0.3 A1
120827 1510 34.82 38-24.33  46-50.68  15.01        31  62 19.8 0.14  0.4  0.5 B1
120827 1652 13.92 38-25.89  46-51.79  19.42        30  45 17.6 0.10  0.2  0.3 A1
120827 1755  8.88 38-23.55  46-48.59  17.49        27  48 21.9 0.07  0.2  0.3 B1
120827 21 3 27.01 38-24.19  46-40.42  13.00        28  43 33.6 0.08  0.2  0.4 B1
120827 2248 15.77 38-20.63  46-43.94   8.69        28  50 18.7 0.15  0.3  0.5 C1
120827 2356 30.93 38-26.58  46-53.02   8.23        27  82 19.6 0.09  0.2  0.4 B1
120828  028  1.15 38-23.30  46-41.70   1.20        28  73 13.1 0.10  0.2  0.5 B1
120828  155 35.96 38-24.39  46-42.16  11.65        30  46 11.2 0.07  0.2  0.2 A1
120828  221 14.46 38-25.83  46-35.15  20.74        29  50 41.8 0.10  0.3  0.4 B1
120828  333 22.93 38-23.42  46-39.98  14.49        29  56 33.8 0.12  0.4  0.4 B1
120828  341  7.80 38-24.25  46-46.69  23.31        28  48 14.7 0.09  0.2  0.3 A1
120828  354 51.16 38-25.81  46-37.72  19.32        28  48  8.9 0.08  0.2  0.2 A1
120828  413 21.85 38-22.86  46-47.19  13.69        29  57 17.1 0.10  0.2  0.3 B1
120828  438 46.70 38-24.03  46-46.81  19.92        28  48 15.1 0.11  0.3  0.3 A1
120828  511 25.36 38-26.70  46-44.58  23.18        27  47  9.3 0.10  0.3  0.4 A1
120828  535 42.80 38-23.41  46-39.34  18.92        29  44 34.7 0.10  0.2  0.3 B1
120828 1225 58.47 38-25.60  46-35.63   2.20        29  54 10.8 0.07  0.1  0.2 B1
120828 1434  6.71 38-23.78  46-43.36  12.58        30  50 29.2 0.10  0.3  0.4 B1
120828 1746 31.38 38-26.22  46-44.27  19.58        28  51 28.0 0.11  0.3  0.3 B1
120828 1758 51.90 38-24.87  46-38.03  19.37        24  62 10.4 0.10  0.2  0.2 A1
120828 1821 13.82 38-24.02  46-39.59  16.65        30  43 11.5 0.06  0.1  0.1 A1
120828 19 1 46.49 38-25.87  46-39.91  13.79        31  50  8.1 0.09  0.2  0.2 A1
120828 2032 12.15 38-24.82  46-39.19   3.24        29  89 10.1 0.10  0.2  0.4 B1
120829  027  5.08 38-25.41  46-35.97  19.76        27  48 10.8 0.11  0.3  0.3 A1
120829  1 1 26.34 38-26.75  46-50.89  31.18        29  50 17.0 0.11  0.3  0.3 A1
120829  856 38.77 38-30.27  46-41.08   4.13        27  55  1.4 0.11  0.3  0.4 A1
120829 1043 13.03 38-24.29  46-39.70  16.95        28  43 11.0 0.14  0.3  0.4 A1
120829 1146 27.48 38-25.22  46-37.99  18.34        23  65 37.5 0.08  0.2  0.2 B1
120829 1210 31.03 38-25.63  46-41.90  19.92        29  85  8.9 0.11  0.2  0.3 A1
120829 1332 44.33 38-24.58  46-50.97  23.18        29  83 19.0 0.10  0.2  0.4 A1
120829 1346 42.44 38-22.15  46-46.89  14.37        30  49 18.0 0.11  0.3  0.4 B1
120829 1830 50.23 38-23.78  46-39.02  18.96        30  50 35.3 0.08  0.2  0.2 B1
120830  342 46.42 38-27.28  46-38.23  17.96        30  76 36.3 0.07  0.2  0.2 B1
120830  625 50.46 38-26.69  46-42.27  10.47        27  51  7.3 0.12  0.3  0.3 A1
120830  630 42.90 38-27.24  46-51.76  13.83        27  68 17.9 0.09  0.2  0.3 B1
120830  645 56.44 38-25.52  46-41.43   6.71        29  42  8.9 0.09  0.2  0.3 B1
120830 1016 10.12 38-26.50  46-53.14  14.14        30  70 19.4 0.10  0.2  0.3 B1
120830 1133 16.80 38-26.86  46-40.31  18.63        28  57  6.3 0.10  0.2  0.2 A1
120830 21 3 18.38 38-29.99  46-33.92   8.26        27  72  9.0 0.10  0.2  0.3 B1
120830 2143 49.25 38-26.03  46-33.79  18.41        29  50 42.3 0.08  0.2  0.2 B1
120831  258 33.19 38-29.95  46-55.99  11.15        30  50 10.3 0.10  0.2  0.3 A1
120831  4 0 59.20 38-26.84  46-36.52  19.67        28  65  8.1 0.06  0.2  0.2 A1
120831  9 8 19.54 38-30.72  46-42.50  16.77        27  49  3.6 0.10  0.3  0.3 A1
120831 1114 26.34 38-22.95  46-43.33   8.74        29  50 14.3 0.12  0.3  0.5 B1
120831 1131 18.66 38-22.68  46-39.56  12.44        26  52 34.1 0.12  0.4  0.5 B1
120831 2016  0.46 38-22.47  46-45.83   2.31        29  48 16.6 0.13  0.3  0.5 B1
120831 2114 55.41 38-26.12  46-39.23   7.63        28  77 35.2 0.08  0.2  0.3 B1
120831 2241 14.39 38-23.76  46-41.66  25.67        30  45 31.6 0.08  0.2  0.2 B1
120831 2252 20.95 38-23.47  46-43.24  23.81        30  50 13.3 0.13  0.3  0.3 A1
120901  058 21.60 38-21.86  46-46.90   4.70        28  62 23.3 0.09  0.2  0.4 B1
120901  144 29.05 38-23.57  46-39.07   2.42        29  83 12.4 0.08  0.2  0.3 B1
120901  2 1 47.51 38-21.59  46-41.07   8.17        27  82 31.6 0.17  0.4  0.9 C1
120901  5 4  3.94 38-23.80  46-46.53  18.91        18 107 24.9 0.08  0.3  0.3 B1
120901  620 20.81 38-26.83  46-45.40  17.84        28  47 28.8 0.08  0.2  0.3 B1
120901  622 17.49 38-26.64  46-38.36  11.49        29  40 36.3 0.10  0.2  0.4 B1
120901  636 36.72 38-27.51  46-36.87  14.94        29  49 38.3 0.08  0.2  0.3 B1
120901  712 12.04 38-22.09  46-42.67  13.43        28  52 15.5 0.10  0.2  0.2 B1
120901 1321 57.68 38-23.62  46-42.49  19.34        27  45 30.4 0.10  0.3  0.4 B1
120901 1426  5.34 38-28.62  46-55.81  19.93        28  52 10.6 0.08  0.2  0.2 A1
120901 1638 47.20 38-19.20  46-56.21   8.96        29  46  9.2 0.10  0.2  0.3 B1
120901 1748 10.15 38-23.06  46-51.79  14.06        28  59 17.3 0.10  0.2  0.2 B1
120901 1751 48.33 38-22.58  46-42.94  16.68        30  52 29.3 0.10  0.2  0.3 B1
120901 1926 16.47 38-21.89  46-37.96   1.50        26  53 15.8 0.07  0.2  0.3 B1
120901 1937 58.46 38-22.91  46-46.45  18.36        30  81 24.5 0.12  0.3  0.3 B1
120901 1951 35.47 38-22.29  46-47.10  18.63        29  57 17.9 0.09  0.2  0.2 A1
120901 2059 34.28 38-22.84  46-47.60  17.34        23 100 17.5 0.10  0.2  0.3 B1
120901 2116 11.13 38-23.32  46-48.64  19.52        28  50 17.9 0.10  0.2  0.2 A1
120901 2217 44.70 38-24.96  46-43.73  17.54        28  49 29.3 0.07  0.2  0.2 B1
120902  133 44.96 38-18.61  46-55.70   9.88        30  47 10.0 0.12  0.3  0.3 B1
120902  253 47.61 38-23.60  46-51.08  17.80        28  51 18.7 0.10  0.2  0.2 B1
120902  411 26.20 38-25.59  46-46.47  19.13        28  84 12.7 0.12  0.3  0.3 A1
120902  850 11.61 38-26.18  46-47.24  15.75        17  82 25.8 0.12  0.4  0.4 B1
120902  9 3 16.88 38-24.16  46-47.22  17.08        31  50 24.2 0.09  0.2  0.2 B1
120902  924 34.93 38-26.96  46-43.03  28.93        29  47 31.9 0.08  0.2  0.3 B1
120902 1111 50.96 38-22.92  46-38.55  19.93        30  52 35.6 0.09  0.2  0.3 B1
120902 1344  3.75 38-23.25  46-41.24  17.35        29  83 31.9 0.09  0.2  0.2 B1
120902 1422 20.94 38-23.73  46-45.46  19.97        27  49 14.4 0.15  0.4  0.4 B1
120902 1536 24.49 38-21.88  46-46.14   9.24        30  93 17.8 0.11  0.2  0.3 B1
120902 2126 29.72 38-26.05  46-42.81  23.85        29  42  8.7 0.09  0.2  0.2 A1
120902 2316 42.55 38-13.16  46-42.52   5.45        29  62 31.2 0.09  0.2  0.3 B1
120903  443 10.34 38-26.39  46-38.48  15.78        29  60  7.5 0.11  0.2  0.2 A1
120903  558 15.04 38-23.30  46-42.92  23.47        30  52 29.6 0.09  0.2  0.3 B1
120903 1359 30.22 38-21.92  46-50.16  15.31        19  98 18.8 0.16  0.5  0.8 B1
120903 1419 25.08 38-20.33  46-48.01   9.07        30  51 21.3 0.15  0.3  0.4 C1
120903 1621 10.99 38-23.54  46-42.09  19.40        28  45 12.7 0.08  0.2  0.2 A1
120903 1629 59.06 38-23.06  46-51.57  20.30        29  59 17.6 0.10  0.2  0.4 A1
120903 1717 11.65 38-24.48  46-51.59  19.75        30  62 18.8 0.08  0.2  0.2 A1
120903 1717 34.59 38-25.14  46-51.13  19.22        29  51 18.6 0.11  0.3  0.2 A1
120903 2011 43.77 38-20.05  46-50.42   1.71        29  68 17.7 0.10  0.2  0.4 B1
120903 2223 46.36 38-22.71  46-38.16  15.29        28  51 14.2 0.08  0.2  0.2 A1
120903 2330 50.71 38-23.69  46-47.12   9.23        28  51 24.0 0.10  0.2  0.4 B1
120904 -159 57.36 38-21.64  46-47.55   1.97        27  54 19.3 0.09  0.2  0.4 B1
120904  021 16.32 38-23.37  46-46.46  24.57        27  49 24.7 0.10  0.3  0.3 B1
120904  042 56.01 38-32.33  46-46.96  15.69        28  89 10.7 0.11  0.3  0.3 A1
120904  050 38.60 38-22.52  46-47.06  18.41        29  48 17.5 0.10  0.2  0.2 A1
120904  2 8 31.21 38-23.93  46-38.14  18.44        30  45 12.0 0.09  0.2  0.2 A1
120904  2 9  3.96 38-23.77  46-39.47  18.66        29  51 12.0 0.14  0.3  0.4 A1
120904  313 48.67 38-23.98  46-41.83  19.38        27  44 31.5 0.05  0.1  0.1 B1
120904  420 28.85 38-23.31  46-41.22  19.65        28  51 12.9 0.08  0.2  0.2 A1
120904  543 57.23 38-23.86  46-43.27  19.43        27  50 12.7 0.07  0.2  0.2 A1
120904  816 12.73 38-23.59  46-46.46  18.48        29  54 24.8 0.10  0.2  0.2 B1
120904 1355 56.93 38-19.84  46-42.10   2.31        31  51 29.8 0.09  0.2  0.4 B1
120904 1421 11.23 38-22.96  46-42.81   0.79        28  83 14.0 0.10  0.2  0.5 B1
120904 1725 39.53 38-22.67  46-48.58  19.14        30  50 18.7 0.09  0.2  0.2 A1
120904 1752 32.87 38-22.25  46-47.95  15.61        28  58 18.7 0.15  0.3  0.4 B1
120904 1815  9.71 38-26.23  46-42.91  29.27        27  51  8.5 0.09  0.2  0.3 A1
120904 1833 30.99 38-23.10  46-47.94  17.46        30  47 17.5 0.08  0.2  0.2 B1
120904 1917 59.05 38-24.13  46-48.55  17.14        29  53 16.7 0.15  0.3  0.4 A1
120904 2242 58.01 38-19.03  47- 4.09   4.12        30  63  2.3 0.10  0.2  0.3 A1
120904 2353 45.03 38-19.69  46-46.78   2.80        29  52 21.8 0.07  0.1  0.3 B1
120905  128  5.57 38-26.43  46-47.54   9.24        30  52 12.9 0.15  0.3  0.5 B1
120905  3 2 42.48 38-25.71  46-39.14  16.50        29  53 36.2 0.08  0.2  0.3 B1
120905  933 46.15 38-23.93  46-43.12  15.18        25  81 29.7 0.12  0.4  0.4 B1
120905 1214  4.43 38-26.97  46-40.02  13.49        28 101 35.9 0.16  0.4  0.5 C1
120905 15 7 19.87 38-23.81  46-46.85  18.96        28  46 15.4 0.10  0.2  0.3 A1
120905 16 0  6.98 38-22.46  46-41.01  19.61        29  46 14.5 0.08  0.2  0.2 A1
120905 1714 36.95 38-22.64  46-51.02  15.47        31  53 18.0 0.15  0.4  0.4 B1
120905 1847 38.95 38-24.12  46-37.96  18.93        28  51 37.0 0.05  0.1  0.2 B1
120905 19 3 13.74 38-25.87  46-48.08  19.11        30  51 14.2 0.15  0.3  0.3 A1
120905 2126 42.04 38-22.57  46-48.07  18.03        28  48 18.3 0.07  0.2  0.2 B1
120905 2348 36.95 38-25.18  46-51.75   3.62        29  54 60.7 0.06  0.1  0.3 C1
120906  119 42.41 38-25.53  46-46.12  19.83        30  43 26.7 0.09  0.2  0.3 B1
120906  219 16.35 38-22.96  46-50.23  18.74        31  47 19.3 0.07  0.2  0.2 B1
120906  851 17.72 38-22.82  46-39.30  19.36        27  52 34.5 0.07  0.2  0.2 B1
120906 1038 31.29 38-23.92  46-48.81  13.89        28  50 17.3 0.14  0.4  0.5 B1
120906 2023 33.86 38-24.55  46-38.57  19.44        30  53 36.3 0.09  0.2  0.3 B1
120906 2033 21.88 38-23.11  46-51.98  19.93        26  46 17.1 0.08  0.2  0.2 A1
120906 22 2 27.38 38-21.60  46-51.16  17.56        29  82 17.2 0.09  0.2  0.2 A1
120906 22 7 25.58 38-22.76  46-41.20  19.04        28  52 31.8 0.07  0.1  0.1 B1
120906 2338  4.94 38-23.97  46-42.21  19.41        30  63 30.9 0.10  0.2  0.2 B1
120906 2356  4.09 38-22.46  46-46.23  14.74        28  48 16.9 0.10  0.2  0.3 B1
120907  235 38.18 38-26.62  47- 3.80   3.56        30  74  5.3 0.14  0.3  0.4 B1
120907  541 29.45 38-39.64  46-47.14   2.79        30  58 20.2 0.12  0.2  0.5 B1
120907 1246 24.45 38-22.59  46-43.32  19.85        30  51 14.9 0.07  0.2  0.1 A1
120907 1610 54.88 38-26.19  46-47.40  19.70        30  72 13.0 0.11  0.3  0.3 A1
120907 1649 54.45 38-23.99  46-39.72  16.18        28  43 34.4 0.09  0.2  0.3 B1
120907 1725 50.69 38-23.13  46-48.80  17.38        28  48 18.3 0.09  0.2  0.2 B1
120907 1748 16.90 38-11.39  46-50.94  15.53        29  57 22.1 0.11  0.3  0.4 B1
120907 1753 54.65 38-22.41  46-43.15  17.68        28  84 15.2 0.09  0.3  0.3 A1
120907 1917 21.33 38-26.91  46-47.39  18.86        26  53 12.3 0.08  0.2  0.3 A1
120907 1929 15.85 38-23.41  46-42.49  18.85        27  51 30.3 0.12  0.3  0.3 B1
120907 1949 29.76 38-20.77  46-48.10  10.83        29  50 21.0 0.17  0.4  0.5 B1
120907 20 0  7.04 38-23.08  46-48.18  13.97        28  82 17.7 0.11  0.3  0.3 B1
120907 2047 22.98 38-22.72  46-48.61  13.83        27  48 18.6 0.10  0.2  0.2 B1
120907 2133 48.76 38-22.40  46-39.42   1.35        26  55 34.2 0.17  0.4  1.2 C1
120907 2136 57.24 38-22.64  46-53.73  18.47        27  82 14.4 0.08  0.2  0.2 A1
120907 2337 52.94 38-21.95  46-50.89   1.40        28  60 17.8 0.10  0.2  0.4 B1
120908  053 37.21 38-27.39  46-44.14  21.08        28  41  7.9 0.12  0.3  0.3 A1
120908  112 30.16 38-23.05  46-45.98  13.36        27  47 15.8 0.16  0.4  0.5 B1
120908  231 18.68 38-24.78  46-51.92  23.38        28  46 18.3 0.08  0.2  0.2 A1
120908  416 15.61 38-23.28  46-39.83  15.28        28  46 12.9 0.10  0.2  0.3 A1
120908  446 49.63 38-21.62  46-38.87  19.56        28  82 34.8 0.09  0.3  0.3 B1
120908  652 30.99 38-23.37  46-42.25  15.57        27  51 30.6 0.09  0.3  0.4 B1
120908  830  3.95 38-23.56  46-46.62  12.78        27  58 15.6 0.11  0.3  0.4 B1
120908  938 37.71 38-19.46  46-47.76   9.93        31  53 21.5 0.09  0.2  0.2 B1
120908 14 1 12.26 38-22.41  46-38.89   1.51        28  50 14.6 0.12  0.3  0.4 B1
120908 2035 44.63 38-22.77  46-51.20  12.66        25  50 17.9 0.10  0.3  0.4 B1
120908 21 4 45.15 38-22.16  46-47.04  12.51        29  82 23.3 0.10  0.2  0.3 B1
120908 2124  6.46 38-27.23  46-41.76   3.04        29  50  6.1 0.15  0.3  0.4 B1
120909  450 28.08 38-23.11  46-42.69  14.52        30  46 13.7 0.13  0.3  0.3 A1
120909 10 8 20.68 38-23.63  46-50.38  18.71        29  91 19.3 0.09  0.2  0.2 B1
120909 1358 18.26 38-21.94  46-41.22  18.06        29  47 31.5 0.18  0.4  0.6 B1
120909 1740  1.60 38-23.27  46-40.55   1.55        29  54 12.9 0.10  0.2  0.3 B1
120909 2025 44.61 38-22.84  46-38.85  17.42        29  52 13.8 0.10  0.2  0.3 A1
120909 22 6 59.99 38-26.50  46-39.80  18.95        28  49 34.3 0.07  0.2  0.2 B1
120909 22 7 57.79 38-23.85  46-39.43   8.37        31  43 34.8 0.09  0.2  0.4 B1
120909 2250 38.80 38-20.22  46-52.43   7.11        27  51 14.9 0.11  0.3  0.4 B1
120910  147  2.93 38-26.62  46-42.95  16.38        29  48  7.9 0.10  0.2  0.3 A1
120910  2 2 13.05 38-24.21  46-49.99  19.33        29  47 18.2 0.13  0.3  0.3 A1
120910  855 50.24 38-23.26  46-41.92  19.65        15 124 31.0 0.07  0.3  0.3 B1
120910 1328 35.69 38-13.31  46-43.65  14.84        28  61 29.5 0.11  0.3  0.3 B1
120910 1725 44.56 38-23.74  46-37.92   2.35        30  44 12.4 0.08  0.2  0.3 B1
120910 1932 18.13 38-29.63  46-46.42  24.15        29  72  9.3 0.09  0.2  0.3 A1
120911  0 9 48.71 38-24.01  46-31.93  19.63        29  38 16.5 0.14  0.3  0.4 A1
120911  323 33.27 38-23.20  46-46.36  17.58        28  49 15.9 0.09  0.2  0.2 A1
120911  325 33.45 38-23.95  46-38.73  17.57        27  43 35.8 0.08  0.2  0.2 B1
120911 1030 33.31 38-24.17  46-38.54  19.12        26  99 36.2 0.09  0.2  0.3 B1
120911 1630 16.59 38-20.55  46-48.21   3.23        30  50 21.0 0.17  0.3  0.7 C1
120911 1738 52.72 38-20.18  46-55.18   1.98        29  46 10.9 0.10  0.2  0.3 B1
120911 2141 12.68 38-21.30  46-54.95  12.15        30  49 11.8 0.17  0.4  0.4 B1
120911 2248 26.35 38-26.55  46-42.23  19.89        29  48  7.5 0.09  0.2  0.2 A1
120912  915 43.57 38-21.58  46-39.27   1.23        29  47 16.1 0.09  0.2  0.4 B1
120912 10 3 30.14 38-22.95  46-39.49   2.20        27  52 13.5 0.09  0.2  0.3 B1
120912 1244 25.71 38-23.24  46-41.31  19.28        29  55 13.1 0.08  0.2  0.2 A1
120912 1259 25.16 38-23.22  46-40.43  14.93        23  67 13.0 0.07  0.2  0.2 A1
120912 2033 52.64 38-23.18  46-38.56  13.93        28  53 13.2 0.10  0.2  0.3 A1
120912 2041 41.65 38-26.90  46-32.57  11.17        26  57 41.7 0.09  0.3  0.4 B1
120912 2246  4.34 38-23.87  46-38.91   2.45        27  52 11.9 0.09  0.2  0.4 B1
120912 2311 17.48 38-23.67  46-42.38  18.05        28  84 30.5 0.10  0.3  0.4 B1
120913  019 48.14 38-25.69  46-40.06  16.10        32  41  8.4 0.08  0.2  0.2 A1
120913  151 45.91 38-22.95  46-38.92  14.15        27  85 13.6 0.11  0.3  0.4 A1
120913  427 37.53 38-24.65  46-50.42  20.67        29  45 20.4 0.08  0.2  0.3 A1
120913 1212 13.13 38-25.58  46-52.03  18.91        31  57 17.5 0.15  0.3  0.4 A1
120913 1415 49.20 38-23.81  46-42.39  19.22        28  51 30.6 0.07  0.2  0.3 B1
120913 1451 28.94 38-22.72  46-38.03   1.91        28  44 14.2 0.12  0.3  0.5 B1
120913 1648  9.87 38-20.16  46-51.74   6.77        26  51 15.8 0.05  0.1  0.2 B1
120913 1742 24.48 38-22.54  46-46.26  17.16        28  51 24.5 0.09  0.3  0.3 B1
120913 1819 28.39 38-23.89  46-39.24  13.26        27  52 11.8 0.07  0.2  0.2 A1
120913 19 5 15.50 38-21.41  46-47.59  10.14        29  74 19.6 0.10  0.2  0.3 B1
120913 1945 20.46 38-23.49  46-42.19  19.53        17  55 30.7 0.07  0.3  0.3 B1
120913 2230  4.15 38-23.24  46-52.02  16.47        29  54 17.1 0.10  0.2  0.3 B1
120913 2257 56.33 38-23.84  46-38.67  15.06        28  43 35.8 0.10  0.2  0.3 B1
120913 2356 12.81 38-22.90  46-43.72  28.33        27  54 14.6 0.08  0.2  0.2 A1
120914  042 36.78 38-23.46  46-49.47  17.96        27  47 18.5 0.09  0.2  0.2 B1
120914  219 38.23 38-23.13  46-39.75  14.65        29  84 34.0 0.10  0.2  0.3 B1
120914 1321  2.23 38-21.74  46-46.51  10.25        28  50 18.3 0.09  0.2  0.3 B1
120914 1432 33.31 38-25.79  46-36.93  19.47        28  79  9.4 0.08  0.2  0.2 A1
120914 1641  5.01 38-22.89  46-48.17  14.04        28  48 22.1 0.10  0.2  0.3 B1
120915 11 1 17.44 38-22.23  46-47.36  19.09        25  49 18.2 0.07  0.2  0.2 A1
120915 1919 21.15 38-24.01  46-48.14  18.65        27 107 16.4 0.12  0.3  0.3 B1
120915 2028 29.20 38-22.24  46-47.34  12.07        29  49 22.9 0.12  0.3  0.4 B1
120915 2117 11.16 38-21.92  46-51.50  19.14        30  48 16.9 0.09  0.2  0.2 A1
120916  1 1 33.74 38-22.98  46-33.94   1.74        28  54 39.9 0.10  0.2  0.4 B1
120916 1712 51.35 38-23.96  46-51.86  18.25        29  46 18.0 0.08  0.2  0.2 A1
120916 18 6 51.18 38-19.72  46-42.05   2.05        29  54 29.9 0.08  0.2  0.4 B1
120916 1948  9.66 38-19.81  46-47.28  12.48        27  52 22.0 0.10  0.3  0.3 B1
120916 2259  3.73 38-22.64  46-43.82  18.41        28  50 15.1 0.08  0.2  0.2 A1
