                        ORT     Lon     Lat     Dep     Mag  Nus  NuP  NuS  ADS     MDS  GAP     RMS     ERH     ERZ
2012-08-11T12:23:15.510000Z  46.797  38.418   2.600   6.500   29  NaN  NaN  NaN  14.700   76   0.120   0.300   0.500
2012-08-11T12:28:46.330000Z  46.783  38.434  21.330   3.500   27  NaN  NaN  NaN  26.000   52   0.080   0.200   0.300
2012-08-11T12:49:15.770000Z  46.693  38.385  12.490   4.600   16  NaN  NaN  NaN  31.400   83   0.080   0.500   0.700
2012-08-11T13:14:05.340000Z  46.668  38.370   1.060   4.400   27  NaN  NaN  NaN  33.200   86   0.110   0.200   0.500
2012-08-11T13:23:15.120000Z  46.731  38.495   7.470   3.700   28  NaN  NaN  NaN  27.900   54   0.100   0.200   0.500
2012-08-11T13:42:11.880000Z  46.679  38.400  14.670   4.000   27  NaN  NaN  NaN  33.000   82   0.180   0.500   0.800
2012-08-11T14:14:53.810000Z  46.703  38.502  27.100   2.800   30  NaN  NaN  NaN   3.100   49   0.100   0.200   0.200
2012-08-11T14:25:15.440000Z  46.680  38.428  11.490   4.300   15  NaN  NaN  NaN  33.900  109   0.070   0.300   0.500
2012-08-11T14:55:57.280000Z  46.742  38.429   5.440   3.100   29  NaN  NaN  NaN  29.000   57   0.090   0.200   0.400
2012-08-11T15:21:14.790000Z  46.777  38.443  16.790   4.700   32  NaN  NaN  NaN  27.000  108   0.100   0.200   0.300
2012-08-11T16:00:50.520000Z  46.797  38.412  15.590   4.000   28  NaN  NaN  NaN  23.800   77   0.100   0.300   0.400
2012-08-11T16:15:04.300000Z  46.672  38.434  16.170   2.700   28  NaN  NaN  NaN  33.700   54   0.100   0.300   0.300
2012-08-11T16:21:53.080000Z  46.645  38.412  19.270   4.100   17  NaN  NaN  NaN  36.200  108   0.080   0.300   0.300
2012-08-11T16:34:32.670000Z  46.657  38.451  15.020   3.300   27  NaN  NaN  NaN  36.800   47   0.090   0.200   0.300
2012-08-11T17:37:58.560000Z  46.868  38.400  22.580   2.100   28  NaN  NaN  NaN  17.700   60   0.110   0.300   0.300
2012-08-11T17:45:44.530000Z  46.789  38.410   8.850   2.500   30  NaN  NaN  NaN  24.400   52   0.140   0.300   0.500
2012-08-11T17:49:25.740000Z  46.833  38.430  16.390   2.600   28  NaN  NaN  NaN  20.200   52   0.140   0.400   0.400
2012-08-11T17:58:33.350000Z  46.795  38.377   8.640   4.100   28  NaN  NaN  NaN  22.500   51   0.110   0.300   0.400
2012-08-11T18:13:03.230000Z  46.645  38.382   2.650   3.000   27  NaN  NaN  NaN  13.700   48   0.090   0.200   0.300
2012-08-11T18:21:44.720000Z  46.708  38.444  18.920   2.600   29  NaN  NaN  NaN  30.400   41   0.110   0.300   0.300
2012-08-11T19:12:04.880000Z  46.793  38.428  20.550   2.900   30  NaN  NaN  NaN  13.800   43   0.120   0.300   0.300
2012-08-11T19:29:29.500000Z  46.797  38.440  25.830   2.600   29  NaN  NaN  NaN  13.300   46   0.080   0.200   0.200
2012-08-11T19:30:45.380000Z  46.928  38.445  22.420   2.700   30  NaN  NaN  NaN  17.200   63   0.090   0.200   0.200
2012-08-11T19:40:17.360000Z  46.804  38.443  20.670   2.600   29  NaN  NaN  NaN  22.200   52   0.110   0.300   0.400
2012-08-11T20:10:30.350000Z  46.771  38.420  14.370   3.400   26  NaN  NaN  NaN  26.200   84   0.150   0.400   0.500
2012-08-11T20:29:18.520000Z  46.847  38.389   1.110   2.600   27  NaN  NaN  NaN  18.800   83   0.060   0.100   0.300
2012-08-11T20:37:27.650000Z  46.798  38.461  20.100   2.300   29  NaN  NaN  NaN  12.300   76   0.080   0.200   0.200
2012-08-11T20:45:47.090000Z  46.690  38.419  14.390   2.900   32  NaN  NaN  NaN  32.500   53   0.190   0.400   0.600
2012-08-11T21:13:21.510000Z  46.661  38.438  11.590   2.400   27  NaN  NaN  NaN   7.400   48   0.110   0.300   0.300
2012-08-11T21:18:35.290000Z  46.734  38.436  19.540   2.600   29  NaN  NaN  NaN  29.900   53   0.060   0.100   0.200
2012-08-11T21:21:14.240000Z  46.795  38.452  18.520   2.700   28  NaN  NaN  NaN  26.200   45   0.090   0.200   0.300
2012-08-11T21:33:50.930000Z  46.865  38.454  19.260   3.100   29  NaN  NaN  NaN  16.700   63   0.080   0.200   0.200
2012-08-11T22:04:32.590000Z  46.707  38.419  13.250   3.700   30  NaN  NaN  NaN  10.000   63   0.120   0.300   0.300
2012-08-11T22:12:47.090000Z  46.759  38.422  17.180   3.300   29  NaN  NaN  NaN  12.100   51   0.130   0.300   0.300
2012-08-11T23:40:52.960000Z  46.801  38.474  15.400   2.200   28  NaN  NaN  NaN  21.900   75   0.090   0.300   0.300
2012-08-11T23:58:13.690000Z  46.714  38.464   8.750   3.400   18  NaN  NaN  NaN  32.900   88   0.080   0.300   0.500
2012-08-12T00:10:52.880000Z  46.706  38.392   5.440   2.500   28  NaN  NaN  NaN  30.500   55   0.130   0.300   0.500
2012-08-12T00:15:23.010000Z  46.770  38.433  16.870   3.100   25  NaN  NaN  NaN  11.900   91   0.070   0.200   0.200
2012-08-12T00:34:16.550000Z  46.771  38.435  17.720   3.800   17  NaN  NaN  NaN  27.000  103   0.100   0.400   0.500
2012-08-12T00:41:26.570000Z  46.743  38.487  18.950   2.700   29  NaN  NaN  NaN  32.200   39   0.140   0.300   0.400
2012-08-12T01:35:50.410000Z  46.746  38.429   6.920   2.200   29  NaN  NaN  NaN  10.700   84   0.090   0.200   0.400
2012-08-12T02:24:43.480000Z  46.765  38.443  12.690   3.700   21  NaN  NaN  NaN  27.900  116   0.080   0.300   0.400
2012-08-12T02:32:17.440000Z  46.701  38.381  18.230   1.700   30  NaN  NaN  NaN  13.900   46   0.070   0.200   0.200
2012-08-12T03:28:00.550000Z  46.748  38.489   3.550   2.400   28  NaN  NaN  NaN   7.100   46   0.110   0.200   0.400
2012-08-12T04:10:44.540000Z  46.873  38.400  27.390   2.500   29  NaN  NaN  NaN  17.300   53   0.170   0.400   0.500
2012-08-12T04:35:39.780000Z  46.730  38.496  14.510   2.600   30  NaN  NaN  NaN   5.500   69   0.120   0.300   0.300
2012-08-12T04:40:40.900000Z  46.750  38.438   8.220   2.900   31  NaN  NaN  NaN  10.300   50   0.110   0.300   0.400
2012-08-12T05:13:20.570000Z  46.837  38.488   0.500   2.300   27  NaN  NaN  NaN  14.900   47   0.100   0.200   0.300
2012-08-12T05:17:53.810000Z  46.915  38.309  31.360   2.200   31  NaN  NaN  NaN  11.100   60   0.110   0.200   0.200
2012-08-12T05:37:56.140000Z  46.796  38.440   8.830   2.200   31  NaN  NaN  NaN  13.300   66   0.100   0.200   0.300
2012-08-12T06:03:58.100000Z  46.774  38.459   8.540   2.600   28  NaN  NaN  NaN  10.600   88   0.090   0.200   0.400
2012-08-12T06:17:50.250000Z  46.858  38.434   8.400   2.600   29  NaN  NaN  NaN  18.300   48   0.090   0.200   0.400
2012-08-12T06:29:57.370000Z  46.737  38.340  29.450   1.700   30  NaN  NaN  NaN  19.200   53   0.140   0.300   0.400
2012-08-12T06:40:44.730000Z  46.634  38.382  19.010   4.100   27  NaN  NaN  NaN  36.300   53   0.070   0.200   0.200
2012-08-12T07:22:55.780000Z  46.791  38.435  19.140   3.000   30  NaN  NaN  NaN  25.500   55   0.090   0.200   0.300
2012-08-12T07:26:53.470000Z  46.731  38.459  16.200   2.300   27  NaN  NaN  NaN  28.200   51   0.100   0.300   0.300
2012-08-12T07:29:28.930000Z  46.881  38.393  23.410   2.300   29  NaN  NaN  NaN  16.300   59   0.080   0.300   0.300
2012-08-12T07:33:03.240000Z  46.705  38.429   8.730   2.400   30  NaN  NaN  NaN  30.900   56   0.120   0.300   0.500
2012-08-12T07:36:35.930000Z  46.797  38.439  15.260   2.700   28  NaN  NaN  NaN  13.300   77   0.100   0.200   0.200
2012-08-12T08:01:20.380000Z  46.825  38.415  22.900   2.900   29  NaN  NaN  NaN  16.900   54   0.130   0.300   0.400
2012-08-12T08:03:44.030000Z  46.752  38.445  17.450   2.100   29  NaN  NaN  NaN  26.500   74   0.080   0.200   0.200
2012-08-12T10:15:33.670000Z  46.748  38.434  19.620   3.300   29  NaN  NaN  NaN  27.200   51   0.110   0.200   0.300
2012-08-12T10:29:28.070000Z  46.629  38.397   8.460   2.000   28  NaN  NaN  NaN  12.400   60   0.080   0.200   0.200
2012-08-12T11:21:16.460000Z  46.719  38.430  19.220   2.200   28  NaN  NaN  NaN   9.300   48   0.090   0.200   0.200
2012-08-12T11:51:31.850000Z  46.784  38.392  15.760   3.300   30  NaN  NaN  NaN  16.100   48   0.110   0.300   0.300
2012-08-12T14:19:09.110000Z  46.789  38.432  18.990   3.100   27  NaN  NaN  NaN  13.200   54   0.110   0.300   0.300
2012-08-12T15:15:10.310000Z  46.839  38.447  15.000   2.100   31  NaN  NaN  NaN  22.800   48   0.090   0.300   0.400
2012-08-12T15:59:25.710000Z  46.808  38.443  14.500   2.500   27  NaN  NaN  NaN  13.900   70   0.120   0.300   0.300
2012-08-12T17:18:30.880000Z  46.741  38.447  20.720   2.100   26  NaN  NaN  NaN   8.900   52   0.130   0.400   0.400
2012-08-12T18:44:22.410000Z  46.858  38.410  18.640   2.100   29  NaN  NaN  NaN  19.000   83   0.100   0.300   0.200
2012-08-12T18:46:40.530000Z  46.846  38.389  15.780   2.000   29  NaN  NaN  NaN  18.900   47   0.100   0.300   0.200
2012-08-12T19:28:04.910000Z  46.812  38.450  21.480   1.700   28  NaN  NaN  NaN  13.900   55   0.100   0.200   0.300
2012-08-12T19:29:56.720000Z  46.794  38.425  19.650   2.100   27  NaN  NaN  NaN  14.100   44   0.080   0.200   0.200
2012-08-12T20:04:31.260000Z  46.779  38.485  18.410   1.800   31  NaN  NaN  NaN   9.900   51   0.090   0.200   0.200
2012-08-12T20:09:35.850000Z  46.867  38.423  17.290   2.200   30  NaN  NaN  NaN  17.700   46   0.150   0.300   0.300
2012-08-12T20:11:02.510000Z  46.689  38.439  12.020   1.900   30  NaN  NaN  NaN   7.500   51   0.100   0.200   0.300
2012-08-12T21:26:31.970000Z  46.674  38.380   8.460   2.200   28  NaN  NaN  NaN  13.700   55   0.100   0.200   0.300
2012-08-12T21:33:17.770000Z  46.797  38.449   2.040   3.100   29  NaN  NaN  NaN  22.700   45   0.130   0.300   0.600
2012-08-12T22:01:16.170000Z  46.727  38.454  14.590   2.400   29  NaN  NaN  NaN   7.600   64   0.090   0.200   0.200
2012-08-12T22:05:43.330000Z  46.792  38.441  16.830   2.200   29  NaN  NaN  NaN  12.900   55   0.090   0.200   0.200
2012-08-12T22:45:49.550000Z  46.717  38.437  16.000   1.900   28  NaN  NaN  NaN   8.600   58   0.100   0.200   0.200
2012-08-12T22:57:07.940000Z  46.911  38.495  19.680   2.800   31  NaN  NaN  NaN  12.200   71   0.150   0.300   0.300
2012-08-12T23:02:04.180000Z  46.862  38.374  19.980   2.700   29  NaN  NaN  NaN  16.900   62   0.090   0.200   0.200
2012-08-12T23:16:13.300000Z  46.683  38.379   9.400   1.800   27  NaN  NaN  NaN  14.000   46   0.070   0.200   0.200
2012-08-12T23:58:41.810000Z  46.904  38.458  16.830   1.900   28  NaN  NaN  NaN  19.700   50   0.120   0.300   0.300
2012-08-13T00:07:54.290000Z  46.673  38.410  18.420   2.400   26  NaN  NaN  NaN  10.400   60   0.140   0.400   0.400
2012-08-13T00:18:02.890000Z  46.907  38.444   8.000   3.200   30  NaN  NaN  NaN  18.300   63   0.140   0.300   0.500
2012-08-13T00:22:08.690000Z  46.700  38.429  19.410   3.200   29  NaN  NaN  NaN   8.800   49   0.100   0.200   0.200
2012-08-13T01:02:22.770000Z  46.790  38.442  19.300   1.500   28  NaN  NaN  NaN  12.600   55   0.110   0.300   0.300
2012-08-13T01:29:26.560000Z  46.776  38.486   1.870   2.400   27  NaN  NaN  NaN  24.000   87   0.100   0.200   0.600
2012-08-13T01:38:47.070000Z  46.862  38.443  16.940   1.500   27  NaN  NaN  NaN  18.300   46   0.100   0.300   0.300
2012-08-13T01:56:10.190000Z  46.700  38.452  16.950   4.700   19  NaN  NaN  NaN  33.300  111   0.070   0.200   0.200
2012-08-13T03:58:28.930000Z  46.869  38.478   1.800   2.900   32  NaN  NaN  NaN  15.900   54   0.100   0.200   0.300
2012-08-13T04:15:52.640000Z  46.683  38.386  19.190   3.700   13  NaN  NaN  NaN  32.300  124   0.070   0.300   0.300
2012-08-13T05:22:29.070000Z  46.658  38.383  19.840   2.600   29  NaN  NaN  NaN  34.400   45   0.120   0.300   0.400
2012-08-13T06:58:22.270000Z  46.667  38.448  17.020   3.200   27  NaN  NaN  NaN   6.200   40   0.120   0.300   0.300
2012-08-13T07:28:30.800000Z  46.778  38.382  17.200   3.200   29  NaN  NaN  NaN  24.100   49   0.080   0.200   0.300
2012-08-13T07:50:54.270000Z  46.645  38.419   2.620   2.200   28  NaN  NaN  NaN   9.600   66   0.100   0.200   0.400
2012-08-13T08:16:50.020000Z  46.890  38.453   2.170   4.000   29  NaN  NaN  NaN  20.100   81   0.100   0.200   0.300
2012-08-13T10:28:13.820000Z  46.695  38.432   7.010   1.900   30  NaN  NaN  NaN  31.800   58   0.070   0.200   0.300
2012-08-13T10:29:31.120000Z  46.632  38.413   1.800   2.200   27  NaN  NaN  NaN  37.400   41   0.090   0.200   0.400
2012-08-13T10:45:44.320000Z  46.609  38.472  18.290   4.200   17  NaN  NaN  NaN  41.500  112   0.090   0.300   0.400
2012-08-13T11:47:52.290000Z  46.850  38.447   2.370   1.800   26  NaN  NaN  NaN  17.100   56   0.100   0.200   0.300
2012-08-13T12:07:37.300000Z  46.574  38.431   1.820   2.100   29  NaN  NaN  NaN  11.500   54   0.080   0.200   0.300
2012-08-13T12:45:58.200000Z  46.729  38.455  19.670   3.900   30  NaN  NaN  NaN  28.300   85   0.080   0.200   0.200
2012-08-13T12:53:47.510000Z  46.698  38.447  12.480   3.200   30  NaN  NaN  NaN  31.100   66   0.100   0.300   0.300
2012-08-13T13:31:40.660000Z  46.852  38.396  15.780   1.500   31  NaN  NaN  NaN  18.700   53   0.110   0.200   0.200
2012-08-13T13:57:03.380000Z  46.716  38.453   2.630   1.800   27  NaN  NaN  NaN   7.000   48   0.090   0.200   0.400
2012-08-13T14:02:43.080000Z  46.717  38.354  15.510   1.500   29  NaN  NaN  NaN  17.200   49   0.090   0.200   0.200
2012-08-13T15:06:34.520000Z  46.678  38.413   1.500   2.700   30  NaN  NaN  NaN  10.200   49   0.120   0.200   0.500
2012-08-13T15:32:15.980000Z  46.769  38.441  15.260   2.200   30  NaN  NaN  NaN  11.200   55   0.080   0.200   0.200
2012-08-13T16:14:40.750000Z  46.674  38.504  21.510   2.600   29  NaN  NaN  NaN  32.900   49   0.070   0.200   0.300
2012-08-13T16:31:48.910000Z  46.691  38.413   0.880   1.600   29  NaN  NaN  NaN  32.400   84   0.110   0.200   0.600
2012-08-13T17:08:41.880000Z  46.676  38.449   3.450   2.800   29  NaN  NaN  NaN   6.200   50   0.090   0.200   0.300
2012-08-13T18:31:10.910000Z  46.800  38.415   2.840   1.900   32  NaN  NaN  NaN  15.200   48   0.080   0.200   0.300
2012-08-13T18:40:06.040000Z  46.666  38.426  19.770   3.400   29  NaN  NaN  NaN   8.600   42   0.120   0.300   0.200
2012-08-13T19:43:22.180000Z  46.629  38.443  18.550   3.300   28  NaN  NaN  NaN  38.600   57   0.080   0.200   0.300
2012-08-13T19:55:52.890000Z  46.708  38.361  28.370   1.800   28  NaN  NaN  NaN  16.300   48   0.080   0.200   0.300
2012-08-13T20:12:43.230000Z  46.876  38.416  10.280   2.800   29  NaN  NaN  NaN  18.100   51   0.190   0.400   0.800
2012-08-13T20:22:37.740000Z  46.996  38.393   3.180   1.500   28  NaN  NaN  NaN   9.200   61   0.080   0.200   0.200
2012-08-13T20:29:52.090000Z  46.781  38.536   2.990   1.800   28  NaN  NaN  NaN  10.500   55   0.120   0.200   0.400
2012-08-13T20:44:57.430000Z  46.816  38.373   6.770   1.600   28  NaN  NaN  NaN  20.700   62   0.100   0.200   0.400
2012-08-13T20:57:07.510000Z  46.645  38.398   2.330   1.500   29  NaN  NaN  NaN  12.000   51   0.090   0.200   0.400
2012-08-13T21:01:40.500000Z  46.675  38.396   4.250   1.800   29  NaN  NaN  NaN  12.000   44   0.140   0.300   0.900
2012-08-13T21:10:31.880000Z  46.774  38.488  14.650   1.600   29  NaN  NaN  NaN  24.200   68   0.180   0.400   0.500
2012-08-13T21:18:46.130000Z  46.789  38.385  17.810   1.200   30  NaN  NaN  NaN  16.900   48   0.090   0.200   0.200
2012-08-13T21:25:25.340000Z  46.788  38.452  19.080   1.800   30  NaN  NaN  NaN  23.300   42   0.110   0.300   0.400
2012-08-13T21:29:06.490000Z  46.847  38.416  20.200   1.300   29  NaN  NaN  NaN  19.600   84   0.120   0.300   0.400
2012-08-13T21:33:30.010000Z  46.680  38.452  16.270   1.700   28  NaN  NaN  NaN  34.900   48   0.070   0.200   0.300
2012-08-13T22:37:04.670000Z  46.689  38.378  19.240   3.300   22  NaN  NaN  NaN  31.600   63   0.060   0.200   0.200
2012-08-13T23:22:37.140000Z  46.744  38.431   8.100   1.500   28  NaN  NaN  NaN  10.500   55   0.100   0.200   0.500
2012-08-13T23:43:33.930000Z  46.849  38.386  11.140   1.500   27  NaN  NaN  NaN  18.500   50   0.080   0.200   0.200
2012-08-14T01:32:41.900000Z  46.703  38.449   8.160   2.200   29  NaN  NaN  NaN   6.900   41   0.120   0.300   0.400
2012-08-14T01:39:59.470000Z  46.710  38.469  18.380   1.400   27  NaN  NaN  NaN  29.800   54   0.080   0.200   0.300
2012-08-14T01:49:20.400000Z  46.697  38.430  17.600   3.000   28  NaN  NaN  NaN  32.600   46   0.100   0.300   0.400
2012-08-14T02:00:50.650000Z  46.698  38.480   0.990   2.000   27  NaN  NaN  NaN  30.800   56   0.090   0.200   0.500
2012-08-14T02:37:07.210000Z  46.798  38.426  15.160   2.300   28  NaN  NaN  NaN  23.200   44   0.100   0.200   0.300
2012-08-14T03:46:54.650000Z  46.798  38.431  18.600   2.100   29  NaN  NaN  NaN  13.900   59   0.100   0.200   0.200
2012-08-14T04:08:43.280000Z  46.656  38.458   2.050   2.300   30  NaN  NaN  NaN  37.100   41   0.100   0.200   0.400
2012-08-14T04:52:17.970000Z  46.644  38.435  19.420   2.100   29  NaN  NaN  NaN   7.900   56   0.080   0.200   0.200
2012-08-14T05:28:13.470000Z  46.794  38.449  18.530   3.400   24  NaN  NaN  NaN  12.600  111   0.090   0.300   0.200
2012-08-14T06:58:45.810000Z  46.645  38.394  16.690   1.800   29  NaN  NaN  NaN  12.300   49   0.120   0.300   0.300
2012-08-14T08:11:49.250000Z  46.648  38.383  15.560   2.100   28  NaN  NaN  NaN  13.600   52   0.110   0.300   0.300
2012-08-14T10:28:44.490000Z  46.724  38.406  15.450   3.600   32  NaN  NaN  NaN  29.500   49   0.090   0.200   0.300
2012-08-14T10:50:25.030000Z  46.799  38.503  14.390   2.100   29  NaN  NaN  NaN  11.500   73   0.150   0.400   0.400
2012-08-14T11:17:14.080000Z  46.657  38.387   2.070   1.700   30  NaN  NaN  NaN  34.500   53   0.100   0.200   0.400
2012-08-14T11:44:11.650000Z  46.690  38.438   1.550   1.800   28  NaN  NaN  NaN  32.000   41   0.100   0.200   0.500
2012-08-14T12:42:55.750000Z  46.681  38.410  22.090   2.200   29  NaN  NaN  NaN  33.200   46   0.150   0.400   0.700
2012-08-14T13:31:03.640000Z  46.703  38.445  17.200   2.200   31  NaN  NaN  NaN  30.800   48   0.110   0.200   0.300
2012-08-14T14:02:25.890000Z  46.773  38.478  18.170   5.200   32  NaN  NaN  NaN  29.500   45   0.100   0.200   0.300
2012-08-14T15:48:20.460000Z  46.631  38.448  17.370   3.800   20  NaN  NaN  NaN   7.000   68   0.080   0.200   0.200
2012-08-14T16:07:09.030000Z  46.864  38.387  12.500   1.900   26  NaN  NaN  NaN  17.400   47   0.090   0.300   0.300
2012-08-14T16:30:46.330000Z  46.768  38.410  16.700   2.000   29  NaN  NaN  NaN  13.600   48   0.070   0.200   0.200
2012-08-14T16:36:25.060000Z  46.721  38.408  19.140   3.300   23  NaN  NaN  NaN  11.600   90   0.090   0.200   0.200
2012-08-14T17:05:18.400000Z  46.642  38.440   6.000   1.700   30  NaN  NaN  NaN   7.500   52   0.100   0.200   0.400
2012-08-14T17:09:10.160000Z  46.712  38.421  19.500   3.100   30  NaN  NaN  NaN  30.600   86   0.080   0.200   0.200
2012-08-14T17:16:26.230000Z  46.778  38.440   3.440   2.000   29  NaN  NaN  NaN  11.900   67   0.070   0.100   0.300
2012-08-14T18:53:41.520000Z  46.651  38.409  14.900   2.000   30  NaN  NaN  NaN  35.700   51   0.100   0.300   0.400
2012-08-14T20:20:33.540000Z  46.656  38.431  15.780   3.000   28  NaN  NaN  NaN   8.100   49   0.130   0.300   0.400
2012-08-14T21:29:04.570000Z  46.878  38.428  17.430   1.300   27  NaN  NaN  NaN  18.800   51   0.090   0.300   0.200
2012-08-14T21:32:40.480000Z  46.775  38.420  16.340   1.500   30  NaN  NaN  NaN  25.300   54   0.100   0.200   0.200
2012-08-14T22:10:17.730000Z  46.667  38.426   3.140   2.000   27  NaN  NaN  NaN   8.700   79   0.090   0.200   0.400
2012-08-14T22:41:54.800000Z  46.716  38.376  11.190   1.700   27  NaN  NaN  NaN  14.900   47   0.110   0.300   0.400
2012-08-14T23:07:42.950000Z  46.750  38.384   2.090   1.300   27  NaN  NaN  NaN  15.200   55   0.100   0.200   0.500
2012-08-14T23:33:31.070000Z  46.784  38.403  19.610   1.700   27  NaN  NaN  NaN  15.100   58   0.070   0.200   0.200
2012-08-14T23:42:05.850000Z  46.714  38.393  13.350   1.700   29  NaN  NaN  NaN  29.800   45   0.120   0.300   0.400
2012-08-15T00:42:47.360000Z  46.723  38.388  16.930   1.000   29  NaN  NaN  NaN  13.800   54   0.090   0.200   0.200
2012-08-15T01:35:40.190000Z  46.677  38.451  19.510   1.600   28  NaN  NaN  NaN   5.900   57   0.070   0.200   0.100
2012-08-15T01:43:13.270000Z  46.710  38.384  18.030   1.600   28  NaN  NaN  NaN  13.900   54   0.090   0.200   0.300
2012-08-15T03:03:30.750000Z  46.624  38.509  19.320   1.800   27  NaN  NaN  NaN   3.900   42   0.080   0.200   0.200
2012-08-15T03:41:30.850000Z  46.793  38.438  18.920   3.400   23  NaN  NaN  NaN  13.100   81   0.130   0.400   0.300
2012-08-15T04:29:40.320000Z  46.815  38.413  10.710   3.100   30  NaN  NaN  NaN  16.300   60   0.170   0.400   0.600
2012-08-15T05:26:27.070000Z  46.785  38.440   9.550   2.400   28  NaN  NaN  NaN  12.400   76   0.110   0.300   0.300
2012-08-15T05:39:51.390000Z  46.686  38.450  15.880   2.300   29  NaN  NaN  NaN   6.200   47   0.120   0.300   0.300
2012-08-15T07:12:14.510000Z  46.655  38.410   2.480   2.600   28  NaN  NaN  NaN  35.300   50   0.090   0.200   0.500
2012-08-15T08:39:21.870000Z  46.843  38.441   6.580   3.100   27  NaN  NaN  NaN  16.800   48   0.070   0.200   0.300
2012-08-15T09:03:48.180000Z  46.701  38.449  18.260   2.600   30  NaN  NaN  NaN  30.900   66   0.080   0.200   0.300
2012-08-15T09:37:46.940000Z  46.682  38.364   1.210   1.800   29  NaN  NaN  NaN  15.500   47   0.130   0.300   0.500
2012-08-15T11:27:05.960000Z  46.796  38.343  18.560   2.500   32  NaN  NaN  NaN  21.100   64   0.090   0.200   0.200
2012-08-15T11:39:30.150000Z  46.707  38.373  10.630   2.200   28  NaN  NaN  NaN  29.900   54   0.170   0.400   0.500
2012-08-15T13:52:42.570000Z  46.658  38.428   8.630   2.100   29  NaN  NaN  NaN   8.500   50   0.090   0.200   0.300
2012-08-15T13:58:28.330000Z  46.791  38.497   6.270   2.000   29  NaN  NaN  NaN  10.700   68   0.100   0.200   0.500
2012-08-15T16:01:22.030000Z  46.691  38.395   7.100   2.200   28  NaN  NaN  NaN  31.800   53   0.090   0.200   0.400
2012-08-15T17:49:04.990000Z  46.656  38.403  18.180   5.000   30  NaN  NaN  NaN  35.000   51   0.140   0.300   0.400
2012-08-15T18:00:01.180000Z  46.629  38.448  18.090   3.300   29  NaN  NaN  NaN  37.100   47   0.060   0.100   0.200
2012-08-15T18:16:27.590000Z  46.724  38.442  18.870   2.100   29  NaN  NaN  NaN   8.500   42   0.080   0.200   0.200
2012-08-15T18:38:44.080000Z  46.666  38.423  18.030   2.200   28  NaN  NaN  NaN   9.000   50   0.100   0.200   0.200
2012-08-15T19:23:58.120000Z  46.649  38.414  14.630   1.800   30  NaN  NaN  NaN  10.100   42   0.100   0.200   0.400
2012-08-15T20:27:44.440000Z  46.679  38.441  19.350   2.000   28  NaN  NaN  NaN   7.100   46   0.100   0.200   0.300
2012-08-15T21:26:47.690000Z  46.664  38.399  21.240   2.200   29  NaN  NaN  NaN  11.700   57   0.150   0.300   0.400
2012-08-15T23:01:19.780000Z  46.659  38.387   3.010   1.700   30  NaN  NaN  NaN  34.400   50   0.100   0.200   0.400
2012-08-16T00:15:16.470000Z  46.637  38.439  19.610   3.300   25  NaN  NaN  NaN   7.700   53   0.090   0.200   0.200
2012-08-16T00:32:52.310000Z  46.643  38.436  16.850   1.700   29  NaN  NaN  NaN  36.100   40   0.100   0.200   0.300
2012-08-16T01:31:21.190000Z  46.759  38.448  20.630   1.900   29  NaN  NaN  NaN  25.900   46   0.070   0.100   0.200
2012-08-16T02:26:38.450000Z  46.859  38.398   1.490   1.700   28  NaN  NaN  NaN  18.300   85   0.080   0.200   0.300
2012-08-16T03:01:38.610000Z  46.772  38.500  25.360   2.200   30  NaN  NaN  NaN  31.000   54   0.120   0.300   0.500
2012-08-16T03:10:48.330000Z  46.833  38.403  17.630   2.400   27  NaN  NaN  NaN  18.300   50   0.140   0.400   0.400
2012-08-16T05:33:56.180000Z  46.675  38.438   3.170   2.300   28  NaN  NaN  NaN  33.300   49   0.070   0.100   0.300
2012-08-16T05:39:31.100000Z  46.689  38.379  19.490   1.600   29  NaN  NaN  NaN  14.000   52   0.070   0.200   0.200
2012-08-16T06:33:56.770000Z  46.770  38.477   3.220   2.000   29  NaN  NaN  NaN   9.400   73   0.120   0.200   0.400
2012-08-16T08:56:53.850000Z  46.725  38.428   2.690   1.800   28  NaN  NaN  NaN  29.300   57   0.080   0.200   0.400
2012-08-16T09:27:47.120000Z  46.703  38.436  19.200   3.100   30  NaN  NaN  NaN  31.000   48   0.080   0.200   0.200
2012-08-16T11:28:37.060000Z  46.728  38.449  10.220   1.900   30  NaN  NaN  NaN  28.600   47   0.100   0.200   0.400
2012-08-16T13:20:15.170000Z  46.710  38.422   1.510   1.300   28  NaN  NaN  NaN  30.700   53   0.090   0.200   0.400
2012-08-16T13:56:30.520000Z  46.728  38.410  13.760   2.000   28  NaN  NaN  NaN  11.700   50   0.100   0.200   0.300
2012-08-16T15:15:35.220000Z  46.728  38.449  17.030   3.800   21  NaN  NaN  NaN  31.000  101   0.100   0.300   0.400
2012-08-16T15:31:10.320000Z  46.700  38.376   1.000   1.500   29  NaN  NaN  NaN  30.600   63   0.120   0.200   0.500
2012-08-16T17:11:47.880000Z  46.733  38.454  19.690   1.700   29  NaN  NaN  NaN   7.900   59   0.150   0.300   0.400
2012-08-16T17:14:13.470000Z  46.716  38.450  19.280   4.600   29  NaN  NaN  NaN  32.000   47   0.080   0.200   0.200
2012-08-16T17:19:41.090000Z  46.720  38.443  18.060   2.900   28  NaN  NaN  NaN  29.400   53   0.090   0.300   0.300
2012-08-16T17:34:59.930000Z  46.714  38.425  15.830   2.600   30  NaN  NaN  NaN   9.600   43   0.100   0.200   0.200
2012-08-16T20:27:17.630000Z  46.932  38.425   6.090   2.300   29  NaN  NaN  NaN  15.300   51   0.100   0.200   0.500
2012-08-16T21:50:59.790000Z  46.744  38.436  14.030   1.400   29  NaN  NaN  NaN  10.100   63   0.100   0.200   0.300
2012-08-16T23:15:00.310000Z  46.658  38.377   2.160   0.800   28  NaN  NaN  NaN  14.200   45   0.080   0.200   0.300
2012-08-16T23:59:14.260000Z  46.657  38.414   1.080   1.200   30  NaN  NaN  NaN  35.300   42   0.100   0.200   0.400
2012-08-17T00:31:16.870000Z  46.838  38.505   2.420   1.700   30  NaN  NaN  NaN  27.300   48   0.070   0.100   0.400
2012-08-17T02:13:53.150000Z  46.771  38.394  21.040   1.600   28  NaN  NaN  NaN  15.200   46   0.100   0.200   0.200
2012-08-17T03:19:24.140000Z  46.767  38.440  19.620   1.900   27  NaN  NaN  NaN  11.200   53   0.090   0.200   0.300
2012-08-17T03:34:20.410000Z  46.701  38.453  17.980   2.900   29  NaN  NaN  NaN  33.400   40   0.100   0.200   0.300
2012-08-17T04:48:15.760000Z  46.696  38.430  12.280   3.800   32  NaN  NaN  NaN  32.700   49   0.150   0.400   0.500
2012-08-17T04:52:29.570000Z  46.778  38.430  19.410   3.000   31  NaN  NaN  NaN  12.600   63   0.110   0.200   0.300
2012-08-17T05:28:37.870000Z  46.856  38.379   5.930   2.100   30  NaN  NaN  NaN  17.600   62   0.090   0.200   0.300
2012-08-17T05:35:06.860000Z  46.794  38.399  13.690   1.600   31  NaN  NaN  NaN  16.000   51   0.100   0.200   0.200
2012-08-17T08:09:51.370000Z  46.880  38.416   7.770   3.500   17  NaN  NaN  NaN  17.800  101   0.150   0.500   0.900
2012-08-17T08:19:48.120000Z  46.808  38.450  19.100   1.700   26  NaN  NaN  NaN  13.600   52   0.080   0.200   0.200
2012-08-17T09:18:00.090000Z  46.660  38.420  19.410   3.800   33  NaN  NaN  NaN  35.200   50   0.080   0.200   0.200
2012-08-17T10:36:48.560000Z  46.679  38.451  19.380   1.600   27  NaN  NaN  NaN  35.000   54   0.060   0.200   0.200
2012-08-17T11:19:12.080000Z  46.705  38.444  19.570   2.000   27  NaN  NaN  NaN   7.500   70   0.110   0.300   0.200
2012-08-17T12:09:50.620000Z  46.656  38.456  17.500   3.100   26  NaN  NaN  NaN  34.700   86   0.070   0.200   0.200
2012-08-17T13:04:44.250000Z  46.869  38.430  22.640   1.500   28  NaN  NaN  NaN  19.600   44   0.140   0.300   0.500
2012-08-17T13:24:24.470000Z  46.580  38.467   4.400   2.000   29  NaN  NaN  NaN   8.700   36   0.090   0.200   0.300
2012-08-17T14:34:36.870000Z  46.637  38.436  16.460   2.000   30  NaN  NaN  NaN  36.600   78   0.100   0.200   0.300
2012-08-17T14:37:38.720000Z  46.637  38.432  18.140   2.200   29  NaN  NaN  NaN  37.600   40   0.100   0.200   0.300
2012-08-17T15:04:09.360000Z  46.776  38.429   8.440   1.400   31  NaN  NaN  NaN  12.600   43   0.110   0.300   0.300
2012-08-17T16:13:14.870000Z  46.773  38.452   1.820   1.500   29  NaN  NaN  NaN  24.600   41   0.100   0.200   0.500
2012-08-17T16:58:47.770000Z  46.632  38.380  15.590   1.600   28  NaN  NaN  NaN  14.100   53   0.070   0.200   0.200
2012-08-17T17:57:46.980000Z  46.911  38.368   2.360   1.500   27  NaN  NaN  NaN  12.700   61   0.060   0.100   0.200
2012-08-17T18:49:55.830000Z  46.994  38.391   3.210   2.600   30  NaN  NaN  NaN   9.100   69   0.100   0.200   0.200
2012-08-17T19:34:08.680000Z  46.631  38.480  18.630   3.100   24  NaN  NaN  NaN  36.700  121   0.110   0.300   0.300
2012-08-17T20:05:00.090000Z  46.656  38.454  19.830   1.800   27  NaN  NaN  NaN  34.700   57   0.080   0.200   0.200
2012-08-17T20:15:33.940000Z  46.685  38.437  19.590   3.400   21  NaN  NaN  NaN   7.600   80   0.090   0.300   0.200
2012-08-17T21:36:15.850000Z  46.715  38.406  20.120   1.100   27  NaN  NaN  NaN  11.600   44   0.080   0.200   0.300
2012-08-17T23:14:09.330000Z  46.691  38.452  14.920   3.000   26  NaN  NaN  NaN  34.100   53   0.090   0.200   0.300
2012-08-18T01:48:25.290000Z  46.708  38.435  26.190   3.000   24  NaN  NaN  NaN   8.400   83   0.080   0.200   0.300
2012-08-18T02:06:28.820000Z  46.753  38.389  19.520   2.300   28  NaN  NaN  NaN  14.800   46   0.090   0.200   0.200
2012-08-18T02:21:31.920000Z  46.698  38.398   8.100   1.700   28  NaN  NaN  NaN  12.100   46   0.100   0.200   0.300
2012-08-18T03:26:47.260000Z  46.860  38.444  20.550   2.700   29  NaN  NaN  NaN  21.100   49   0.090   0.200   0.300
2012-08-18T04:44:40.600000Z  46.778  38.380  17.510   2.300   26  NaN  NaN  NaN  16.800   49   0.080   0.200   0.200
2012-08-18T05:38:01.220000Z  46.914  38.542  11.050   2.300   31  NaN  NaN  NaN  21.900   51   0.160   0.400   0.700
2012-08-18T06:02:58.140000Z  46.933  38.448  12.690   1.900   28  NaN  NaN  NaN  11.300   52   0.100   0.200   0.200
2012-08-18T08:46:28.340000Z  46.649  38.470  16.600   2.100   27  NaN  NaN  NaN   4.100   38   0.090   0.200   0.300
2012-08-18T08:59:08.080000Z  46.728  38.428  14.200   2.400   30  NaN  NaN  NaN   9.900   48   0.080   0.200   0.200
2012-08-18T11:21:28.960000Z  46.650  38.431  19.810   2.900   28  NaN  NaN  NaN  35.600   41   0.110   0.300   0.300
2012-08-18T14:33:47.390000Z  46.853  38.449  19.630   1.700   28  NaN  NaN  NaN  17.300   59   0.100   0.200   0.200
2012-08-18T15:56:06.050000Z  46.869  38.418   5.690   3.300   31  NaN  NaN  NaN  17.800   74   0.140   0.300   0.500
2012-08-18T18:15:49.320000Z  46.949  38.468   1.450   1.900   30  NaN  NaN  NaN   9.300   78   0.130   0.300   0.400
2012-08-18T19:10:11.830000Z  46.643  38.448  14.690   1.700   31  NaN  NaN  NaN   6.600   60   0.100   0.200   0.200
2012-08-18T19:30:34.030000Z  46.850  38.466   9.930   1.900   29  NaN  NaN  NaN  16.400   48   0.090   0.200   0.400
2012-08-18T19:39:46.800000Z  46.658  38.409   2.370   1.600   30  NaN  NaN  NaN  10.600   43   0.080   0.200   0.300
2012-08-18T20:31:54.050000Z  46.768  38.565  14.530   2.400   31  NaN  NaN  NaN  11.000   64   0.100   0.200   0.300
2012-08-18T20:41:51.720000Z  46.724  38.442  12.270   2.100   30  NaN  NaN  NaN   8.500   48   0.090   0.200   0.200
2012-08-18T21:08:39.580000Z  46.651  38.415  18.690   3.100   29  NaN  NaN  NaN  35.900   53   0.100   0.200   0.300
2012-08-18T21:09:40.730000Z  46.630  38.459  11.120   3.200   28  NaN  NaN  NaN  36.900   65   0.090   0.200   0.300
2012-08-18T21:20:44.380000Z  46.790  38.444  18.230   1.900   30  NaN  NaN  NaN  12.600   46   0.090   0.200   0.200
2012-08-18T21:29:15.710000Z  46.666  38.437  15.860   2.500   29  NaN  NaN  NaN   7.400   43   0.100   0.200   0.200
2012-08-18T21:41:10.760000Z  46.668  38.427  12.210   1.600   31  NaN  NaN  NaN   8.600   41   0.120   0.200   0.300
2012-08-18T22:11:10.290000Z  46.645  38.413  15.120   1.800   29  NaN  NaN  NaN  10.300   52   0.090   0.200   0.200
2012-08-18T22:52:25.480000Z  46.713  38.438  16.870   1.400   28  NaN  NaN  NaN   8.300   76   0.100   0.200   0.200
2012-08-18T23:14:44.010000Z  46.841  38.428  14.600   1.200   27  NaN  NaN  NaN  17.400   50   0.100   0.200   0.200
2012-08-18T23:47:23.330000Z  46.698  38.453  16.520   1.700   28  NaN  NaN  NaN   6.200   40   0.120   0.300   0.300
2012-08-18T23:54:42.670000Z  46.822  38.431  15.480   2.000   29  NaN  NaN  NaN  15.700   87   0.080   0.200   0.200
2012-08-19T00:04:53.910000Z  46.646  38.450  16.050   1.500   28  NaN  NaN  NaN   6.300   67   0.100   0.200   0.200
2012-08-19T00:37:06.970000Z  46.708  38.434  19.420   3.100   28  NaN  NaN  NaN  30.600   85   0.080   0.200   0.200
2012-08-19T00:55:17.100000Z  46.705  38.506  19.400   1.800   31  NaN  NaN  NaN   3.200   83   0.090   0.200   0.200
2012-08-19T01:12:38.030000Z  46.695  38.457  15.340   2.000   31  NaN  NaN  NaN   5.700   51   0.090   0.200   0.200
2012-08-19T01:29:34.600000Z  46.642  38.449  16.080   2.100   29  NaN  NaN  NaN   6.600   62   0.100   0.200   0.200
2012-08-19T01:58:30.610000Z  46.633  38.377  19.560   4.300   18  NaN  NaN  NaN  36.300  106   0.070   0.200   0.200
2012-08-19T02:23:12.210000Z  46.644  38.428  15.950   2.200   32  NaN  NaN  NaN   8.700   49   0.100   0.200   0.200
2012-08-19T02:26:30.290000Z  46.656  38.415  15.710   1.700   30  NaN  NaN  NaN   9.900   42   0.090   0.200   0.200
2012-08-19T03:29:48.590000Z  46.634  38.417  13.710   1.800   29  NaN  NaN  NaN  10.100   50   0.100   0.200   0.200
2012-08-19T03:47:59.080000Z  46.841  38.483  15.630   1.900   30  NaN  NaN  NaN  15.300   64   0.140   0.300   0.400
2012-08-19T04:39:27.930000Z  46.794  38.441  22.770   2.000   29  NaN  NaN  NaN  23.100   55   0.100   0.200   0.300
2012-08-19T05:10:15.720000Z  46.796  38.464  19.380   2.700   28  NaN  NaN  NaN  12.000   56   0.080   0.200   0.200
2012-08-19T08:18:27.650000Z  46.629  38.436   1.620   2.400   27  NaN  NaN  NaN  38.400   40   0.070   0.200   0.500
2012-08-19T08:25:19.960000Z  46.651  38.432   2.610   2.000   28  NaN  NaN  NaN  36.400   40   0.080   0.200   0.400
2012-08-19T10:51:59.540000Z  46.819  38.428   2.100   2.500   32  NaN  NaN  NaN  15.600   76   0.110   0.200   0.300
2012-08-19T13:41:51.010000Z  46.668  38.457  18.690   2.000   29  NaN  NaN  NaN  36.100   86   0.150   0.400   0.500
2012-08-19T14:40:59.570000Z  46.780  38.447  16.310   2.100   27  NaN  NaN  NaN  11.600   53   0.090   0.200   0.200
2012-08-19T15:32:29.340000Z  46.826  38.349  14.990   2.200   28  NaN  NaN  NaN  19.200   50   0.170   0.400   0.400
2012-08-19T22:30:29.420000Z  46.652  38.449  14.110   1.500   29  NaN  NaN  NaN   6.300   39   0.090   0.200   0.300
2012-08-19T23:27:02.400000Z  46.636  38.433  14.940   1.700   29  NaN  NaN  NaN  37.700   54   0.110   0.300   0.300
2012-08-20T01:04:22.570000Z  46.677  38.483   5.470   2.000   29  NaN  NaN  NaN  36.800   47   0.090   0.200   0.400
2012-08-20T01:24:12.920000Z  46.702  38.426   2.200   1.500   31  NaN  NaN  NaN   9.200   56   0.130   0.300   0.500
2012-08-20T01:45:10.560000Z  46.678  38.445   3.050   1.300   27  NaN  NaN  NaN   6.600   51   0.080   0.200   0.300
2012-08-20T02:04:58.740000Z  46.686  38.400  15.380   1.900   29  NaN  NaN  NaN  11.600   44   0.090   0.200   0.200
2012-08-20T04:09:59.570000Z  46.677  38.434  19.180   2.700   28  NaN  NaN  NaN  33.200   49   0.080   0.200   0.200
2012-08-20T06:06:14.590000Z  46.660  38.434  19.430   2.100   28  NaN  NaN  NaN   7.800   49   0.130   0.300   0.300
2012-08-20T06:59:31.730000Z  46.793  38.388  13.050   1.700   17  NaN  NaN  NaN  16.900   96   0.090   0.300   0.400
2012-08-20T10:06:32.600000Z  46.856  38.447   7.020   2.000   30  NaN  NaN  NaN  17.600   55   0.090   0.200   0.300
2012-08-20T12:21:03.490000Z  46.735  38.464  22.660   1.800   29  NaN  NaN  NaN   7.300   73   0.160   0.500   0.500
2012-08-20T14:53:29.530000Z  46.657  38.443  19.050   1.800   31  NaN  NaN  NaN  34.700   57   0.090   0.200   0.200
2012-08-20T16:54:52.060000Z  46.675  38.435  19.060   3.000   28  NaN  NaN  NaN  33.300   58   0.100   0.200   0.300
2012-08-20T20:32:50.350000Z  46.809  38.446  18.040   2.100   30  NaN  NaN  NaN  21.700   64   0.080   0.200   0.200
2012-08-20T21:17:40.170000Z  46.639  38.430   7.570   1.900   30  NaN  NaN  NaN  36.500   54   0.080   0.200   0.300
2012-08-20T21:24:17.530000Z  46.872  38.446  18.170   3.000   26  NaN  NaN  NaN  63.400   49   0.090   0.300   0.400
2012-08-20T21:37:38.840000Z  46.675  38.434   3.130   2.800   27  NaN  NaN  NaN  34.600   59   0.100   0.200   0.500
2012-08-20T22:20:12.450000Z  46.657  38.430   2.000   1.500   29  NaN  NaN  NaN  35.800   44   0.130   0.300   0.700
2012-08-21T03:31:54.840000Z  46.675  38.447  17.090   2.400   32  NaN  NaN  NaN   6.300   42   0.090   0.200   0.200
2012-08-21T05:23:59.040000Z  46.748  38.451   3.180   2.000   30  NaN  NaN  NaN   9.100   41   0.090   0.200   0.400
2012-08-21T08:38:50.540000Z  46.580  38.395  14.230   2.600   29  NaN  NaN  NaN  14.300   60   0.100   0.200   0.300
2012-08-21T09:15:12.040000Z  46.764  38.476   3.110   1.700   27  NaN  NaN  NaN   9.000   40   0.120   0.200   0.500
2012-08-21T10:24:46.740000Z  46.711  38.442   7.740   1.800   28  NaN  NaN  NaN  54.100   85   0.080   0.200   0.300
2012-08-21T17:43:02.110000Z  46.704  38.413  19.560   3.200   28  NaN  NaN  NaN  10.600   79   0.080   0.200   0.200
2012-08-22T04:24:53.790000Z  46.690  38.423   6.880   2.300   29  NaN  NaN  NaN  32.900   42   0.140   0.300   0.700
2012-08-22T09:50:22.740000Z  46.653  38.443  19.480   3.400   29  NaN  NaN  NaN  36.700   68   0.090   0.200   0.300
2012-08-22T10:08:09.480000Z  46.848  38.461  27.370   2.000   29  NaN  NaN  NaN  18.000   47   0.090   0.200   0.300
2012-08-22T11:33:50.600000Z  46.638  38.452   9.040   2.800   31  NaN  NaN  NaN  38.300   39   0.080   0.200   0.300
2012-08-22T14:45:02.500000Z  46.641  38.428  14.960   1.800   31  NaN  NaN  NaN   8.800   79   0.110   0.200   0.200
2012-08-22T15:37:57.570000Z  46.839  38.443  19.630   2.500   30  NaN  NaN  NaN  16.400   52   0.080   0.200   0.200
2012-08-22T15:55:46.790000Z  46.794  38.444  18.480   1.400   29  NaN  NaN  NaN  12.800   45   0.100   0.200   0.200
2012-08-22T16:29:10.660000Z  46.867  38.438  22.210   1.700   28  NaN  NaN  NaN  17.000   52   0.100   0.200   0.300
2012-08-22T18:32:35.350000Z  46.633  38.422  14.000   2.100   30  NaN  NaN  NaN  37.200   56   0.080   0.200   0.300
2012-08-22T21:40:45.360000Z  46.712  38.442   8.300   1.600   30  NaN  NaN  NaN  32.000   57   0.100   0.200   0.300
2012-08-23T00:10:39.310000Z  46.724  38.428  18.880   2.400   29  NaN  NaN  NaN  29.400  100   0.080   0.200   0.300
2012-08-23T00:16:44.530000Z  46.722  38.442   8.230   1.500   30  NaN  NaN  NaN  29.200   47   0.100   0.200   0.400
2012-08-23T00:56:25.850000Z  46.723  38.450   7.010   1.800   29  NaN  NaN  NaN   7.700   50   0.090   0.200   0.400
2012-08-23T02:37:15.260000Z  46.655  38.458  19.670   2.200   28  NaN  NaN  NaN   5.300   55   0.080   0.200   0.200
2012-08-23T04:06:37.000000Z  46.638  38.439  17.390   2.200   31  NaN  NaN  NaN   7.700   40   0.100   0.200   0.200
2012-08-23T08:23:42.180000Z  46.607  38.443   3.140   2.800   29  NaN  NaN  NaN   8.600   50   0.100   0.200   0.400
2012-08-23T12:14:46.220000Z  46.632  38.446   1.440   2.700   28  NaN  NaN  NaN  36.900   49   0.100   0.200   0.500
2012-08-23T12:31:56.880000Z  46.728  38.441   1.460   2.000   30  NaN  NaN  NaN  28.800   69   0.130   0.200   0.700
2012-08-23T14:52:19.270000Z  46.640  38.440  16.690   2.100   29  NaN  NaN  NaN   7.500   54   0.080   0.200   0.200
2012-08-23T16:37:19.250000Z  46.796  38.465   8.040   2.800   28  NaN  NaN  NaN  22.400   44   0.070   0.200   0.300
2012-08-23T17:18:12.060000Z  46.635  38.401  16.990   1.900   29  NaN  NaN  NaN  11.800   54   0.120   0.300   0.300
2012-08-23T20:31:29.410000Z  46.713  38.440  15.910   3.000   29  NaN  NaN  NaN  31.800   51   0.090   0.200   0.300
2012-08-23T22:56:32.920000Z  46.637  38.450  19.530   1.700   29  NaN  NaN  NaN   6.600   40   0.130   0.300   0.300
2012-08-24T05:14:47.320000Z  46.624  38.422   2.500   1.800   28  NaN  NaN  NaN  38.300   85   0.120   0.200   0.600
2012-08-24T07:38:39.330000Z  47.003  38.496   9.370   3.200   29  NaN  NaN  NaN  20.000   60   0.100   0.200   0.400
2012-08-24T09:49:29.610000Z  46.827  38.496  19.630   2.300   27  NaN  NaN  NaN  19.600   44   0.080   0.200   0.300
2012-08-24T10:44:03.540000Z  46.892  38.435  19.970   1.500   28  NaN  NaN  NaN  15.200   71   0.080   0.200   0.200
2012-08-24T11:11:20.820000Z  46.798  38.379   5.870   1.600   27  NaN  NaN  NaN  17.900   59   0.060   0.200   0.300
2012-08-24T12:02:55.050000Z  46.668  38.456  14.140   2.000   27  NaN  NaN  NaN  33.600   86   0.090   0.200   0.300
2012-08-24T12:14:53.540000Z  46.715  38.449  19.350   1.500   27  NaN  NaN  NaN   7.300   41   0.110   0.300   0.200
2012-08-24T15:50:11.840000Z  46.682  38.414   1.830   1.500   29  NaN  NaN  NaN  10.000   51   0.130   0.300   0.500
2012-08-24T16:08:30.230000Z  46.726  38.396  18.200   1.200   28  NaN  NaN  NaN  13.000   46   0.140   0.300   0.300
2012-08-24T16:37:38.170000Z  47.005  38.541   3.920   2.100   30  NaN  NaN  NaN   6.900   55   0.090   0.200   0.300
2012-08-24T21:42:07.200000Z  46.659  38.432   9.770   1.700   27  NaN  NaN  NaN  34.800   53   0.150   0.400   0.600
2012-08-24T21:44:06.780000Z  46.738  38.428  19.370   1.700   28  NaN  NaN  NaN  10.400   48   0.070   0.200   0.200
2012-08-24T22:43:36.130000Z  46.709  38.461  22.780   1.100   31  NaN  NaN  NaN  33.200   54   0.080   0.200   0.400
2012-08-24T23:20:32.700000Z  46.796  38.541   2.890   1.100   28  NaN  NaN  NaN  11.900   71   0.140   0.300   0.700
2012-08-24T23:57:20.160000Z  46.611  38.448  14.380   1.100   28  NaN  NaN  NaN  40.300   38   0.090   0.200   0.300
2012-08-25T00:09:04.240000Z  46.702  38.448   1.870   1.600   31  NaN  NaN  NaN   6.900   75   0.120   0.200   0.400
2012-08-25T00:58:55.370000Z  46.785  38.432  15.780   1.200   29  NaN  NaN  NaN  13.000   63   0.120   0.300   0.300
2012-08-25T02:55:50.270000Z  46.640  38.449  19.560   2.000   29  NaN  NaN  NaN   6.600   47   0.090   0.200   0.200
2012-08-25T06:09:46.160000Z  46.690  38.425  18.970   3.000   30  NaN  NaN  NaN   8.900   49   0.140   0.300   0.300
2012-08-25T07:33:34.260000Z  46.572  38.434   1.890   2.100   29  NaN  NaN  NaN  11.400   46   0.120   0.300   0.400
2012-08-25T07:46:21.030000Z  46.868  38.441  14.970   3.300   29  NaN  NaN  NaN  20.500   52   0.100   0.200   0.300
2012-08-25T14:59:32.340000Z  46.924  38.390   8.550   2.300   23  NaN  NaN  NaN  13.100   92   0.140   0.300   0.600
2012-08-25T17:14:24.570000Z  46.648  38.446   3.010   1.600   27  NaN  NaN  NaN   6.700   47   0.110   0.300   0.400
2012-08-25T19:59:28.270000Z  46.927  38.439  11.790   1.800   23  NaN  NaN  NaN  12.200  103   0.110   0.300   0.500
2012-08-25T20:03:41.630000Z  46.635  38.415  20.430   2.600   28  NaN  NaN  NaN  10.300   50   0.080   0.200   0.200
2012-08-26T01:28:37.220000Z  46.653  38.447  19.270   2.600   29  NaN  NaN  NaN  35.000   54   0.090   0.200   0.300
2012-08-26T04:01:33.500000Z  46.642  38.405  19.430   2.300   28  NaN  NaN  NaN  36.300   42   0.080   0.200   0.200
2012-08-26T05:22:11.850000Z  46.708  38.444  18.260   2.800   30  NaN  NaN  NaN   7.500   48   0.110   0.200   0.300
2012-08-26T09:36:53.270000Z  46.643  38.443  15.650   3.900   22  NaN  NaN  NaN  36.000   76   0.130   0.300   0.500
2012-08-26T09:43:22.170000Z  46.643  38.458  16.740   3.900   23  NaN  NaN  NaN   5.500   83   0.090   0.200   0.300
2012-08-26T11:15:28.080000Z  46.676  38.431  18.740   2.300   27  NaN  NaN  NaN  34.400   41   0.080   0.200   0.300
2012-08-26T12:50:55.260000Z  46.704  38.390  12.960   1.900   29  NaN  NaN  NaN  30.600   51   0.120   0.300   0.400
2012-08-26T12:52:35.270000Z  46.627  38.435   4.870   1.800   30  NaN  NaN  NaN   8.400   66   0.110   0.200   0.400
2012-08-26T13:05:19.680000Z  46.630  38.438  11.540   2.100   28  NaN  NaN  NaN   8.100   48   0.090   0.200   0.300
2012-08-26T13:08:35.930000Z  46.657  38.441  14.930   3.800   24  NaN  NaN  NaN  36.300   51   0.130   0.400   0.600
2012-08-26T13:44:30.970000Z  46.742  38.389   7.850   1.500   31  NaN  NaN  NaN  27.400   61   0.100   0.200   0.400
2012-08-26T14:26:50.050000Z  46.701  38.347  12.080   1.800   28  NaN  NaN  NaN  17.600   49   0.140   0.300   0.400
2012-08-26T14:51:02.960000Z  46.839  38.444  17.590   1.700   29  NaN  NaN  NaN  16.400   48   0.090   0.200   0.200
2012-08-26T18:15:32.220000Z  46.867  38.424  12.930   3.400   24  NaN  NaN  NaN  17.700  102   0.140   0.400   0.400
2012-08-26T19:22:09.400000Z  46.634  38.432   2.240   1.300   29  NaN  NaN  NaN   8.500   78   0.090   0.200   0.300
2012-08-26T20:12:37.640000Z  46.663  38.430  15.850   1.300   28  NaN  NaN  NaN   8.200   47   0.130   0.300   0.300
2012-08-26T20:57:08.240000Z  46.706  38.462   1.610   1.700   29  NaN  NaN  NaN  30.200   65   0.080   0.200   0.500
2012-08-26T22:48:14.330000Z  46.670  38.484  13.980   2.800   27  NaN  NaN  NaN  33.300   74   0.140   0.400   0.400
2012-08-27T02:46:27.860000Z  46.646  38.418  19.580   1.700   30  NaN  NaN  NaN   9.700   50   0.110   0.200   0.200
2012-08-27T05:08:07.000000Z  46.582  38.444   2.740   1.900   28  NaN  NaN  NaN  10.000   37   0.110   0.200   0.400
2012-08-27T06:30:56.180000Z  46.697  38.405   4.080   2.100   27  NaN  NaN  NaN  11.200   50   0.160   0.300   0.700
2012-08-27T11:01:13.310000Z  46.693  38.398  19.520   2.500   28  NaN  NaN  NaN  11.900   50   0.120   0.300   0.400
2012-08-27T13:46:34.630000Z  46.701  38.368  18.770   1.700   30  NaN  NaN  NaN  15.300   52   0.130   0.300   0.300
2012-08-27T15:10:34.820000Z  46.845  38.406  15.010   1.600   31  NaN  NaN  NaN  19.800   62   0.140   0.400   0.500
2012-08-27T16:52:13.920000Z  46.863  38.431  19.420   2.200   30  NaN  NaN  NaN  17.600   45   0.100   0.200   0.300
2012-08-27T17:55:08.880000Z  46.810  38.392  17.490   2.000   27  NaN  NaN  NaN  21.900   48   0.070   0.200   0.300
2012-08-27T21:03:27.010000Z  46.674  38.403  13.000   1.900   28  NaN  NaN  NaN  33.600   43   0.080   0.200   0.400
2012-08-27T22:48:15.770000Z  46.732  38.344   8.690   1.300   28  NaN  NaN  NaN  18.700   50   0.150   0.300   0.500
2012-08-27T23:56:30.930000Z  46.884  38.443   8.230   3.400   27  NaN  NaN  NaN  19.600   82   0.090   0.200   0.400
2012-08-28T00:28:01.150000Z  46.695  38.388   1.200   1.500   28  NaN  NaN  NaN  13.100   73   0.100   0.200   0.500
2012-08-28T01:55:35.960000Z  46.703  38.407  11.650   2.000   30  NaN  NaN  NaN  11.200   46   0.070   0.200   0.200
2012-08-28T02:21:14.460000Z  46.586  38.431  20.740   2.500   29  NaN  NaN  NaN  41.800   50   0.100   0.300   0.400
2012-08-28T03:33:22.930000Z  46.666  38.390  14.490   1.800   29  NaN  NaN  NaN  33.800   56   0.120   0.400   0.400
2012-08-28T03:41:07.800000Z  46.778  38.404  23.310   2.100   28  NaN  NaN  NaN  14.700   48   0.090   0.200   0.300
2012-08-28T03:54:51.160000Z  46.629  38.430  19.320   1.400   28  NaN  NaN  NaN   8.900   48   0.080   0.200   0.200
2012-08-28T04:13:21.850000Z  46.786  38.381  13.690   1.400   29  NaN  NaN  NaN  17.100   57   0.100   0.200   0.300
2012-08-28T04:38:46.700000Z  46.780  38.401  19.920   2.400   28  NaN  NaN  NaN  15.100   48   0.110   0.300   0.300
2012-08-28T05:11:25.360000Z  46.743  38.445  23.180   1.700   27  NaN  NaN  NaN   9.300   47   0.100   0.300   0.400
2012-08-28T05:35:42.800000Z  46.656  38.390  18.920   1.300   29  NaN  NaN  NaN  34.700   44   0.100   0.200   0.300
2012-08-28T12:25:58.470000Z  46.594  38.427   2.200   1.900   29  NaN  NaN  NaN  10.800   54   0.070   0.100   0.200
2012-08-28T14:34:06.710000Z  46.723  38.396  12.580   1.700   30  NaN  NaN  NaN  29.200   50   0.100   0.300   0.400
2012-08-28T17:46:31.380000Z  46.738  38.437  19.580   3.300   28  NaN  NaN  NaN  28.000   51   0.110   0.300   0.300
2012-08-28T17:58:51.900000Z  46.634  38.414  19.370   3.600   24  NaN  NaN  NaN  10.400   62   0.100   0.200   0.200
2012-08-28T18:21:13.820000Z  46.660  38.400  16.650   1.900   30  NaN  NaN  NaN  11.500   43   0.060   0.100   0.100
2012-08-28T19:01:46.490000Z  46.665  38.431  13.790   1.200   31  NaN  NaN  NaN   8.100   50   0.090   0.200   0.200
2012-08-28T20:32:12.150000Z  46.653  38.414   3.240   1.900   29  NaN  NaN  NaN  10.100   89   0.100   0.200   0.400
2012-08-29T00:27:05.080000Z  46.600  38.423  19.760   2.400   27  NaN  NaN  NaN  10.800   48   0.110   0.300   0.300
2012-08-29T01:01:26.340000Z  46.848  38.446  31.180   1.600   29  NaN  NaN  NaN  17.000   50   0.110   0.300   0.300
2012-08-29T08:56:38.770000Z  46.685  38.505   4.130   2.600   27  NaN  NaN  NaN   1.400   55   0.110   0.300   0.400
2012-08-29T10:43:13.030000Z  46.662  38.405  16.950   2.200   28  NaN  NaN  NaN  11.000   43   0.140   0.300   0.400
2012-08-29T11:46:27.480000Z  46.633  38.420  18.340   3.900   23  NaN  NaN  NaN  37.500   65   0.080   0.200   0.200
2012-08-29T12:10:31.030000Z  46.698  38.427  19.920   2.400   29  NaN  NaN  NaN   8.900   85   0.110   0.200   0.300
2012-08-29T13:32:44.330000Z  46.850  38.410  23.180   1.800   29  NaN  NaN  NaN  19.000   83   0.100   0.200   0.400
2012-08-29T13:46:42.440000Z  46.781  38.369  14.370   2.100   30  NaN  NaN  NaN  18.000   49   0.110   0.300   0.400
2012-08-29T18:30:50.230000Z  46.650  38.396  18.960   1.800   30  NaN  NaN  NaN  35.300   50   0.080   0.200   0.200
2012-08-30T03:42:46.420000Z  46.637  38.455  17.960   2.400   30  NaN  NaN  NaN  36.300   76   0.070   0.200   0.200
2012-08-30T06:25:50.460000Z  46.704  38.445  10.470   2.700   27  NaN  NaN  NaN   7.300   51   0.120   0.300   0.300
2012-08-30T06:30:42.900000Z  46.863  38.454  13.830   2.600   27  NaN  NaN  NaN  17.900   68   0.090   0.200   0.300
2012-08-30T06:45:56.440000Z  46.690  38.425   6.710   1.900   29  NaN  NaN  NaN   8.900   42   0.090   0.200   0.300
2012-08-30T10:16:10.120000Z  46.886  38.442  14.140   2.800   30  NaN  NaN  NaN  19.400   70   0.100   0.200   0.300
2012-08-30T11:33:16.800000Z  46.672  38.448  18.630   2.300   28  NaN  NaN  NaN   6.300   57   0.100   0.200   0.200
2012-08-30T21:03:18.380000Z  46.565  38.500   8.260   2.700   27  NaN  NaN  NaN   9.000   72   0.100   0.200   0.300
2012-08-30T21:43:49.250000Z  46.563  38.434  18.410   1.800   29  NaN  NaN  NaN  42.300   50   0.080   0.200   0.200
2012-08-31T02:58:33.190000Z  46.933  38.499  11.150   2.100   30  NaN  NaN  NaN  10.300   50   0.100   0.200   0.300
2012-08-31T04:00:59.200000Z  46.609  38.447  19.670   2.500   28  NaN  NaN  NaN   8.100   65   0.060   0.200   0.200
2012-08-31T09:08:19.540000Z  46.708  38.512  16.770   2.200   27  NaN  NaN  NaN   3.600   49   0.100   0.300   0.300
2012-08-31T11:14:26.340000Z  46.722  38.383   8.740   2.100   29  NaN  NaN  NaN  14.300   50   0.120   0.300   0.500
2012-08-31T11:31:18.660000Z  46.659  38.378  12.440   2.100   26  NaN  NaN  NaN  34.100   52   0.120   0.400   0.500
2012-08-31T20:16:00.460000Z  46.764  38.374   2.310   1.900   29  NaN  NaN  NaN  16.600   48   0.130   0.300   0.500
2012-08-31T21:14:55.410000Z  46.654  38.435   7.630   1.400   28  NaN  NaN  NaN  35.200   77   0.080   0.200   0.300
2012-08-31T22:41:14.390000Z  46.694  38.396  25.670   1.400   30  NaN  NaN  NaN  31.600   45   0.080   0.200   0.200
2012-08-31T22:52:20.950000Z  46.721  38.391  23.810   2.400   30  NaN  NaN  NaN  13.300   50   0.130   0.300   0.300
2012-09-01T00:58:21.600000Z  46.782  38.364   4.700   1.400   28  NaN  NaN  NaN  23.300   62   0.090   0.200   0.400
2012-09-01T01:44:29.050000Z  46.651  38.393   2.420   1.500   29  NaN  NaN  NaN  12.400   83   0.080   0.200   0.300
2012-09-01T02:01:47.510000Z  46.685  38.360   8.170   1.400   27  NaN  NaN  NaN  31.600   82   0.170   0.400   0.900
2012-09-01T05:04:03.940000Z  46.775  38.397  18.910   3.500   18  NaN  NaN  NaN  24.900  107   0.080   0.300   0.300
2012-09-01T06:20:20.810000Z  46.757  38.447  17.840   3.000   28  NaN  NaN  NaN  28.800   47   0.080   0.200   0.300
2012-09-01T06:22:17.490000Z  46.639  38.444  11.490   2.400   29  NaN  NaN  NaN  36.300   40   0.100   0.200   0.400
2012-09-01T06:36:36.720000Z  46.614  38.459  14.940   2.600   29  NaN  NaN  NaN  38.300   49   0.080   0.200   0.300
2012-09-01T07:12:12.040000Z  46.711  38.368  13.430   2.200   28  NaN  NaN  NaN  15.500   52   0.100   0.200   0.200
2012-09-01T13:21:57.680000Z  46.708  38.394  19.340   2.300   27  NaN  NaN  NaN  30.400   45   0.100   0.300   0.400
2012-09-01T14:26:05.340000Z  46.930  38.477  19.930   1.900   28  NaN  NaN  NaN  10.600   52   0.080   0.200   0.200
2012-09-01T16:38:47.200000Z  46.937  38.320   8.960   1.600   29  NaN  NaN  NaN   9.200   46   0.100   0.200   0.300
2012-09-01T17:48:10.150000Z  46.863  38.384  14.060   1.700   28  NaN  NaN  NaN  17.300   59   0.100   0.200   0.200
2012-09-01T17:51:48.330000Z  46.716  38.376  16.680   1.700   30  NaN  NaN  NaN  29.300   52   0.100   0.200   0.300
2012-09-01T19:26:16.470000Z  46.633  38.365   1.500   1.600   26  NaN  NaN  NaN  15.800   53   0.070   0.200   0.300
2012-09-01T19:37:58.460000Z  46.774  38.382  18.360   1.700   30  NaN  NaN  NaN  24.500   81   0.120   0.300   0.300
2012-09-01T19:51:35.470000Z  46.785  38.371  18.630   2.000   29  NaN  NaN  NaN  17.900   57   0.090   0.200   0.200
2012-09-01T20:59:34.280000Z  46.793  38.381  17.340   2.800   23  NaN  NaN  NaN  17.500  100   0.100   0.200   0.300
2012-09-01T21:16:11.130000Z  46.811  38.389  19.520   1.100   28  NaN  NaN  NaN  17.900   50   0.100   0.200   0.200
2012-09-01T22:17:44.700000Z  46.729  38.416  17.540   2.300   28  NaN  NaN  NaN  29.300   49   0.070   0.200   0.200
2012-09-02T01:33:44.960000Z  46.928  38.310   9.880   1.600   30  NaN  NaN  NaN  10.000   47   0.120   0.300   0.300
2012-09-02T02:53:47.610000Z  46.851  38.393  17.800   3.400   28  NaN  NaN  NaN  18.700   51   0.100   0.200   0.200
2012-09-02T04:11:26.200000Z  46.774  38.426  19.130   2.900   28  NaN  NaN  NaN  12.700   84   0.120   0.300   0.300
2012-09-02T08:50:11.610000Z  46.787  38.436  15.750   4.200   17  NaN  NaN  NaN  25.800   82   0.120   0.400   0.400
2012-09-02T09:03:16.880000Z  46.787  38.403  17.080   3.400   31  NaN  NaN  NaN  24.200   50   0.090   0.200   0.200
2012-09-02T09:24:34.930000Z  46.717  38.449  28.930   2.700   29  NaN  NaN  NaN  31.900   47   0.080   0.200   0.300
2012-09-02T11:11:50.960000Z  46.642  38.382  19.930   3.100   30  NaN  NaN  NaN  35.600   52   0.090   0.200   0.300
2012-09-02T13:44:03.750000Z  46.687  38.388  17.350   3.000   29  NaN  NaN  NaN  31.900   83   0.090   0.200   0.200
2012-09-02T14:22:20.940000Z  46.758  38.395  19.970   2.000   27  NaN  NaN  NaN  14.400   49   0.150   0.400   0.400
2012-09-02T15:36:24.490000Z  46.769  38.365   9.240   1.900   30  NaN  NaN  NaN  17.800   93   0.110   0.200   0.300
2012-09-02T21:26:29.720000Z  46.714  38.434  23.850   1.800   29  NaN  NaN  NaN   8.700   42   0.090   0.200   0.200
2012-09-02T23:16:42.550000Z  46.709  38.219   5.450   2.400   29  NaN  NaN  NaN  31.200   62   0.090   0.200   0.300
2012-09-03T04:43:10.340000Z  46.641  38.440  15.780   2.900   29  NaN  NaN  NaN   7.500   60   0.110   0.200   0.200
2012-09-03T05:58:15.040000Z  46.715  38.388  23.470   2.500   30  NaN  NaN  NaN  29.600   52   0.090   0.200   0.300
2012-09-03T13:59:30.220000Z  46.836  38.365  15.310   2.200   19  NaN  NaN  NaN  18.800   98   0.160   0.500   0.800
2012-09-03T14:19:25.080000Z  46.800  38.339   9.070   1.900   30  NaN  NaN  NaN  21.300   51   0.150   0.300   0.400
2012-09-03T16:21:10.990000Z  46.702  38.392  19.400   2.100   28  NaN  NaN  NaN  12.700   45   0.080   0.200   0.200
2012-09-03T16:29:59.060000Z  46.859  38.384  20.300   1.800   29  NaN  NaN  NaN  17.600   59   0.100   0.200   0.400
2012-09-03T17:17:11.650000Z  46.860  38.408  19.750   2.200   30  NaN  NaN  NaN  18.800   62   0.080   0.200   0.200
2012-09-03T17:17:34.590000Z  46.852  38.419  19.220   2.200   29  NaN  NaN  NaN  18.600   51   0.110   0.300   0.200
2012-09-03T20:11:43.770000Z  46.840  38.334   1.710   1.900   29  NaN  NaN  NaN  17.700   68   0.100   0.200   0.400
2012-09-03T22:23:46.360000Z  46.636  38.379  15.290   1.500   28  NaN  NaN  NaN  14.200   51   0.080   0.200   0.200
2012-09-03T23:30:50.710000Z  46.785  38.395   9.230   1.200   28  NaN  NaN  NaN  24.000   51   0.100   0.200   0.400
2012-09-03T23:59:57.360000Z  46.792  38.361   1.970   1.200   27  NaN  NaN  NaN  19.300   54   0.090   0.200   0.400
2012-09-04T00:21:16.320000Z  46.774  38.389  24.570   1.500   27  NaN  NaN  NaN  24.700   49   0.100   0.300   0.300
2012-09-04T00:42:56.010000Z  46.783  38.539  15.690   1.000   28  NaN  NaN  NaN  10.700   89   0.110   0.300   0.300
2012-09-04T00:50:38.600000Z  46.784  38.375  18.410   2.200   29  NaN  NaN  NaN  17.500   48   0.100   0.200   0.200
2012-09-04T02:08:31.210000Z  46.636  38.399  18.440   1.300   30  NaN  NaN  NaN  12.000   45   0.090   0.200   0.200
2012-09-04T02:09:03.960000Z  46.658  38.396  18.660   1.400   29  NaN  NaN  NaN  12.000   51   0.140   0.300   0.400
2012-09-04T03:13:48.670000Z  46.697  38.400  19.380   2.900   27  NaN  NaN  NaN  31.500   44   0.050   0.100   0.100
2012-09-04T04:20:28.850000Z  46.687  38.389  19.650   2.800   28  NaN  NaN  NaN  12.900   51   0.080   0.200   0.200
2012-09-04T05:43:57.230000Z  46.721  38.398  19.430   2.600   27  NaN  NaN  NaN  12.700   50   0.070   0.200   0.200
2012-09-04T08:16:12.730000Z  46.774  38.393  18.480   2.500   29  NaN  NaN  NaN  24.800   54   0.100   0.200   0.200
2012-09-04T13:55:56.930000Z  46.702  38.331   2.310   2.200   31  NaN  NaN  NaN  29.800   51   0.090   0.200   0.400
2012-09-04T14:21:11.230000Z  46.714  38.383   0.790   1.800   28  NaN  NaN  NaN  14.000   83   0.100   0.200   0.500
2012-09-04T17:25:39.530000Z  46.810  38.378  19.140   2.300   30  NaN  NaN  NaN  18.700   50   0.090   0.200   0.200
2012-09-04T17:52:32.870000Z  46.799  38.371  15.610   1.200   28  NaN  NaN  NaN  18.700   58   0.150   0.300   0.400
2012-09-04T18:15:09.710000Z  46.715  38.437  29.270   1.200   27  NaN  NaN  NaN   8.500   51   0.090   0.200   0.300
2012-09-04T18:33:30.990000Z  46.799  38.385  17.460   1.300   30  NaN  NaN  NaN  17.500   47   0.080   0.200   0.200
2012-09-04T19:17:59.050000Z  46.809  38.402  17.140   1.400   29  NaN  NaN  NaN  16.700   53   0.150   0.300   0.400
2012-09-04T22:42:58.010000Z  47.068  38.317   4.120   0.700   30  NaN  NaN  NaN   2.300   63   0.100   0.200   0.300
2012-09-04T23:53:45.030000Z  46.780  38.328   2.800   1.000   29  NaN  NaN  NaN  21.800   52   0.070   0.100   0.300
2012-09-05T01:28:05.570000Z  46.792  38.441   9.240   1.500   30  NaN  NaN  NaN  12.900   52   0.150   0.300   0.500
2012-09-05T03:02:42.480000Z  46.652  38.428  16.500   2.600   29  NaN  NaN  NaN  36.200   53   0.080   0.200   0.300
2012-09-05T09:33:46.150000Z  46.719  38.399  15.180   3.900   25  NaN  NaN  NaN  29.700   81   0.120   0.400   0.400
2012-09-05T12:14:04.430000Z  46.667  38.450  13.490   2.900   28  NaN  NaN  NaN  35.900  101   0.160   0.400   0.500
2012-09-05T15:07:19.870000Z  46.781  38.397  18.960   1.700   28  NaN  NaN  NaN  15.400   46   0.100   0.200   0.300
2012-09-05T16:00:06.980000Z  46.684  38.374  19.610   2.200   29  NaN  NaN  NaN  14.500   46   0.080   0.200   0.200
2012-09-05T17:14:36.950000Z  46.850  38.377  15.470   2.000   31  NaN  NaN  NaN  18.000   53   0.150   0.400   0.400
2012-09-05T18:47:38.950000Z  46.633  38.402  18.930   2.400   28  NaN  NaN  NaN  37.000   51   0.050   0.100   0.200
2012-09-05T19:03:13.740000Z  46.801  38.431  19.110   2.200   30  NaN  NaN  NaN  14.200   51   0.150   0.300   0.300
2012-09-05T21:26:42.040000Z  46.801  38.376  18.030   1.600   28  NaN  NaN  NaN  18.300   48   0.070   0.200   0.200
2012-09-05T23:48:36.950000Z  46.863  38.420   3.620   2.000   29  NaN  NaN  NaN  60.700   54   0.060   0.100   0.300
2012-09-06T01:19:42.410000Z  46.769  38.425  19.830   2.300   30  NaN  NaN  NaN  26.700   43   0.090   0.200   0.300
2012-09-06T02:19:16.350000Z  46.837  38.383  18.740   2.400   31  NaN  NaN  NaN  19.300   47   0.070   0.200   0.200
2012-09-06T08:51:17.720000Z  46.655  38.380  19.360   2.000   27  NaN  NaN  NaN  34.500   52   0.070   0.200   0.200
2012-09-06T10:38:31.290000Z  46.814  38.399  13.890   2.200   28  NaN  NaN  NaN  17.300   50   0.140   0.400   0.500
2012-09-06T20:23:33.860000Z  46.643  38.409  19.440   2.100   30  NaN  NaN  NaN  36.300   53   0.090   0.200   0.300
2012-09-06T20:33:21.880000Z  46.866  38.385  19.930   2.100   26  NaN  NaN  NaN  17.100   46   0.080   0.200   0.200
2012-09-06T22:02:27.380000Z  46.853  38.360  17.560   1.800   29  NaN  NaN  NaN  17.200   82   0.090   0.200   0.200
2012-09-06T22:07:25.580000Z  46.687  38.379  19.040   1.500   28  NaN  NaN  NaN  31.800   52   0.070   0.100   0.100
2012-09-06T23:38:04.940000Z  46.703  38.400  19.410   1.300   30  NaN  NaN  NaN  30.900   63   0.100   0.200   0.200
2012-09-06T23:56:04.090000Z  46.770  38.374  14.740   1.200   28  NaN  NaN  NaN  16.900   48   0.100   0.200   0.300
2012-09-07T02:35:38.180000Z  47.063  38.444   3.560   1.400   30  NaN  NaN  NaN   5.300   74   0.140   0.300   0.400
2012-09-07T05:41:29.450000Z  46.786  38.661   2.790   1.500   30  NaN  NaN  NaN  20.200   58   0.120   0.200   0.500
2012-09-07T12:46:24.450000Z  46.722  38.377  19.850   3.100   30  NaN  NaN  NaN  14.900   51   0.070   0.200   0.100
2012-09-07T16:10:54.880000Z  46.790  38.437  19.700   2.600   30  NaN  NaN  NaN  13.000   72   0.110   0.300   0.300
2012-09-07T16:49:54.450000Z  46.662  38.400  16.180   1.700   28  NaN  NaN  NaN  34.400   43   0.090   0.200   0.300
2012-09-07T17:25:50.690000Z  46.813  38.386  17.380   2.000   28  NaN  NaN  NaN  18.300   48   0.090   0.200   0.200
2012-09-07T17:48:16.900000Z  46.849  38.190  15.530   1.400   29  NaN  NaN  NaN  22.100   57   0.110   0.300   0.400
2012-09-07T17:53:54.650000Z  46.719  38.373  17.680   1.600   28  NaN  NaN  NaN  15.200   84   0.090   0.300   0.300
2012-09-07T19:17:21.330000Z  46.790  38.449  18.860   2.500   26  NaN  NaN  NaN  12.300   53   0.080   0.200   0.300
2012-09-07T19:29:15.850000Z  46.708  38.390  18.850   2.500   27  NaN  NaN  NaN  30.300   51   0.120   0.300   0.300
2012-09-07T19:49:29.760000Z  46.802  38.346  10.830   1.400   29  NaN  NaN  NaN  21.000   50   0.170   0.400   0.500
2012-09-07T20:00:07.040000Z  46.803  38.385  13.970   1.700   28  NaN  NaN  NaN  17.700   82   0.110   0.300   0.300
2012-09-07T20:47:22.980000Z  46.810  38.379  13.830   1.400   27  NaN  NaN  NaN  18.600   48   0.100   0.200   0.200
2012-09-07T21:33:48.760000Z  46.657  38.373   1.350   1.700   26  NaN  NaN  NaN  34.200   55   0.170   0.400   1.200
2012-09-07T21:36:57.240000Z  46.895  38.377  18.470   2.100   27  NaN  NaN  NaN  14.400   82   0.080   0.200   0.200
2012-09-07T23:37:52.940000Z  46.848  38.366   1.400   1.300   28  NaN  NaN  NaN  17.800   60   0.100   0.200   0.400
2012-09-08T00:53:37.210000Z  46.736  38.456  21.080   2.200   28  NaN  NaN  NaN   7.900   41   0.120   0.300   0.300
2012-09-08T01:12:30.160000Z  46.766  38.384  13.360   1.400   27  NaN  NaN  NaN  15.800   47   0.160   0.400   0.500
2012-09-08T02:31:18.680000Z  46.865  38.413  23.380   1.300   28  NaN  NaN  NaN  18.300   46   0.080   0.200   0.200
2012-09-08T04:16:15.610000Z  46.664  38.388  15.280   2.300   28  NaN  NaN  NaN  12.900   46   0.100   0.200   0.300
2012-09-08T04:46:49.630000Z  46.648  38.360  19.560   1.600   28  NaN  NaN  NaN  34.800   82   0.090   0.300   0.300
2012-09-08T06:52:30.990000Z  46.704  38.389  15.570   3.200   27  NaN  NaN  NaN  30.600   51   0.090   0.300   0.400
2012-09-08T08:30:03.950000Z  46.777  38.393  12.780   2.500   27  NaN  NaN  NaN  15.600   58   0.110   0.300   0.400
2012-09-08T09:38:37.710000Z  46.796  38.324   9.930   2.000   31  NaN  NaN  NaN  21.500   53   0.090   0.200   0.200
2012-09-08T14:01:12.260000Z  46.648  38.373   1.510   1.900   28  NaN  NaN  NaN  14.600   50   0.120   0.300   0.400
2012-09-08T20:35:44.630000Z  46.853  38.380  12.660   3.600   25  NaN  NaN  NaN  17.900   50   0.100   0.300   0.400
2012-09-08T21:04:45.150000Z  46.784  38.369  12.510   1.600   29  NaN  NaN  NaN  23.300   82   0.100   0.200   0.300
2012-09-08T21:24:06.460000Z  46.696  38.454   3.040   2.000   29  NaN  NaN  NaN   6.100   50   0.150   0.300   0.400
2012-09-09T04:50:28.080000Z  46.712  38.385  14.520   1.600   30  NaN  NaN  NaN  13.700   46   0.130   0.300   0.300
2012-09-09T10:08:20.680000Z  46.840  38.394  18.710   3.000   29  NaN  NaN  NaN  19.300   91   0.090   0.200   0.200
2012-09-09T13:58:18.260000Z  46.687  38.366  18.060   2.700   29  NaN  NaN  NaN  31.500   47   0.180   0.400   0.600
2012-09-09T17:40:01.600000Z  46.676  38.388   1.550   1.600   29  NaN  NaN  NaN  12.900   54   0.100   0.200   0.300
2012-09-09T20:25:44.610000Z  46.648  38.381  17.420   2.000   29  NaN  NaN  NaN  13.800   52   0.100   0.200   0.300
2012-09-09T22:06:59.990000Z  46.663  38.442  18.950   2.000   28  NaN  NaN  NaN  34.300   49   0.070   0.200   0.200
2012-09-09T22:07:57.790000Z  46.657  38.398   8.370   1.400   31  NaN  NaN  NaN  34.800   43   0.090   0.200   0.400
2012-09-09T22:50:38.800000Z  46.874  38.337   7.110   1.800   27  NaN  NaN  NaN  14.900   51   0.110   0.300   0.400
2012-09-10T01:47:02.930000Z  46.716  38.444  16.380   1.700   29  NaN  NaN  NaN   7.900   48   0.100   0.200   0.300
2012-09-10T02:02:13.050000Z  46.833  38.404  19.330   2.900   29  NaN  NaN  NaN  18.200   47   0.130   0.300   0.300
2012-09-10T08:55:50.240000Z  46.699  38.388  19.650   3.800   15  NaN  NaN  NaN  31.000  124   0.070   0.300   0.300
2012-09-10T13:28:35.690000Z  46.727  38.222  14.840   2.000   28  NaN  NaN  NaN  29.500   61   0.110   0.300   0.300
2012-09-10T17:25:44.560000Z  46.632  38.396   2.350   1.800   30  NaN  NaN  NaN  12.400   44   0.080   0.200   0.300
2012-09-10T19:32:18.130000Z  46.774  38.494  24.150   1.900   29  NaN  NaN  NaN   9.300   72   0.090   0.200   0.300
2012-09-11T00:09:48.710000Z  46.532  38.400  19.630   1.100   29  NaN  NaN  NaN  16.500   38   0.140   0.300   0.400
2012-09-11T03:23:33.270000Z  46.773  38.387  17.580   2.300   28  NaN  NaN  NaN  15.900   49   0.090   0.200   0.200
2012-09-11T03:25:33.450000Z  46.645  38.399  17.570   2.300   27  NaN  NaN  NaN  35.800   43   0.080   0.200   0.200
2012-09-11T10:30:33.310000Z  46.642  38.403  19.120   3.300   26  NaN  NaN  NaN  36.200   99   0.090   0.200   0.300
2012-09-11T16:30:16.590000Z  46.803  38.343   3.230   1.200   30  NaN  NaN  NaN  21.000   50   0.170   0.300   0.700
2012-09-11T17:38:52.720000Z  46.920  38.336   1.980   1.800   29  NaN  NaN  NaN  10.900   46   0.100   0.200   0.300
2012-09-11T21:41:12.680000Z  46.916  38.355  12.150   1.800   30  NaN  NaN  NaN  11.800   49   0.170   0.400   0.400
2012-09-11T22:48:26.350000Z  46.704  38.443  19.890   2.000   29  NaN  NaN  NaN   7.500   48   0.090   0.200   0.200
2012-09-12T09:15:43.570000Z  46.654  38.360   1.230   2.000   29  NaN  NaN  NaN  16.100   47   0.090   0.200   0.400
2012-09-12T10:03:30.140000Z  46.658  38.383   2.200   2.300   27  NaN  NaN  NaN  13.500   52   0.090   0.200   0.300
2012-09-12T12:44:25.710000Z  46.689  38.387  19.280   1.500   29  NaN  NaN  NaN  13.100   55   0.080   0.200   0.200
2012-09-12T12:59:25.160000Z  46.674  38.387  14.930   2.900   23  NaN  NaN  NaN  13.000   67   0.070   0.200   0.200
2012-09-12T20:33:52.640000Z  46.643  38.386  13.930   1.400   28  NaN  NaN  NaN  13.200   53   0.100   0.200   0.300
2012-09-12T20:41:41.650000Z  46.543  38.448  11.170   1.800   26  NaN  NaN  NaN  41.700   57   0.090   0.300   0.400
2012-09-12T22:46:04.340000Z  46.649  38.398   2.450   1.300   27  NaN  NaN  NaN  11.900   52   0.090   0.200   0.400
2012-09-12T23:11:17.480000Z  46.706  38.395  18.050   0.700   28  NaN  NaN  NaN  30.500   84   0.100   0.300   0.400
2012-09-13T00:19:48.140000Z  46.668  38.428  16.100   1.700   32  NaN  NaN  NaN   8.400   41   0.080   0.200   0.200
2012-09-13T01:51:45.910000Z  46.649  38.383  14.150   1.700   27  NaN  NaN  NaN  13.600   85   0.110   0.300   0.400
2012-09-13T04:27:37.530000Z  46.840  38.411  20.670   2.100   29  NaN  NaN  NaN  20.400   45   0.080   0.200   0.300
2012-09-13T12:12:13.130000Z  46.867  38.426  18.910   2.500   31  NaN  NaN  NaN  17.500   57   0.150   0.300   0.400
2012-09-13T14:15:49.200000Z  46.707  38.397  19.220   1.600   28  NaN  NaN  NaN  30.600   51   0.070   0.200   0.300
2012-09-13T14:51:28.940000Z  46.634  38.379   1.910   2.100   28  NaN  NaN  NaN  14.200   44   0.120   0.300   0.500
2012-09-13T16:48:09.870000Z  46.862  38.336   6.770   1.700   26  NaN  NaN  NaN  15.800   51   0.050   0.100   0.200
2012-09-13T17:42:24.480000Z  46.771  38.376  17.160   1.900   28  NaN  NaN  NaN  24.500   51   0.090   0.300   0.300
2012-09-13T18:19:28.390000Z  46.654  38.398  13.260   1.800   27  NaN  NaN  NaN  11.800   52   0.070   0.200   0.200
2012-09-13T19:05:15.500000Z  46.793  38.357  10.140   1.800   29  NaN  NaN  NaN  19.600   74   0.100   0.200   0.300
2012-09-13T19:45:20.460000Z  46.703  38.392  19.530   3.200   17  NaN  NaN  NaN  30.700   55   0.070   0.300   0.300
2012-09-13T22:30:04.150000Z  46.867  38.387  16.470   1.600   29  NaN  NaN  NaN  17.100   54   0.100   0.200   0.300
2012-09-13T22:57:56.330000Z  46.644  38.397  15.060   1.600   28  NaN  NaN  NaN  35.800   43   0.100   0.200   0.300
2012-09-13T23:56:12.810000Z  46.729  38.382  28.330   1.000   27  NaN  NaN  NaN  14.600   54   0.080   0.200   0.200
2012-09-14T00:42:36.780000Z  46.825  38.391  17.960   2.500   27  NaN  NaN  NaN  18.500   47   0.090   0.200   0.200
2012-09-14T02:19:38.230000Z  46.662  38.386  14.650   3.500   29  NaN  NaN  NaN  34.000   84   0.100   0.200   0.300
2012-09-14T13:21:02.230000Z  46.775  38.362  10.250   1.800   28  NaN  NaN  NaN  18.300   50   0.090   0.200   0.300
2012-09-14T14:32:33.310000Z  46.615  38.430  19.470   2.600   28  NaN  NaN  NaN   9.400   79   0.080   0.200   0.200
2012-09-14T16:41:05.010000Z  46.803  38.382  14.040   2.400   28  NaN  NaN  NaN  22.100   48   0.100   0.200   0.300
2012-09-15T11:01:17.440000Z  46.789  38.370  19.090   2.600   25  NaN  NaN  NaN  18.200   49   0.070   0.200   0.200
2012-09-15T19:19:21.150000Z  46.802  38.400  18.650   2.200   27  NaN  NaN  NaN  16.400  107   0.120   0.300   0.300
2012-09-15T20:28:29.200000Z  46.789  38.371  12.070   1.500   29  NaN  NaN  NaN  22.900   49   0.120   0.300   0.400
2012-09-15T21:17:11.160000Z  46.858  38.365  19.140   1.700   30  NaN  NaN  NaN  16.900   48   0.090   0.200   0.200
2012-09-16T01:01:33.740000Z  46.566  38.383   1.740   0.900   28  NaN  NaN  NaN  39.900   54   0.100   0.200   0.400
2012-09-16T17:12:51.350000Z  46.864  38.399  18.250   2.400   29  NaN  NaN  NaN  18.000   46   0.080   0.200   0.200
2012-09-16T18:06:51.180000Z  46.701  38.329   2.050   2.500   29  NaN  NaN  NaN  29.900   54   0.080   0.200   0.400
2012-09-16T19:48:09.660000Z  46.788  38.330  12.480   1.300   27  NaN  NaN  NaN  22.000   52   0.100   0.300   0.300
2012-09-16T22:59:03.730000Z  46.730  38.377  18.410   1.500   28  NaN  NaN  NaN  15.100   50   0.080   0.200   0.200