                        ORT     Lon     Lat     Dep     Mag  Nus  NuP  NuS  ADS  MDS  GAP     RMS     ERH     ERZ
2012-08-11T12:23:15.280000Z  46.799  38.419   2.946   6.500  125  125   67    0    0   44   0.133   0.843   0.841
2012-08-11T12:28:46.080000Z  46.785  38.434  22.043   3.500  188  188   96    0    0   43   0.077   0.662   0.621
2012-08-11T12:49:15.520000Z  46.693  38.382  13.570   4.600  136  136   84    0    0   45   0.084   0.672   0.664
2012-08-11T13:14:05.400000Z  46.670  38.376   3.931   4.400  133  133   66    0    0   45   0.096   0.970   1.200
2012-08-11T13:23:14.880000Z  46.731  38.494   9.411   3.700  108  108   59    0    0   38   0.087   0.747   0.693
2012-08-11T13:42:11.550000Z  46.678  38.405  14.674   4.000  140  140   72    0    0   43   0.114   0.676   0.631
2012-08-11T14:14:53.530000Z  46.703  38.501  27.531   2.800  116  116   63    0    0   37   0.094   0.967   0.945
2012-08-11T14:25:15.160000Z  46.680  38.430  12.529   4.300   95   95  106    0    0   41   0.093   0.667   0.612
2012-08-11T14:55:57.040000Z  46.741  38.429   6.540   3.100  171  171  102    0    0   42   0.091   0.671   0.680
2012-08-11T15:21:14.540000Z  46.777  38.445  17.464   4.700  194  194   96    0    0   42   0.074   0.647   0.451
2012-08-11T16:00:50.230000Z  46.797  38.412  16.210   4.000  149  149   86    0    0   44   0.061   0.655   0.455
2012-08-11T16:15:04.050000Z  46.672  38.432  17.132   2.700  164  164   80    0    0   41   0.095   0.675   0.572
2012-08-11T16:21:52.780000Z  46.649  38.415  19.985   4.100   94   94   81    0    0   41   0.063   0.698   0.576
2012-08-11T16:34:32.450000Z  46.656  38.448  16.194   3.300  195  195   99    0    0   39   0.083   0.682   0.589
2012-08-11T17:37:58.320000Z  46.869  38.400  22.878   2.100  184  184   84    0    0   45   0.112   0.648   0.553
2012-08-11T17:45:44.260000Z  46.788  38.410   9.393   2.500  151  151   77    0    0   44   0.109   0.700   0.695
2012-08-11T17:49:25.520000Z  46.828  38.424  17.867   2.600  134  134   70    0    0   44   0.118   0.647   0.488
2012-08-11T17:58:33.080000Z  46.795  38.380   9.169   4.100  185  185   81    0    0   47   0.125   0.648   0.589
2012-08-11T18:13:03.160000Z  46.644  38.382   5.353   3.000  121  121   54    0    0   44   0.075   0.826   0.843
2012-08-11T18:21:44.520000Z  46.709  38.444  19.809   2.600  155  155   85    0    0   41   0.094   0.735   0.702
2012-08-11T19:12:04.600000Z  46.793  38.432  20.990   2.900  137  137   85    0    0   43   0.085   0.677   0.553
2012-08-11T19:29:29.240000Z  46.795  38.441  26.466   2.600  147  147   92    0    0   42   0.094   0.715   0.590
2012-08-11T19:30:45.080000Z  46.927  38.444  23.282   2.700  118  118   62    0    0   51   0.092   0.696   0.623
2012-08-11T19:40:17.120000Z  46.801  38.445  21.039   2.600  185  185  103    0    0   42   0.119   0.670   0.535
2012-08-11T20:10:30.060000Z  46.772  38.424  14.964   3.400  118  118   60    0    0   43   0.104   0.674   0.510
2012-08-11T20:29:18.560000Z  46.848  38.391   4.383   2.600  128  128   75    0    0   46   0.094   0.773   0.687
2012-08-11T20:37:27.360000Z  46.799  38.463  20.459   2.300  181  181  102    0    0   41   0.081   0.662   0.565
2012-08-11T20:45:46.780000Z  46.690  38.420  14.749   2.900  168  168   99    0    0   42   0.124   0.678   0.625
2012-08-11T21:13:21.240000Z  46.665  38.442  12.418   2.400  147  147   90    0    0   40   0.112   0.673   0.632
2012-08-11T21:18:35.040000Z  46.733  38.436  20.110   2.600  172  172  100    0    0   42   0.088   0.751   0.850
2012-08-11T21:21:13.980000Z  46.796  38.454  19.143   2.700  158  158   93    0    0   41   0.074   0.684   0.492
2012-08-11T21:33:50.700000Z  46.864  38.454  19.862   3.100  152  152   86    0    0   48   0.077   0.653   0.449
2012-08-11T22:04:32.320000Z  46.708  38.417  14.563   3.700  128  128   59    0    0   43   0.073   0.672   0.632
2012-08-11T22:12:46.840000Z  46.759  38.417  18.245   3.300  121  121   64    0    0   44   0.100   0.717   0.565
2012-08-11T23:40:52.720000Z  46.802  38.475  15.791   2.200  148  148   80    0    0   43   0.075   0.727   0.608
2012-08-11T23:58:13.440000Z  46.714  38.461  11.078   3.400  117  117   77    0    0   40   0.105   0.685   0.565
2012-08-12T00:10:52.640000Z  46.706  38.394   6.240   2.500  118  118   62    0    0   45   0.126   0.746   0.736
2012-08-12T00:15:22.780000Z  46.769  38.435  17.967   3.100  146  146   96    0    0   42   0.097   0.680   0.569
2012-08-12T00:34:16.330000Z  46.769  38.434  19.473   3.800  133  133  127    0    0   42   0.118   0.682   0.493
2012-08-12T00:41:26.350000Z  46.741  38.489  19.910   2.700  159  159   73    0    0   38   0.157   1.062   1.166
2012-08-12T01:35:50.180000Z  46.745  38.433   7.689   2.200  187  187  115    0    0   42   0.077   0.665   0.549
2012-08-12T02:24:43.210000Z  46.766  38.445  12.828   3.700  139  139   82    0    0   42   0.094   0.688   0.521
2012-08-12T02:32:17.170000Z  46.701  38.384  18.523   1.700  151  151   90    0    0   45   0.073   0.701   0.632
2012-08-12T03:28:00.320000Z  46.751  38.491   3.462   2.400  156  156   87    0    0   38   0.116   0.951   1.507
2012-08-12T04:10:44.280000Z  46.872  38.393  28.662   2.500  136  136   61    0    0   45   0.118   0.689   0.503
2012-08-12T04:35:39.490000Z  46.729  38.498  15.175   2.600  161  161   94    0    0   37   0.102   0.799   0.701
2012-08-12T04:40:40.640000Z  46.749  38.442   8.490   2.900  130  130   67    0    0   42   0.088   0.697   0.562
2012-08-12T05:13:20.570000Z  46.839  38.490   3.279   2.300  133  133   77    0    0   45   0.092   0.891   1.060
2012-08-12T05:37:55.880000Z  46.795  38.439   9.470   2.200  166  166   90    0    0   42   0.090   0.670   0.555
2012-08-12T06:03:57.840000Z  46.772  38.457   9.581   2.600  127  127   84    0    0   41   0.098   0.692   0.598
2012-08-12T06:17:50.000000Z  46.856  38.432   9.239   2.600  139  139   73    0    0   43   0.098   0.672   0.689
2012-08-12T06:29:57.070000Z  46.737  38.337  30.148   1.700   75   75   34    0    0   51   0.109   1.136   1.027
2012-08-12T06:40:44.480000Z  46.634  38.383  19.701   4.100  145  145   84    0    0   44   0.057   0.672   0.515
2012-08-12T07:22:55.520000Z  46.790  38.437  19.543   3.000  135  135   75    0    0   42   0.078   0.762   0.702
2012-08-12T07:26:53.220000Z  46.729  38.461  16.635   2.300  160  160   92    0    0   40   0.079   0.683   0.584
2012-08-12T07:29:28.680000Z  46.878  38.396  24.272   2.300  139  139   60    0    0   45   0.087   0.657   0.568
2012-08-12T07:33:03.010000Z  46.704  38.426   9.926   2.400  132  132   60    0    0   42   0.106   0.669   0.629
2012-08-12T07:36:35.650000Z  46.797  38.442  15.572   2.700  135  135   88    0    0   42   0.095   0.667   0.485
2012-08-12T08:01:20.110000Z  46.822  38.417  22.918   2.900  140  140   63    0    0   44   0.113   0.668   0.558
2012-08-12T08:03:43.790000Z  46.753  38.442  18.614   2.100  130  130   77    0    0   42   0.075   0.691   0.568
2012-08-12T10:15:33.420000Z  46.750  38.435  20.174   3.300  142  142   83    0    0   42   0.092   0.748   0.698
2012-08-12T10:29:27.820000Z  46.631  38.398   9.389   2.000  112  112   56    0    0   42   0.126   0.672   0.720
2012-08-12T11:21:16.210000Z  46.721  38.433  19.736   2.200  187  187  102    0    0   42   0.082   0.736   0.676
2012-08-12T11:51:31.580000Z  46.786  38.391  16.621   3.300  184  184   91    0    0   46   0.085   0.654   0.438
2012-08-12T14:19:08.860000Z  46.788  38.430  19.777   3.100  148  148   73    0    0   43   0.102   0.658   0.447
2012-08-12T15:15:10.060000Z  46.838  38.447  15.875   2.100  148  148   66    0    0   43   0.088   0.814   0.976
2012-08-12T15:59:25.450000Z  46.807  38.442  15.588   2.500  135  135   89    0    0   42   0.092   0.672   0.470
2012-08-12T17:18:30.680000Z  46.739  38.452  20.747   2.100  154  154   87    0    0   41   0.108   0.699   0.756
2012-08-12T18:44:22.120000Z  46.857  38.410  19.116   2.100  200  200  112    0    0   45   0.074   0.652   0.450
2012-08-12T18:46:40.280000Z  46.846  38.390  16.626   2.000  156  156   75    0    0   46   0.096   0.642   0.476
2012-08-12T19:28:04.640000Z  46.811  38.452  22.263   1.700  151  151   82    0    0   41   0.098   0.676   0.553
2012-08-12T19:29:56.480000Z  46.796  38.425  20.690   2.100  177  177  100    0    0   43   0.072   0.668   0.560
2012-08-12T20:04:31.040000Z  46.779  38.484  18.973   1.800  167  167   98    0    0   40   0.122   0.766   0.640
2012-08-12T20:09:35.600000Z  46.869  38.426  17.899   2.200  144  144   78    0    0   43   0.113   0.666   0.465
2012-08-12T20:11:02.240000Z  46.690  38.439  12.857   1.900  154  154   84    0    0   41   0.093   0.674   0.629
2012-08-12T21:26:31.720000Z  46.674  38.380   9.191   2.200  130  130   67    0    0   45   0.112   0.670   0.763
2012-08-12T21:33:17.720000Z  46.797  38.448   5.410   3.100  191  191   94    0    0   42   0.148   0.872   0.954
2012-08-12T22:01:15.960000Z  46.726  38.454  15.579   2.400  154  154   76    0    0   40   0.075   0.689   0.582
2012-08-12T22:05:43.080000Z  46.792  38.440  17.588   2.200  151  151   85    0    0   42   0.083   0.655   0.453
2012-08-12T22:45:49.300000Z  46.715  38.438  17.010   1.900  129  129   65    0    0   41   0.078   0.695   0.619
2012-08-12T22:57:07.620000Z  46.910  38.494  21.249   2.800  137  137   80    0    0   46   0.131   0.778   0.767
2012-08-12T23:02:03.880000Z  46.862  38.376  20.697   2.700  155  155   72    0    0   46   0.070   0.653   0.543
2012-08-12T23:16:13.040000Z  46.682  38.379  10.693   1.800  156  156   68    0    0   45   0.090   0.678   0.747
2012-08-12T23:58:41.600000Z  46.902  38.456  17.615   1.900  143  143   75    0    0   50   0.112   0.701   0.538
2012-08-13T00:07:54.030000Z  46.676  38.415  19.233   2.400  126  126   66    0    0   42   0.104   0.730   0.699
2012-08-13T00:18:02.570000Z  46.906  38.444   8.476   3.200  192  192  116    0    0   50   0.132   0.719   0.755
2012-08-13T00:22:08.440000Z  46.702  38.430  19.850   3.200  133  133   67    0    0   42   0.088   0.780   0.693
2012-08-13T01:02:22.510000Z  46.790  38.442  20.622   1.500  186  186   87    0    0   42   0.083   0.655   0.537
2012-08-13T01:29:26.490000Z  46.776  38.487   3.592   2.400  159  159   85    0    0   39   0.110   0.793   1.118
2012-08-13T01:38:46.850000Z  46.860  38.446  17.628   1.500  168  168   76    0    0   46   0.095   0.656   0.456
2012-08-13T01:56:09.950000Z  46.702  38.454  18.155   4.700  103  103   94    0    0   40   0.090   0.709   0.643
2012-08-13T03:58:28.840000Z  46.868  38.481   3.519   2.900  117  117   71    0    0   49   0.131   0.892   1.248
2012-08-13T04:15:52.370000Z  46.684  38.389  19.882   3.700   86   86   91    0    0   45   0.074   0.695   0.623
2012-08-13T05:22:28.820000Z  46.658  38.386  20.596   2.600  139  139   83    0    0   44   0.081   0.693   0.600
2012-08-13T06:58:22.040000Z  46.670  38.444  18.314   3.200  161  161   85    0    0   40   0.099   0.691   0.529
2012-08-13T07:28:30.540000Z  46.778  38.382  18.078   3.200  157  157   76    0    0   47   0.061   0.652   0.492
2012-08-13T07:50:54.210000Z  46.646  38.419   4.980   2.200  159  159   72    0    0   41   0.107   0.872   0.896
2012-08-13T08:16:49.960000Z  46.889  38.452   4.084   4.000  128  128   82    0    0   50   0.100   0.808   1.370
2012-08-13T10:28:13.590000Z  46.693  38.430   8.908   1.900  184  184   96    0    0   41   0.074   0.650   0.620
2012-08-13T10:29:31.080000Z  46.633  38.414   3.636   2.200  176  176   88    0    0   41   0.090   0.778   0.710
2012-08-13T10:45:44.130000Z  46.613  38.470  20.360   4.200   80   80   58    0    0   36   0.112   0.835   1.003
2012-08-13T11:47:52.190000Z  46.850  38.447   3.709   1.800  135  135   86    0    0   45   0.118   0.798   1.387
2012-08-13T12:07:37.130000Z  46.574  38.434   2.551   2.100  136  136   61    0    0   37   0.079   0.861   0.883
2012-08-13T12:45:57.930000Z  46.730  38.456  20.772   3.900  216  216  106    0    0   40   0.084   0.686   0.729
2012-08-13T12:53:47.250000Z  46.701  38.446  13.142   3.200  165  165   70    0    0   40   0.075   0.675   0.649
2012-08-13T13:31:40.390000Z  46.854  38.396  16.470   1.500  177  177   84    0    0   46   0.095   0.641   0.480
2012-08-13T13:57:03.240000Z  46.716  38.453   3.669   1.800  188  188  105    0    0   40   0.114   0.744   0.725
2012-08-13T14:02:42.850000Z  46.718  38.355  15.450   1.500  122  122   55    0    0   48   0.083   0.669   0.616
2012-08-13T15:06:34.540000Z  46.676  38.413   4.468   2.700  163  163   73    0    0   42   0.122   0.801   0.887
2012-08-13T15:32:15.740000Z  46.769  38.440  16.373   2.200  166  166   82    0    0   42   0.073   0.660   0.433
2012-08-13T16:14:40.490000Z  46.674  38.505  21.906   2.600  119  119   66    0    0   36   0.097   0.948   1.008
2012-08-13T16:31:48.930000Z  46.692  38.417   3.353   1.600  151  151   71    0    0   42   0.103   0.802   0.877
2012-08-13T17:08:41.680000Z  46.676  38.450   4.171   2.800  217  217  111    0    0   40   0.085   0.756   0.594
2012-08-13T18:31:10.780000Z  46.800  38.417   3.846   1.900  128  128   77    0    0   44   0.096   0.835   1.250
2012-08-13T18:40:05.740000Z  46.669  38.432  20.657   3.400  125  125   79    0    0   41   0.102   0.751   0.825
2012-08-13T19:43:21.960000Z  46.631  38.442  19.370   3.300  163  163   88    0    0   39   0.058   0.704   0.645
2012-08-13T19:55:52.620000Z  46.708  38.361  28.912   1.800  124  124   69    0    0   48   0.091   1.024   0.995
2012-08-13T20:12:42.920000Z  46.877  38.420  10.909   2.800  183  183   91    0    0   44   0.152   0.674   0.603
2012-08-13T20:22:37.560000Z  46.997  38.396   4.295   1.500   89   89   42    0    0   54   0.095   0.750   0.913
2012-08-13T20:29:51.880000Z  46.780  38.538   3.794   1.800  102  102   68    0    0   36   0.117   0.980   1.134
2012-08-13T20:44:57.180000Z  46.817  38.375   8.446   1.600  178  178   94    0    0   47   0.112   0.658   0.610
2012-08-13T20:57:07.480000Z  46.644  38.399   4.909   1.500  230  230  122    0    0   42   0.104   0.792   0.844
2012-08-13T21:01:40.240000Z  46.674  38.401   4.723   1.800  153  153   76    0    0   43   0.134   0.816   0.803
2012-08-13T21:10:31.620000Z  46.775  38.486  15.528   1.600  164  164   92    0    0   39   0.132   0.735   0.729
2012-08-13T21:18:45.860000Z  46.788  38.385  18.250   1.200  163  163   92    0    0   46   0.078   0.657   0.495
2012-08-13T21:25:25.120000Z  46.789  38.453  20.137   1.800  142  142   74    0    0   41   0.081   0.678   0.583
2012-08-13T21:29:06.180000Z  46.849  38.416  22.505   1.300  128  128   59    0    0   44   0.080   0.657   0.565
2012-08-13T21:33:29.760000Z  46.681  38.452  17.440   1.700  166  166   89    0    0   39   0.074   0.726   0.785
2012-08-13T22:37:04.440000Z  46.691  38.381  19.925   3.300  185  185  107    0    0   45   0.073   0.699   0.625
2012-08-13T23:22:36.920000Z  46.742  38.430   9.145   1.500  167  167   86    0    0   42   0.062   0.673   0.536
2012-08-13T23:43:33.680000Z  46.846  38.387  12.545   1.500  139  139   71    0    0   46   0.100   0.652   0.550
2012-08-14T01:32:41.690000Z  46.702  38.447   8.095   2.200  161  161   81    0    0   40   0.121   0.673   0.600
2012-08-14T01:39:59.300000Z  46.711  38.467  20.454   1.400  176  176   74    0    0   39   0.088   0.707   0.777
2012-08-14T01:49:20.160000Z  46.699  38.428  18.210   3.000  156  156   82    0    0   42   0.092   0.693   0.667
2012-08-14T02:00:50.760000Z  46.697  38.481   5.109   2.000  154  154   74    0    0   38   0.135   0.783   0.828
2012-08-14T02:37:06.940000Z  46.796  38.425  15.926   2.300  140  140   87    0    0   43   0.073   0.657   0.427
2012-08-14T03:46:54.390000Z  46.797  38.430  19.179   2.100  157  157   94    0    0   43   0.072   0.671   0.457
2012-08-14T04:08:43.250000Z  46.656  38.458   4.427   2.300  184  184   95    0    0   38   0.071   0.808   0.716
2012-08-14T04:52:17.710000Z  46.647  38.436  20.532   2.100  189  189  105    0    0   40   0.084   0.723   0.763
2012-08-14T05:28:13.220000Z  46.794  38.451  19.048   3.400  177  177  110    0    0   41   0.084   0.671   0.464
2012-08-14T06:58:45.570000Z  46.646  38.393  17.759   1.800  180  180   95    0    0   43   0.089   0.729   0.524
2012-08-14T08:11:48.980000Z  46.648  38.382  16.539   2.100  189  189   99    0    0   44   0.071   0.736   0.591
2012-08-14T10:28:44.240000Z  46.722  38.406  16.561   3.600  164  164   74    0    0   44   0.078   0.668   0.576
2012-08-14T10:50:24.780000Z  46.796  38.497  15.434   2.100  129  129   88    0    0   40   0.116   0.824   0.778
2012-08-14T11:17:14.050000Z  46.657  38.389   5.136   1.700  126  126   69    0    0   44   0.109   0.840   0.895
2012-08-14T11:44:11.690000Z  46.688  38.439   4.742   1.800  176  176   87    0    0   41   0.076   0.776   0.675
2012-08-14T12:42:55.430000Z  46.680  38.420  19.992   2.200  172  172   83    0    0   42   0.133   0.776   0.794
2012-08-14T13:31:03.430000Z  46.703  38.442  18.300   2.200  140  140   63    0    0   41   0.121   0.888   1.062
2012-08-14T14:02:25.690000Z  46.773  38.479  19.447   5.200  207  207   99    0    0   40   0.083   0.735   0.762
2012-08-14T15:48:20.190000Z  46.634  38.450  18.067   3.800  102  102   82    0    0   38   0.057   0.681   0.554
2012-08-14T16:07:08.780000Z  46.864  38.388  13.432   1.900  141  141   76    0    0   46   0.087   0.646   0.526
2012-08-14T16:30:46.090000Z  46.768  38.409  17.431   2.000  158  158   68    0    0   44   0.054   0.665   0.462
2012-08-14T16:36:24.790000Z  46.720  38.411  19.428   3.300  129  129   74    0    0   43   0.073   0.688   0.583
2012-08-14T17:05:18.160000Z  46.641  38.438   7.183   1.700  114  114   69    0    0   39   0.106   0.678   0.705
2012-08-14T17:09:09.880000Z  46.715  38.425  20.398   3.100  155  155   76    0    0   42   0.078   0.724   0.767
2012-08-14T17:16:26.040000Z  46.776  38.441   4.860   2.000  149  149   75    0    0   42   0.098   0.778   1.012
2012-08-14T18:53:41.240000Z  46.649  38.408  15.684   2.000  190  190  104    0    0   42   0.072   0.698   0.614
2012-08-14T20:20:33.280000Z  46.655  38.431  16.294   3.000  207  207  102    0    0   40   0.077   0.693   0.600
2012-08-14T21:29:04.300000Z  46.883  38.433  18.002   1.300  170  170   78    0    0   47   0.081   0.668   0.490
2012-08-14T21:32:40.220000Z  46.776  38.418  17.369   1.500  136  136   72    0    0   44   0.057   0.655   0.444
2012-08-14T22:10:17.580000Z  46.669  38.430   3.880   2.000  182  182   78    0    0   41   0.137   0.776   0.672
2012-08-14T22:41:54.560000Z  46.719  38.379  11.530   1.700  159  159   79    0    0   46   0.092   0.676   0.738
2012-08-14T23:07:42.920000Z  46.750  38.386   3.918   1.300  133  133   68    0    0   46   0.105   0.801   0.999
2012-08-14T23:33:30.820000Z  46.783  38.404  20.354   1.700  145  145   64    0    0   45   0.091   0.673   0.568
2012-08-14T23:42:05.600000Z  46.717  38.393  14.065   1.700  169  169   83    0    0   45   0.107   0.682   0.693
2012-08-15T00:42:47.130000Z  46.728  38.390  17.425   1.000  122  122   56    0    0   45   0.060   0.677   0.577
2012-08-15T01:35:39.950000Z  46.681  38.448  20.394   1.600  198  198  105    0    0   40   0.072   0.754   0.804
2012-08-15T01:43:13.020000Z  46.712  38.387  18.485   1.600  158  158   74    0    0   45   0.062   0.693   0.633
2012-08-15T03:03:30.500000Z  46.628  38.509  19.848   1.800  135  135   56    0    0   35   0.076   0.986   0.863
2012-08-15T03:41:30.540000Z  46.795  38.439  19.499   3.400  141  141   91    0    0   42   0.095   0.657   0.468
2012-08-15T04:29:40.050000Z  46.816  38.408  11.823   3.100  181  181  100    0    0   45   0.160   0.631   0.533
2012-08-15T05:26:26.820000Z  46.782  38.442   9.527   2.400  141  141   75    0    0   42   0.094   0.676   0.557
2012-08-15T05:39:51.140000Z  46.688  38.446  16.986   2.300  165  165   87    0    0   40   0.085   0.692   0.554
2012-08-15T07:12:14.440000Z  46.657  38.412   4.325   2.600  158  158   91    0    0   42   0.076   0.813   0.820
2012-08-15T08:39:21.630000Z  46.841  38.438   7.734   3.100  159  159  101    0    0   43   0.122   0.687   0.620
2012-08-15T09:03:47.970000Z  46.702  38.449  19.403   2.600  208  208  112    0    0   40   0.076   0.711   0.676
2012-08-15T09:37:47.000000Z  46.681  38.366   4.565   1.800  148  148   75    0    0   47   0.127   0.867   0.871
2012-08-15T11:27:05.680000Z  46.795  38.345  19.098   2.500  125  125   65    0    0   50   0.084   0.675   0.499
2012-08-15T11:39:29.890000Z  46.703  38.369  11.487   2.200  172  172   80    0    0   47   0.130   0.677   0.749
2012-08-15T13:52:42.320000Z  46.658  38.427   9.113   2.100  139  139   74    0    0   41   0.079   0.659   0.645
2012-08-15T13:58:28.100000Z  46.789  38.498   7.065   2.000  169  169   93    0    0   39   0.115   0.833   1.030
2012-08-15T16:01:21.800000Z  46.689  38.395   7.913   2.200  136  136   71    0    0   44   0.105   0.702   0.806
2012-08-15T17:49:04.740000Z  46.658  38.404  19.102   5.000  113  113   65    0    0   42   0.088   0.716   0.643
2012-08-15T18:00:00.960000Z  46.631  38.448  18.915   3.300  150  150   78    0    0   38   0.049   0.699   0.669
2012-08-15T18:16:27.320000Z  46.724  38.444  19.323   2.100  160  160   88    0    0   41   0.100   0.749   0.715
2012-08-15T18:38:43.860000Z  46.669  38.426  18.612   2.200  129  129   61    0    0   41   0.140   0.692   0.660
2012-08-15T19:23:57.840000Z  46.653  38.413  15.674   1.800  185  185   85    0    0   42   0.095   0.696   0.607
2012-08-15T20:27:44.180000Z  46.683  38.439  20.037   2.000  163  163   96    0    0   40   0.105   0.843   0.962
2012-08-15T21:26:47.440000Z  46.669  38.399  21.633   2.200  135  135   75    0    0   43   0.114   0.703   0.686
2012-08-15T23:01:19.640000Z  46.658  38.387   4.906   1.700  129  129   69    0    0   44   0.085   0.816   0.894
2012-08-16T00:15:16.190000Z  46.638  38.442  19.872   3.300  150  150   95    0    0   39   0.065   0.743   0.608
2012-08-16T00:32:52.050000Z  46.643  38.437  17.187   1.700  167  167   93    0    0   40   0.060   0.695   0.586
2012-08-16T01:31:20.930000Z  46.759  38.448  21.444   1.900  162  162  103    0    0   41   0.079   0.720   0.693
2012-08-16T02:26:38.380000Z  46.861  38.398   3.387   1.700  117  117   73    0    0   46   0.101   0.776   0.753
2012-08-16T03:01:38.360000Z  46.769  38.495  26.909   2.200  122  122   67    0    0   38   0.118   0.899   0.788
2012-08-16T03:10:48.100000Z  46.834  38.401  18.809   2.400  166  166   76    0    0   45   0.114   0.654   0.446
2012-08-16T05:33:56.040000Z  46.674  38.438   4.209   2.300  180  180   89    0    0   40   0.076   0.767   0.639
2012-08-16T05:39:30.840000Z  46.689  38.382  19.736   1.600  221  221  131    0    0   45   0.073   0.676   0.592
2012-08-16T06:33:56.580000Z  46.768  38.481   4.313   2.000  151  151  102    0    0   39   0.090   0.794   1.050
2012-08-16T08:56:53.670000Z  46.724  38.429   3.178   1.800  174  174   73    0    0   42   0.105   0.749   0.898
2012-08-16T09:27:46.870000Z  46.705  38.437  19.938   3.100  146  146   84    0    0   41   0.075   0.691   0.636
2012-08-16T11:28:36.810000Z  46.726  38.447  11.082   1.900  189  189  110    0    0   41   0.082   0.660   0.570
2012-08-16T13:20:15.220000Z  46.709  38.423   4.156   1.300  173  173   76    0    0   42   0.121   0.833   0.863
2012-08-16T13:56:30.230000Z  46.730  38.410  14.489   2.000  113  113   55    0    0   44   0.070   0.675   0.628
2012-08-16T15:15:35.040000Z  46.729  38.447  19.274   3.800  113  113   78    0    0   41   0.112   0.675   0.546
2012-08-16T15:31:10.430000Z  46.699  38.379   4.913   1.500  146  146   65    0    0   46   0.136   0.871   0.937
2012-08-16T17:11:47.680000Z  46.733  38.451  21.200   1.700  153  153   75    0    0   41   0.116   0.700   0.766
2012-08-16T17:14:13.200000Z  46.717  38.450  20.445   4.600  141  141   83    0    0   40   0.099   0.712   0.795
2012-08-16T17:19:40.840000Z  46.719  38.447  18.664   2.900  157  157   95    0    0   41   0.079   0.737   0.707
2012-08-16T17:34:59.680000Z  46.715  38.425  16.676   2.600  126  126   70    0    0   42   0.079   0.702   0.577
2012-08-16T20:27:17.360000Z  46.932  38.427   6.894   2.300  187  187  120    0    0   51   0.148   0.763   0.738
2012-08-16T21:50:59.540000Z  46.743  38.435  15.033   1.400  161  161   81    0    0   42   0.082   0.702   0.578
2012-08-16T23:15:00.280000Z  46.658  38.379   4.392   0.800  172  172   84    0    0   45   0.074   0.815   0.914
2012-08-16T23:59:14.360000Z  46.657  38.414   4.620   1.200  154  154   77    0    0   42   0.065   0.815   0.863
2012-08-17T00:31:16.680000Z  46.839  38.505   2.899   1.700  141  141   65    0    0   40   0.120   0.943   1.121
2012-08-17T02:13:52.870000Z  46.771  38.397  20.945   1.600  144  144   60    0    0   45   0.087   0.661   0.545
2012-08-17T03:19:23.900000Z  46.768  38.439  20.686   1.900  174  174  113    0    0   42   0.075   0.668   0.548
2012-08-17T03:34:20.180000Z  46.701  38.451  18.837   2.900  150  150   94    0    0   40   0.102   0.776   0.785
2012-08-17T04:48:15.530000Z  46.698  38.427  13.329   3.800  180  180   89    0    0   42   0.119   0.676   0.666
2012-08-17T04:52:29.340000Z  46.780  38.428  20.612   3.000  160  160   92    0    0   43   0.101   0.675   0.567
2012-08-17T05:28:37.640000Z  46.857  38.379   7.189   2.100  185  185   98    0    0   47   0.107   0.763   0.609
2012-08-17T05:35:06.580000Z  46.794  38.400  14.165   1.600  132  132   66    0    0   45   0.060   0.651   0.484
2012-08-17T08:09:51.100000Z  46.880  38.419   8.792   3.500  112  112   73    0    0   44   0.161   0.684   0.623
2012-08-17T08:19:47.870000Z  46.811  38.454  20.010   1.700  190  190  109    0    0   41   0.078   0.673   0.482
2012-08-17T09:17:59.840000Z  46.661  38.419  20.479   3.800  189  189  110    0    0   41   0.057   0.702   0.724
2012-08-17T10:36:48.330000Z  46.682  38.452  19.904   1.600  177  177   79    0    0   40   0.069   0.744   0.749
2012-08-17T11:19:11.800000Z  46.707  38.448  20.372   2.000  179  179   96    0    0   40   0.088   0.722   0.763
2012-08-17T12:09:50.380000Z  46.658  38.455  18.246   3.100  150  150   94    0    0   39   0.064   0.709   0.662
2012-08-17T13:04:44.010000Z  46.871  38.429  23.385   1.500  192  192  105    0    0   44   0.134   0.650   0.561
2012-08-17T13:24:24.230000Z  46.582  38.467   5.238   2.000  139  139   75    0    0   35   0.088   0.927   0.905
2012-08-17T14:34:36.610000Z  46.635  38.434  17.624   2.000  146  146  104    0    0   39   0.058   0.682   0.575
2012-08-17T14:37:38.450000Z  46.641  38.437  18.387   2.200  158  158   85    0    0   39   0.061   0.665   0.559
2012-08-17T15:04:09.110000Z  46.774  38.427   9.357   1.400  118  118   60    0    0   43   0.099   0.678   0.561
2012-08-17T16:13:14.860000Z  46.774  38.455   4.112   1.500  174  174   88    0    0   41   0.089   0.747   0.932
2012-08-17T16:58:47.540000Z  46.637  38.381  16.274   1.600  183  183   95    0    0   44   0.075   0.750   0.572
2012-08-17T17:57:46.900000Z  46.913  38.370   3.771   1.500  140  140   79    0    0   45   0.100   0.909   1.108
2012-08-17T18:49:55.640000Z  46.998  38.392   4.812   2.600   86   86   46    0    0   54   0.101   0.750   0.879
2012-08-17T19:34:08.440000Z  46.628  38.481  19.755   3.100  113  113   81    0    0   36   0.101   0.829   0.746
2012-08-17T20:04:59.840000Z  46.659  38.453  20.607   1.800  136  136   78    0    0   39   0.085   0.760   0.807
2012-08-17T20:15:33.660000Z  46.688  38.440  20.205   3.400  140  140   99    0    0   41   0.076   0.759   0.789
2012-08-17T21:36:15.600000Z  46.716  38.409  20.225   1.100  130  130   78    0    0   44   0.077   0.704   0.691
2012-08-17T23:14:09.100000Z  46.690  38.450  16.151   3.000  179  179   89    0    0   40   0.072   0.699   0.577
2012-08-18T01:48:25.030000Z  46.704  38.436  26.555   3.000  122  122   78    0    0   41   0.083   0.876   0.818
2012-08-18T02:06:28.580000Z  46.754  38.387  20.328   2.300  129  129   64    0    0   46   0.093   0.679   0.570
2012-08-18T02:21:31.700000Z  46.698  38.399   8.245   1.700  131  131   65    0    0   44   0.107   0.681   0.707
2012-08-18T03:26:47.010000Z  46.860  38.446  21.254   2.700  190  190   91    0    0   46   0.097   0.650   0.540
2012-08-18T04:44:40.350000Z  46.781  38.382  18.401   2.300  147  147   70    0    0   47   0.066   0.648   0.484
2012-08-18T05:38:00.930000Z  46.915  38.548  10.848   2.300   24   24    8    0    0   36   0.144   1.589   1.901
2012-08-18T06:02:57.860000Z  46.930  38.447  13.524   1.900  140  140   70    0    0   51   0.131   0.789   0.703
2012-08-18T08:46:28.120000Z  46.651  38.469  17.887   2.100  149  149   74    0    0   38   0.091   0.727   0.577
2012-08-18T08:59:07.840000Z  46.729  38.423  15.441   2.400  148  148   75    0    0   43   0.074   0.714   0.655
2012-08-18T11:21:28.710000Z  46.654  38.433  20.308   2.900  147  147   77    0    0   40   0.091   0.730   0.781
2012-08-18T14:33:47.150000Z  46.853  38.450  20.378   1.700  138  138   64    0    0   46   0.087   0.653   0.528
2012-08-18T15:56:05.780000Z  46.872  38.420   6.600   3.300  175  175   89    0    0   44   0.155   0.690   0.561
2012-08-18T18:15:49.240000Z  46.951  38.468   3.332   1.900  119  119   78    0    0   52   0.141   1.196   1.535
2012-08-18T19:10:11.600000Z  46.644  38.446  15.698   1.700  195  195  101    0    0   39   0.093   0.671   0.580
2012-08-18T19:30:33.780000Z  46.848  38.467  10.180   1.900  157  157   87    0    0   48   0.102   0.680   0.653
2012-08-18T19:39:46.720000Z  46.658  38.411   4.449   1.600  166  166   73    0    0   42   0.064   0.830   0.868
2012-08-18T20:31:53.820000Z  46.766  38.562  15.306   2.400   75   75   44    0    0   34   0.107   1.282   1.173
2012-08-18T20:41:51.480000Z  46.725  38.442  12.122   2.100  163  163   83    0    0   41   0.084   0.669   0.595
2012-08-18T21:08:39.380000Z  46.652  38.415  20.131   3.100  175  175  100    0    0   41   0.105   0.689   0.720
2012-08-18T21:09:40.480000Z  46.630  38.460  11.699   3.200  136  136   73    0    0   38   0.092   0.672   0.590
2012-08-18T21:20:44.120000Z  46.791  38.444  18.532   1.900  130  130   81    0    0   42   0.065   0.683   0.484
2012-08-18T21:29:15.440000Z  46.665  38.438  16.359   2.500  180  180  113    0    0   40   0.069   0.702   0.601
2012-08-18T21:41:10.480000Z  46.665  38.425  12.749   1.600  124  124   85    0    0   41   0.134   0.669   0.653
2012-08-18T22:11:10.040000Z  46.644  38.414  15.760   1.800  166  166   91    0    0   41   0.063   0.700   0.623
2012-08-18T22:52:25.240000Z  46.711  38.436  17.646   1.400  178  178   94    0    0   41   0.103   0.682   0.601
2012-08-18T23:14:43.760000Z  46.841  38.428  14.853   1.200  122  122   68    0    0   43   0.082   0.661   0.548
2012-08-18T23:47:23.080000Z  46.698  38.454  17.439   1.700  158  158   90    0    0   40   0.111   0.699   0.583
2012-08-18T23:54:42.400000Z  46.824  38.432  15.869   2.000  136  136   82    0    0   43   0.074   0.649   0.473
2012-08-19T00:04:53.670000Z  46.644  38.450  16.625   1.500  149  149   98    0    0   39   0.061   0.680   0.579
2012-08-19T00:37:06.700000Z  46.709  38.438  20.323   3.100  140  140   83    0    0   41   0.088   0.724   0.768
2012-08-19T00:55:16.890000Z  46.707  38.501  20.822   1.800  136  136   63    0    0   37   0.126   0.944   0.987
2012-08-19T01:12:37.780000Z  46.693  38.456  16.259   2.000  168  168   93    0    0   39   0.078   0.692   0.550
2012-08-19T01:29:34.340000Z  46.639  38.449  16.700   2.100  233  233  143    0    0   39   0.060   0.672   0.568
2012-08-19T01:58:30.350000Z  46.635  38.377  20.284   4.300   87   87   75    0    0   44   0.060   0.695   0.641
2012-08-19T02:23:11.940000Z  46.644  38.428  16.717   2.200  223  223  120    0    0   40   0.063   0.697   0.591
2012-08-19T02:26:30.040000Z  46.654  38.416  16.390   1.700  216  216  115    0    0   41   0.082   0.693   0.573
2012-08-19T03:29:48.300000Z  46.633  38.418  14.880   1.800  160  160   98    0    0   41   0.054   0.693   0.629
2012-08-19T03:47:58.790000Z  46.842  38.486  15.986   1.900  136  136   77    0    0   46   0.117   0.776   0.609
2012-08-19T04:39:27.660000Z  46.795  38.438  23.609   2.000  140  140   84    0    0   42   0.086   0.672   0.606
2012-08-19T05:10:15.480000Z  46.797  38.466  19.977   2.700  172  172   87    0    0   41   0.084   0.680   0.524
2012-08-19T08:18:27.600000Z  46.631  38.439   3.492   2.400  169  169   97    0    0   39   0.089   0.803   0.719
2012-08-19T08:25:19.850000Z  46.653  38.433   3.907   2.000  202  202   85    0    0   40   0.122   0.777   0.709
2012-08-19T10:51:59.460000Z  46.818  38.430   3.855   2.500  150  150   83    0    0   43   0.075   0.863   1.301
2012-08-19T13:41:50.800000Z  46.672  38.459  21.184   2.000  176  176   81    0    0   39   0.132   0.794   0.808
2012-08-19T14:40:59.350000Z  46.781  38.447  16.980   2.100  144  144   74    0    0   42   0.068   0.656   0.477
2012-08-19T15:32:29.050000Z  46.823  38.352  15.375   2.200  146  146   69    0    0   49   0.147   0.656   0.497
2012-08-19T22:30:29.180000Z  46.653  38.447  15.246   1.500  159  159   79    0    0   39   0.066   0.700   0.626
2012-08-19T23:27:02.140000Z  46.638  38.431  15.765   1.700  171  171   92    0    0   40   0.053   0.719   0.714
2012-08-20T01:04:22.350000Z  46.675  38.482   7.296   2.000  122  122   64    0    0   37   0.080   0.794   0.789
2012-08-20T01:24:12.820000Z  46.702  38.427   3.659   1.500  158  158   83    0    0   42   0.138   0.800   0.700
2012-08-20T01:45:10.420000Z  46.678  38.448   4.106   1.300  208  208   91    0    0   40   0.085   0.800   0.975
2012-08-20T02:04:58.480000Z  46.686  38.398  16.207   1.900  146  146   64    0    0   44   0.086   0.722   0.554
2012-08-20T04:09:59.340000Z  46.679  38.433  20.204   2.700  169  169   81    0    0   41   0.065   0.741   0.820
2012-08-20T06:06:14.320000Z  46.667  38.437  20.328   2.100  156  156   80    0    0   40   0.099   0.709   0.799
2012-08-20T06:59:31.480000Z  46.793  38.385  13.931   1.700  123  123   63    0    0   47   0.081   0.654   0.493
2012-08-20T10:06:32.360000Z  46.855  38.446   8.295   2.000  132  132   64    0    0   45   0.130   0.676   0.650
2012-08-20T12:21:03.230000Z  46.735  38.454  24.160   1.800  196  196   97    0    0   40   0.125   0.719   0.697
2012-08-20T14:53:29.270000Z  46.659  38.444  19.616   1.800  205  205  112    0    0   40   0.075   0.741   0.698
2012-08-20T16:54:51.830000Z  46.677  38.434  20.177   3.000  137  137   73    0    0   41   0.090   0.759   0.799
2012-08-20T20:32:50.120000Z  46.809  38.443  19.067   2.100  153  153   77    0    0   42   0.082   0.672   0.458
2012-08-20T21:17:39.960000Z  46.637  38.430   8.900   1.900  134  134   71    0    0   40   0.071   0.661   0.670
2012-08-20T21:24:17.400000Z  46.869  38.444  20.874   3.000  173  173  102    0    0   47   0.091   0.652   0.548
2012-08-20T21:37:38.680000Z  46.676  38.434   4.428   2.800  172  172   90    0    0   41   0.073   0.758   0.581
2012-08-20T22:20:12.400000Z  46.658  38.432   4.158   1.500  232  232  120    0    0   40   0.126   0.837   1.012
2012-08-21T03:31:54.600000Z  46.676  38.445  18.099   2.400  131  131   76    0    0   40   0.078   0.710   0.589
2012-08-21T05:23:58.860000Z  46.749  38.452   4.435   2.000  163  163  101    0    0   41   0.079   0.731   0.946
2012-08-21T08:38:50.280000Z  46.580  38.396  15.082   2.600  126  126   65    0    0   40   0.086   0.878   0.783
2012-08-21T09:15:11.880000Z  46.765  38.478   5.065   1.700  141  141   91    0    0   39   0.141   0.790   1.093
2012-08-21T10:24:46.480000Z  46.710  38.442   9.142   1.800  136  136   78    0    0   41   0.090   0.662   0.555
2012-08-21T17:43:01.860000Z  46.704  38.413  20.627   3.200  125  125   60    0    0   43   0.073   0.730   0.702
2012-08-22T04:24:53.550000Z  46.689  38.421   8.109   2.300  119  119   71    0    0   42   0.135   0.717   0.665
2012-08-22T09:50:22.500000Z  46.655  38.440  20.337   3.400  167  167   88    0    0   40   0.081   0.719   0.773
2012-08-22T10:08:09.230000Z  46.845  38.459  28.143   2.000  138  138   72    0    0   46   0.097   0.700   0.563
2012-08-22T11:33:50.350000Z  46.638  38.453   9.859   2.800  140  140   73    0    0   38   0.083   0.667   0.642
2012-08-22T14:45:02.250000Z  46.644  38.428  15.895   1.800  139  139   75    0    0   40   0.084   0.679   0.597
2012-08-22T15:37:57.330000Z  46.840  38.443  20.189   2.500  199  199  125    0    0   43   0.087   0.655   0.547
2012-08-22T15:55:46.520000Z  46.795  38.444  18.763   1.400  173  173   95    0    0   42   0.071   0.678   0.480
2012-08-22T16:29:10.360000Z  46.866  38.440  22.849   1.700  189  189   96    0    0   46   0.111   0.654   0.562
2012-08-22T18:32:35.120000Z  46.634  38.418  15.397   2.100  153  153   80    0    0   41   0.055   0.720   0.683
2012-08-22T21:40:45.120000Z  46.712  38.439   9.602   1.600  128  128   57    0    0   41   0.084   0.665   0.584
2012-08-23T00:10:39.090000Z  46.723  38.428  20.591   2.400  171  171   93    0    0   42   0.087   0.694   0.744
2012-08-23T00:16:44.290000Z  46.721  38.440   9.156   1.500  186  186  109    0    0   41   0.087   0.661   0.583
2012-08-23T00:56:25.610000Z  46.722  38.451   7.861   1.800  173  173  101    0    0   40   0.107   0.652   0.576
2012-08-23T02:37:14.980000Z  46.657  38.460  20.067   2.200  155  155   85    0    0   38   0.067   0.783   0.766
2012-08-23T04:06:36.740000Z  46.639  38.438  17.868   2.200  153  153   85    0    0   39   0.062   0.689   0.578
2012-08-23T08:23:42.030000Z  46.608  38.444   3.938   2.800  187  187   98    0    0   38   0.083   0.940   0.982
2012-08-23T12:14:46.260000Z  46.632  38.445   4.213   2.700  209  209  107    0    0   39   0.082   0.800   0.783
2012-08-23T12:31:56.890000Z  46.727  38.440   4.367   2.000  142  142   70    0    0   41   0.148   0.839   1.036
2012-08-23T14:52:19.040000Z  46.639  38.439  17.869   2.100  146  146   82    0    0   39   0.064   0.679   0.571
2012-08-23T16:37:19.010000Z  46.795  38.465   9.334   2.800  146  146   80    0    0   41   0.092   0.735   0.755
2012-08-23T17:18:11.800000Z  46.635  38.401  16.971   1.900  165  165   87    0    0   42   0.113   0.757   0.543
2012-08-23T20:31:29.200000Z  46.713  38.440  17.338   3.000  139  139   75    0    0   41   0.081   0.685   0.698
2012-08-23T22:56:32.640000Z  46.643  38.455  19.786   1.700  149  149   78    0    0   38   0.106   0.832   0.807
2012-08-24T05:14:47.270000Z  46.626  38.421   5.179   1.800  183  183  106    0    0   40   0.115   0.821   0.727
2012-08-24T07:38:39.060000Z  47.005  38.496   9.621   3.200   89   89   39    0    0   42   0.115   1.477   1.827
2012-08-24T09:49:29.390000Z  46.826  38.497  19.974   2.300  185  185   87    0    0   42   0.106   0.705   0.530
2012-08-24T10:44:03.290000Z  46.893  38.437  21.846   1.500  157  157   81    0    0   50   0.085   0.662   0.569
2012-08-24T11:11:20.580000Z  46.798  38.381   7.418   1.600  208  208   99    0    0   47   0.114   0.660   0.586
2012-08-24T12:02:54.790000Z  46.668  38.455  15.403   2.000  171  171   84    0    0   39   0.078   0.676   0.564
2012-08-24T12:14:53.310000Z  46.718  38.450  19.685   1.500  143  143   83    0    0   40   0.076   0.748   0.699
2012-08-24T15:50:11.820000Z  46.681  38.413   5.027   1.500  141  141   70    0    0   42   0.109   0.807   0.777
2012-08-24T16:08:29.950000Z  46.726  38.397  18.584   1.200  113  113   52    0    0   45   0.100   0.683   0.529
2012-08-24T16:37:37.800000Z  47.003  38.539   3.321   2.100   27   27   12    0    0   54   0.141   1.772   1.375
2012-08-24T21:42:06.940000Z  46.660  38.431  10.159   1.700  170  170   86    0    0   40   0.134   0.677   0.702
2012-08-24T21:44:06.560000Z  46.738  38.428  20.804   1.700  181  181  102    0    0   42   0.094   0.700   0.710
2012-08-24T22:43:35.920000Z  46.705  38.460  24.124   1.100  191  191   98    0    0   39   0.078   0.845   0.789
2012-08-24T23:20:32.560000Z  46.797  38.544   4.193   1.100   92   92   61    0    0   36   0.130   1.048   1.028
2012-08-24T23:57:19.920000Z  46.612  38.443  15.777   1.100  145  145   81    0    0   38   0.067   0.705   0.641
2012-08-25T00:09:04.110000Z  46.702  38.451   3.154   1.600  136  136   69    0    0   40   0.120   0.768   0.865
2012-08-25T00:58:55.090000Z  46.787  38.433  16.306   1.200  160  160   78    0    0   43   0.080   0.731   0.622
2012-08-25T02:55:50.020000Z  46.643  38.451  20.098   2.000  154  154   72    0    0   39   0.097   0.933   0.999
2012-08-25T06:09:45.870000Z  46.688  38.427  19.477   3.000  139  139   61    0    0   41   0.119   0.777   0.729
2012-08-25T07:33:34.110000Z  46.571  38.435   2.935   2.100  120  120   68    0    0   37   0.098   0.857   0.833
2012-08-25T07:46:20.760000Z  46.870  38.442  15.780   3.300  152  152   75    0    0   47   0.091   0.675   0.562
2012-08-25T14:59:32.100000Z  46.924  38.393   8.776   2.300  140  140   67    0    0   45   0.163   0.868   0.979
2012-08-25T17:14:24.420000Z  46.647  38.446   4.685   1.600  201  201  101    0    0   39   0.087   0.817   0.695
2012-08-25T19:59:27.960000Z  46.927  38.442  12.245   1.800  162  162   78    0    0   51   0.090   0.742   0.662
2012-08-25T20:03:41.360000Z  46.638  38.416  20.213   2.600  185  185  100    0    0   41   0.059   0.696   0.643
2012-08-26T01:28:36.980000Z  46.657  38.447  19.613   2.600  217  217  132    0    0   39   0.081   0.699   0.657
2012-08-26T04:01:33.270000Z  46.644  38.407  20.080   2.300  201  201  110    0    0   42   0.057   0.677   0.614
2012-08-26T05:22:11.620000Z  46.710  38.445  18.999   2.800  152  152   75    0    0   41   0.075   0.744   0.748
2012-08-26T09:36:52.980000Z  46.644  38.445  16.370   3.900  167  167  120    0    0   39   0.061   0.679   0.580
2012-08-26T09:43:21.940000Z  46.645  38.453  17.942   3.900  191  191  135    0    0   38   0.076   0.667   0.539
2012-08-26T11:15:27.840000Z  46.678  38.432  19.426   2.300  157  157   85    0    0   41   0.068   0.741   0.690
2012-08-26T12:50:54.980000Z  46.703  38.392  13.163   1.900  176  176   78    0    0   45   0.109   0.667   0.667
2012-08-26T12:52:35.010000Z  46.631  38.434   6.025   1.800  155  155   87    0    0   39   0.102   0.770   0.642
2012-08-26T13:05:19.430000Z  46.632  38.436  12.176   2.100  120  120   64    0    0   39   0.084   0.682   0.611
2012-08-26T13:08:35.660000Z  46.658  38.440  15.972   3.800  193  193  106    0    0   40   0.062   0.676   0.580
2012-08-26T13:44:30.710000Z  46.742  38.394   7.518   1.500  120  120   68    0    0   45   0.114   0.670   0.616
2012-08-26T14:26:49.780000Z  46.705  38.349  12.370   1.800  137  137   58    0    0   49   0.110   0.674   0.755
2012-08-26T14:51:02.700000Z  46.840  38.447  18.512   1.700  174  174  104    0    0   43   0.088   0.650   0.447
2012-08-26T18:15:31.920000Z  46.866  38.426  13.774   3.400  181  181   82    0    0   43   0.105   0.668   0.564
2012-08-26T19:22:09.280000Z  46.635  38.435   3.618   1.300  187  187   99    0    0   39   0.077   0.776   0.627
2012-08-26T20:12:37.380000Z  46.664  38.432  16.119   1.300  165  165   86    0    0   41   0.094   0.692   0.582
2012-08-26T20:57:08.220000Z  46.708  38.463   3.724   1.700  140  140   80    0    0   39   0.084   0.790   0.641
2012-08-26T22:48:14.080000Z  46.669  38.483  15.038   2.800  129  129   61    0    0   37   0.125   0.720   0.569
2012-08-27T02:46:27.590000Z  46.647  38.418  20.373   1.700  194  194  112    0    0   41   0.071   0.701   0.704
2012-08-27T05:08:06.850000Z  46.582  38.446   3.624   1.900  133  133   75    0    0   37   0.093   0.955   0.795
2012-08-27T06:30:55.900000Z  46.697  38.407   4.037   2.100  165  165   87    0    0   43   0.124   0.892   0.958
2012-08-27T11:01:13.060000Z  46.693  38.402  20.397   2.500  159  159   76    0    0   44   0.099   0.698   0.671
2012-08-27T13:46:34.360000Z  46.701  38.371  19.497   1.700  127  127   65    0    0   47   0.099   0.702   0.607
2012-08-27T15:10:34.590000Z  46.841  38.402  17.358   1.600  146  146   74    0    0   45   0.115   0.649   0.475
2012-08-27T16:52:13.710000Z  46.863  38.432  20.789   2.200  216  216   96    0    0   44   0.086   0.645   0.544
2012-08-27T17:55:08.680000Z  46.808  38.391  18.995   2.000  170  170   84    0    0   46   0.074   0.655   0.438
2012-08-27T21:03:26.800000Z  46.675  38.399  14.158   1.900  230  230  105    0    0   43   0.091   0.692   0.656
2012-08-27T22:48:15.500000Z  46.739  38.341   9.067   1.300  121  121   59    0    0   50   0.150   0.661   0.754
2012-08-27T23:56:30.680000Z  46.884  38.438   9.053   3.400  169  169   94    0    0   49   0.126   0.684   0.691
2012-08-28T00:28:01.140000Z  46.695  38.390   3.428   1.500  141  141   74    0    0   45   0.116   0.878   0.714
2012-08-28T01:55:35.700000Z  46.701  38.406  12.670   2.000  145  145   63    0    0   44   0.075   0.672   0.655
2012-08-28T02:21:14.190000Z  46.590  38.435  20.227   2.500  146  146   68    0    0   38   0.114   0.817   0.959
2012-08-28T03:33:22.680000Z  46.666  38.392  15.630   1.800  195  195   98    0    0   44   0.115   0.697   0.601
2012-08-28T03:41:07.530000Z  46.777  38.407  23.587   2.100  145  145   64    0    0   45   0.094   0.681   0.580
2012-08-28T03:54:50.910000Z  46.630  38.429  19.590   1.400  229  229  117    0    0   40   0.068   0.744   0.696
2012-08-28T04:13:21.600000Z  46.788  38.382  13.909   1.400  177  177   90    0    0   47   0.124   0.659   0.503
2012-08-28T04:38:46.450000Z  46.780  38.400  20.237   2.400  150  150   64    0    0   45   0.098   0.668   0.552
2012-08-28T05:11:25.120000Z  46.739  38.444  24.346   1.700  200  200   93    0    0   41   0.098   0.774   0.731
2012-08-28T05:35:42.620000Z  46.656  38.386  20.763   1.300  144  144   74    0    0   44   0.078   0.690   0.628
2012-08-28T12:25:58.330000Z  46.595  38.429   3.223   1.900  146  146   71    0    0   38   0.073   0.846   0.695
2012-08-28T14:34:06.430000Z  46.722  38.399  12.661   1.700  160  160   87    0    0   45   0.090   0.678   0.683
2012-08-28T17:46:31.100000Z  46.741  38.440  20.162   3.300  169  169  106    0    0   42   0.073   0.783   0.804
2012-08-28T17:58:51.640000Z  46.640  38.414  20.156   3.600  131  131   85    0    0   41   0.059   0.697   0.720
2012-08-28T18:21:13.580000Z  46.662  38.402  17.418   1.900  200  200  100    0    0   43   0.062   0.752   0.502
2012-08-28T19:01:46.240000Z  46.665  38.429  14.974   1.200  156  156   84    0    0   41   0.060   0.699   0.638
2012-08-28T20:32:12.000000Z  46.654  38.413   5.687   1.900  178  178   76    0    0   42   0.105   0.814   0.802
2012-08-29T00:27:04.830000Z  46.601  38.427  19.973   2.400  163  163   85    0    0   39   0.125   0.837   0.845
2012-08-29T01:01:26.060000Z  46.847  38.448  31.408   1.600  115  115   67    0    0   44   0.124   0.764   0.584
2012-08-29T08:56:38.510000Z  46.683  38.505   4.956   2.600  129  129   69    0    0   36   0.091   0.864   0.899
2012-08-29T10:43:12.770000Z  46.663  38.407  18.195   2.200  130  130   58    0    0   42   0.123   0.728   0.709
2012-08-29T11:46:27.240000Z  46.637  38.423  19.424   3.900  163  163  103    0    0   40   0.063   0.697   0.577
2012-08-29T12:10:30.730000Z  46.701  38.429  21.602   2.400  150  150   83    0    0   42   0.104   0.777   0.832
2012-08-29T13:32:44.050000Z  46.847  38.411  24.080   1.800  176  176   88    0    0   45   0.089   0.663   0.565
2012-08-29T13:46:42.150000Z  46.783  38.368  15.644   2.100  176  176   80    0    0   48   0.100   0.662   0.501
2012-08-29T18:30:50.020000Z  46.651  38.395  19.727   1.800  141  141   78    0    0   43   0.070   0.724   0.538
2012-08-30T03:42:46.180000Z  46.638  38.454  18.800   2.400  117  117   78    0    0   38   0.049   0.700   0.618
2012-08-30T06:25:50.220000Z  46.705  38.441  11.535   2.700  180  180   97    0    0   41   0.119   0.672   0.601
2012-08-30T06:30:42.620000Z  46.865  38.452  14.973   2.600  169  169   80    0    0   48   0.088   0.685   0.578
2012-08-30T06:45:56.150000Z  46.690  38.428   7.634   1.900  158  158   81    0    0   41   0.093   0.655   0.637
2012-08-30T10:16:09.850000Z  46.886  38.443  14.410   2.800  150  150   81    0    0   50   0.092   0.677   0.563
2012-08-30T11:33:16.550000Z  46.674  38.450  19.770   2.300  141  141   72    0    0   39   0.060   0.762   0.697
2012-08-30T21:03:18.120000Z  46.567  38.498   8.863   2.700   74   74   54    0    0   35   0.110   1.185   1.131
2012-08-30T21:43:49.000000Z  46.566  38.435  18.900   1.800  141  141   77    0    0   37   0.110   0.793   0.756
2012-08-31T02:58:32.930000Z  46.933  38.499  11.388   2.100  125  125   65    0    0   43   0.102   1.233   1.376
2012-08-31T04:00:58.940000Z  46.611  38.448  19.921   2.500  178  178   99    0    0   38   0.083   0.728   0.648
2012-08-31T09:08:19.330000Z  46.709  38.511  17.825   2.200  128  128   59    0    0   36   0.104   0.907   0.894
2012-08-31T11:14:26.100000Z  46.722  38.388   9.028   2.100  122  122   53    0    0   45   0.147   0.680   0.643
2012-08-31T11:31:18.350000Z  46.664  38.384  12.503   2.100  173  173   80    0    0   44   0.136   0.696   0.698
2012-08-31T20:16:00.400000Z  46.767  38.376   4.221   1.900  126  126   61    0    0   47   0.134   0.782   0.956
2012-08-31T21:14:55.180000Z  46.652  38.433   9.525   1.400  117  117   63    0    0   40   0.087   0.677   0.654
2012-08-31T22:41:14.100000Z  46.696  38.398  26.040   1.400  128  128   63    0    0   44   0.073   0.869   0.863
2012-08-31T22:52:20.660000Z  46.722  38.391  24.670   2.400  174  174   88    0    0   45   0.109   0.786   0.748
2012-09-01T00:58:21.350000Z  46.782  38.364   5.605   1.400  167  167   91    0    0   48   0.097   0.674   0.645
2012-09-01T01:44:28.990000Z  46.651  38.393   4.899   1.500  134  134   69    0    0   43   0.081   0.815   0.922
2012-09-01T02:01:47.230000Z  46.683  38.361   9.950   1.400  121  121   63    0    0   47   0.140   0.686   0.786
2012-09-01T05:04:03.680000Z  46.775  38.399  19.566   3.500  148  148   87    0    0   45   0.070   0.659   0.470
2012-09-01T06:20:20.570000Z  46.756  38.446  18.783   3.000  134  134   81    0    0   41   0.077   0.686   0.574
2012-09-01T06:22:17.260000Z  46.638  38.442  12.422   2.400  162  162   77    0    0   39   0.090   0.679   0.619
2012-09-01T06:36:36.470000Z  46.612  38.454  16.184   2.600  140  140   80    0    0   37   0.065   0.701   0.583
2012-09-01T07:12:11.780000Z  46.714  38.368  14.323   2.200  131  131   64    0    0   47   0.097   0.681   0.702
2012-09-01T13:21:57.440000Z  46.707  38.397  19.707   2.300  174  174   81    0    0   44   0.073   0.702   0.624
2012-09-01T14:26:05.080000Z  46.931  38.478  21.721   1.900  121  121   60    0    0   52   0.086   0.757   0.753
2012-09-01T16:38:46.950000Z  46.935  38.321  10.090   1.600   85   85   49    0    0   46   0.111   0.722   0.708
2012-09-01T17:48:09.880000Z  46.863  38.383  14.416   1.700  160  160   74    0    0   46   0.088   0.644   0.496
2012-09-01T17:51:48.060000Z  46.715  38.377  17.092   1.700  140  140   67    0    0   46   0.076   0.669   0.545
2012-09-01T19:26:16.520000Z  46.636  38.367   4.282   1.600  191  191   80    0    0   45   0.087   0.816   0.837
2012-09-01T19:37:58.220000Z  46.777  38.381  18.905   1.700  139  139   67    0    0   47   0.110   0.666   0.476
2012-09-01T19:51:35.220000Z  46.785  38.374  18.961   2.000  161  161   80    0    0   47   0.079   0.657   0.480
2012-09-01T20:59:34.020000Z  46.793  38.382  17.826   2.800  171  171   97    0    0   47   0.086   0.660   0.488
2012-09-01T21:16:10.880000Z  46.813  38.390  20.361   1.100  104  104   69    0    0   46   0.082   0.660   0.517
2012-09-01T22:17:44.480000Z  46.729  38.416  18.106   2.300  148  148   70    0    0   43   0.076   0.682   0.662
2012-09-02T01:33:44.690000Z  46.929  38.313  10.672   1.600   70   70   41    0    0   46   0.113   0.712   0.693
2012-09-02T02:53:47.350000Z  46.851  38.395  18.532   3.400  151  151   82    0    0   46   0.088   0.650   0.463
2012-09-02T04:11:25.940000Z  46.776  38.425  20.385   2.900  162  162   75    0    0   43   0.100   0.684   0.557
2012-09-02T08:50:11.380000Z  46.786  38.431  16.995   4.200  108  108   64    0    0   43   0.077   0.676   0.500
2012-09-02T09:03:16.650000Z  46.788  38.403  18.294   3.400  126  126   71    0    0   45   0.073   0.667   0.505
2012-09-02T09:24:34.650000Z  46.715  38.450  29.443   2.700  141  141   69    0    0   40   0.069   0.931   0.885
2012-09-02T11:11:50.710000Z  46.644  38.384  20.351   3.100  130  130   74    0    0   44   0.059   0.690   0.617
2012-09-02T13:44:03.480000Z  46.689  38.389  18.174   3.000  115  115   59    0    0   45   0.082   0.690   0.637
2012-09-02T14:22:20.680000Z  46.761  38.401  20.634   2.000  138  138   81    0    0   45   0.135   0.686   0.581
2012-09-02T15:36:24.230000Z  46.772  38.367   9.477   1.900  199  199  102    0    0   48   0.097   0.643   0.599
2012-09-02T21:26:29.440000Z  46.714  38.437  24.119   1.800  162  162   89    0    0   41   0.092   0.774   0.737
2012-09-02T23:16:42.300000Z  46.712  38.220   6.185   2.400   11   11    8    0    0   62   0.125  33.666  36.473
2012-09-03T04:43:10.070000Z  46.640  38.440  16.526   2.900  209  209  106    0    0   39   0.062   0.690   0.590
2012-09-03T05:58:14.760000Z  46.714  38.393  23.675   2.500  188  188  105    0    0   45   0.103   0.738   0.653
2012-09-03T13:59:30.010000Z  46.838  38.367  16.560   2.200  114  114   46    0    0   48   0.129   0.644   0.474
2012-09-03T14:19:24.800000Z  46.805  38.341   8.798   1.900  191  191   88    0    0   50   0.124   0.689   0.635
2012-09-03T16:21:10.770000Z  46.700  38.392  20.408   2.100  138  138   80    0    0   45   0.072   0.708   0.701
2012-09-03T16:29:58.800000Z  46.858  38.384  21.194   1.800  190  190   90    0    0   46   0.077   0.652   0.532
2012-09-03T17:17:11.400000Z  46.860  38.409  21.122   2.200  207  207   92    0    0   45   0.062   0.646   0.548
2012-09-03T17:17:34.320000Z  46.854  38.420  19.838   2.200  201  201  124    0    0   44   0.094   0.650   0.460
2012-09-03T20:11:43.640000Z  46.842  38.336   3.156   1.900  126  126   70    0    0   49   0.093   0.789   0.818
2012-09-03T22:23:46.120000Z  46.635  38.378  16.267   1.500  189  189   76    0    0   44   0.073   0.753   0.565
2012-09-03T23:30:50.480000Z  46.782  38.394   9.595   1.200  166  166   77    0    0   46   0.121   0.657   0.577
2012-09-03T23:59:57.240000Z  46.792  38.362   3.433   1.200  123  123   69    0    0   49   0.092   0.742   0.885
2012-09-04T00:21:16.080000Z  46.776  38.395  24.862   1.500  169  169   92    0    0   46   0.093   0.718   0.608
2012-09-04T00:42:55.760000Z  46.781  38.542  16.462   1.000  127  127   67    0    0   36   0.116   0.932   0.851
2012-09-04T00:50:38.340000Z  46.785  38.377  18.941   2.200  188  188   98    0    0   47   0.084   0.657   0.463
2012-09-04T02:08:30.930000Z  46.636  38.402  18.730   1.300  147  147   88    0    0   42   0.070   0.721   0.474
2012-09-04T02:09:03.730000Z  46.658  38.401  19.886   1.400  173  173   79    0    0   43   0.090   0.682   0.545
2012-09-04T03:13:48.430000Z  46.697  38.401  20.210   2.900  139  139   84    0    0   44   0.066   0.736   0.749
2012-09-04T04:20:28.590000Z  46.687  38.393  19.891   2.800  148  148   84    0    0   44   0.073   0.693   0.614
2012-09-04T05:43:56.980000Z  46.722  38.403  19.912   2.600  159  159   81    0    0   44   0.070   0.720   0.576
2012-09-04T08:16:12.490000Z  46.778  38.393  19.063   2.500  131  131   75    0    0   46   0.101   0.667   0.473
2012-09-04T13:55:56.840000Z  46.703  38.333   3.932   2.200  117  117   60    0    0   50   0.112   0.956   0.943
2012-09-04T14:21:11.320000Z  46.712  38.384   4.481   1.800  161  161   87    0    0   46   0.134   0.877   0.952
2012-09-04T17:25:39.280000Z  46.813  38.377  20.263   2.300  143  143   77    0    0   47   0.083   0.646   0.522
2012-09-04T17:52:32.560000Z  46.798  38.371  16.150   1.200  137  137   71    0    0   48   0.111   0.656   0.455
2012-09-04T18:15:09.460000Z  46.718  38.437  29.496   1.200  133  133   73    0    0   41   0.089   0.938   0.870
2012-09-04T18:33:30.720000Z  46.799  38.385  18.270   1.300  177  177   76    0    0   47   0.054   0.655   0.497
2012-09-04T19:17:58.800000Z  46.812  38.402  18.058   1.400  158  158   82    0    0   45   0.132   0.647   0.478
2012-09-04T23:53:44.920000Z  46.781  38.330   4.049   1.000  140  140   64    0    0   52   0.086   0.744   0.809
2012-09-05T01:28:05.300000Z  46.790  38.441   9.664   1.500  138  138   70    0    0   42   0.131   0.676   0.572
2012-09-05T03:02:42.240000Z  46.655  38.428  17.436   2.600  141  141   81    0    0   41   0.062   0.672   0.552
2012-09-05T09:33:45.880000Z  46.718  38.397  15.908   3.900  125  125   60    0    0   45   0.095   0.660   0.585
2012-09-05T12:14:04.190000Z  46.666  38.446  14.382   2.900  142  142   65    0    0   40   0.143   0.673   0.591
2012-09-05T15:07:19.620000Z  46.780  38.399  19.619   1.700  138  138   65    0    0   45   0.071   0.661   0.449
2012-09-05T16:00:06.730000Z  46.685  38.378  19.904   2.200  135  135   75    0    0   45   0.071   0.686   0.596
2012-09-05T17:14:36.660000Z  46.852  38.376  15.963   2.000  135  135   67    0    0   47   0.122   0.650   0.522
2012-09-05T18:47:38.720000Z  46.634  38.402  20.033   2.400  133  133   76    0    0   42   0.064   0.685   0.494
2012-09-05T19:03:13.480000Z  46.805  38.432  19.767   2.200  163  163   85    0    0   43   0.105   0.667   0.466
2012-09-05T21:26:41.760000Z  46.799  38.377  18.764   1.600  199  199  113    0    0   47   0.066   0.655   0.495
2012-09-05T23:48:36.760000Z  46.862  38.420   5.078   2.000  131  131   74    0    0   44   0.104   0.784   0.710
2012-09-06T01:19:42.150000Z  46.770  38.425  20.880   2.300  163  163   86    0    0   43   0.073   0.661   0.553
2012-09-06T02:19:16.100000Z  46.836  38.384  19.147   2.400  188  188   94    0    0   47   0.070   0.658   0.450
2012-09-06T08:51:17.500000Z  46.656  38.380  19.865   2.000  121  121   72    0    0   44   0.059   0.690   0.496
2012-09-06T10:38:31.040000Z  46.811  38.397  14.923   2.200  146  146   64    0    0   46   0.129   0.646   0.484
2012-09-06T20:23:33.680000Z  46.646  38.409  20.093   2.100  158  158   80    0    0   42   0.066   0.709   0.639
2012-09-06T20:33:21.600000Z  46.867  38.389  20.596   2.100  186  186  109    0    0   46   0.067   0.651   0.533
2012-09-06T22:02:27.120000Z  46.854  38.360  18.621   1.800  113  113   64    0    0   47   0.086   0.644   0.457
2012-09-06T22:07:25.340000Z  46.688  38.381  19.716   1.500  176  176   97    0    0   45   0.069   0.676   0.588
2012-09-06T23:38:04.640000Z  46.701  38.404  19.887   1.300  149  149   94    0    0   44   0.086   0.694   0.582
2012-09-06T23:56:03.820000Z  46.769  38.375  15.415   1.200  150  150   70    0    0   47   0.092   0.661   0.493
2012-09-07T02:35:37.980000Z  47.064  38.447   4.571   1.400   32   32   19    0    0   57   0.110   0.801   0.745
2012-09-07T12:46:24.190000Z  46.722  38.379  19.985   3.100  164  164   85    0    0   46   0.066   0.710   0.603
2012-09-07T16:10:54.620000Z  46.791  38.440  20.894   2.600  174  174   95    0    0   42   0.102   0.671   0.548
2012-09-07T16:49:54.190000Z  46.663  38.401  16.891   1.700  195  195   84    0    0   43   0.066   0.762   0.486
2012-09-07T17:25:50.440000Z  46.812  38.388  18.191   2.000  184  184   83    0    0   46   0.098   0.646   0.463
2012-09-07T17:53:54.400000Z  46.719  38.378  17.995   1.600  184  184   94    0    0   46   0.067   0.677   0.603
2012-09-07T19:17:21.100000Z  46.792  38.450  19.629   2.500  161  161   86    0    0   41   0.074   0.673   0.524
2012-09-07T19:29:15.600000Z  46.708  38.393  19.181   2.500  168  168  102    0    0   45   0.104   0.696   0.593
2012-09-07T19:49:29.460000Z  46.808  38.347  11.160   1.400  156  156   77    0    0   50   0.140   0.671   0.645
2012-09-07T20:00:06.760000Z  46.803  38.385  15.344   1.700  134  134   70    0    0   47   0.099   0.652   0.474
2012-09-07T20:47:22.720000Z  46.810  38.378  14.751   1.400  174  174   82    0    0   47   0.092   0.646   0.489
2012-09-07T21:33:48.720000Z  46.658  38.377   3.462   1.700  187  187   86    0    0   45   0.156   0.860   1.061
2012-09-07T21:36:57.000000Z  46.894  38.382  18.968   2.100  137  137   70    0    0   45   0.080   0.659   0.469
2012-09-07T23:37:52.840000Z  46.851  38.368   2.908   1.300  133  133   71    0    0   47   0.107   0.783   0.831
2012-09-08T00:53:36.970000Z  46.740  38.456  21.248   2.200  171  171   79    0    0   40   0.108   0.712   0.757
2012-09-08T01:12:29.910000Z  46.770  38.377  15.309   1.400  143  143   69    0    0   47   0.134   0.659   0.493
2012-09-08T02:31:18.400000Z  46.865  38.415  23.959   1.300  188  188   61    0    0   44   0.082   0.660   0.565
2012-09-08T04:16:15.360000Z  46.666  38.389  15.820   2.300  147  147   83    0    0   44   0.069   0.751   0.572
2012-09-08T04:46:49.380000Z  46.649  38.362  20.219   1.600  114  114   62    0    0   46   0.076   0.688   0.610
2012-09-08T06:52:30.750000Z  46.704  38.388  16.636   3.200  131  131   72    0    0   45   0.079   0.665   0.567
2012-09-08T08:30:03.700000Z  46.776  38.392  13.850   2.500  140  140   67    0    0   46   0.118   0.657   0.497
2012-09-08T09:38:37.460000Z  46.799  38.323  10.714   2.000  118  118   59    0    0   51   0.107   0.712   0.794
2012-09-08T14:01:12.310000Z  46.647  38.374   4.620   1.900  229  229  109    0    0   45   0.106   0.798   0.865
2012-09-08T20:35:44.420000Z  46.854  38.378  13.818   3.600  135  135   72    0    0   47   0.101   0.648   0.519
2012-09-08T21:04:44.880000Z  46.784  38.371  13.342   1.600  260  260  103    0    0   48   0.095   0.657   0.487
2012-09-08T21:24:06.280000Z  46.695  38.455   4.465   2.000  165  165   63    0    0   40   0.120   0.782   0.724
2012-09-09T04:50:27.820000Z  46.715  38.386  14.923   1.600  150  150   73    0    0   45   0.113   0.665   0.622
2012-09-09T10:08:20.400000Z  46.840  38.397  19.237   3.000  174  174  102    0    0   46   0.063   0.657   0.444
2012-09-09T13:58:18.010000Z  46.690  38.366  18.869   2.700  140  140   68    0    0   47   0.124   0.694   0.628
2012-09-09T17:40:01.620000Z  46.677  38.391   4.036   1.600  154  154   80    0    0   44   0.104   0.901   1.009
2012-09-09T20:25:44.360000Z  46.650  38.381  17.764   2.000  146  146   77    0    0   44   0.062   0.749   0.511
2012-09-09T22:06:59.760000Z  46.665  38.443  19.910   2.000  199  199   94    0    0   40   0.063   0.707   0.628
2012-09-09T22:07:57.520000Z  46.656  38.396   9.151   1.400  119  119   55    0    0   43   0.102   0.692   0.799
2012-09-09T22:50:38.600000Z  46.874  38.337   9.067   1.800  154  154   86    0    0   48   0.148   0.762   0.672
2012-09-10T01:47:02.690000Z  46.714  38.445  17.516   1.700  134  134   72    0    0   41   0.078   0.695   0.633
2012-09-10T02:02:12.820000Z  46.829  38.403  19.638   2.900  176  176   81    0    0   45   0.119   0.647   0.434
2012-09-10T08:55:49.960000Z  46.699  38.391  20.349   3.800  112  112   89    0    0   45   0.069   0.727   0.735
2012-09-10T13:28:35.460000Z  46.728  38.221  15.669   2.000   11   11    8    0    0   61   0.125  34.386  28.470
2012-09-10T17:25:44.520000Z  46.632  38.397   4.580   1.800  168  168   97    0    0   42   0.086   0.806   0.879
2012-09-10T19:32:17.840000Z  46.773  38.493  24.797   1.900  147  147   72    0    0   38   0.094   0.855   0.743
2012-09-11T00:09:48.440000Z  46.536  38.405  19.668   1.100  136  136   67    0    0   37   0.129   0.995   0.890
2012-09-11T03:23:33.020000Z  46.772  38.387  17.996   2.300  141  141   63    0    0   46   0.049   0.652   0.485
2012-09-11T03:25:33.220000Z  46.646  38.400  18.544   2.300  155  155   98    0    0   42   0.062   0.735   0.470
2012-09-11T10:30:33.080000Z  46.644  38.406  20.059   3.300  174  174  105    0    0   42   0.055   0.677   0.549
2012-09-11T16:30:16.430000Z  46.807  38.341   4.828   1.200  115  115   60    0    0   50   0.144   0.740   0.643
2012-09-11T17:38:52.660000Z  46.922  38.338   3.904   1.800  118  118   58    0    0   46   0.105   1.020   1.196
2012-09-11T21:41:12.400000Z  46.916  38.350  13.350   1.800  129  129   66    0    0   46   0.122   0.797   0.679
2012-09-11T22:48:26.080000Z  46.705  38.444  21.016   2.000  172  172   89    0    0   41   0.065   0.724   0.753
2012-09-12T09:15:43.640000Z  46.656  38.360   4.478   2.000  120  120   61    0    0   46   0.081   0.847   0.841
2012-09-12T10:03:30.080000Z  46.659  38.385   4.049   2.300  161  161   83    0    0   44   0.085   0.801   0.891
2012-09-12T12:44:25.460000Z  46.690  38.390  19.824   1.500  134  134   72    0    0   45   0.085   0.695   0.609
2012-09-12T12:59:24.950000Z  46.674  38.385  15.519   2.900  148  148   67    0    0   45   0.086   0.692   0.610
2012-09-12T20:33:52.400000Z  46.640  38.385  14.886   1.400  139  139   63    0    0   44   0.081   0.754   0.578
2012-09-12T20:41:41.400000Z  46.541  38.446  12.528   1.800   94   94   58    0    0   35   0.113   1.101   1.079
2012-09-12T22:46:04.280000Z  46.647  38.399   4.785   1.300  227  227  113    0    0   43   0.107   0.800   0.855
2012-09-12T23:11:17.240000Z  46.706  38.396  19.073   0.700  146  146   73    0    0   44   0.079   0.716   0.600
2012-09-13T00:19:47.890000Z  46.666  38.428  16.894   1.700  239  239  143    0    0   41   0.066   0.664   0.553
2012-09-13T01:51:45.670000Z  46.648  38.383  14.839   1.700  188  188   75    0    0   44   0.125   0.721   0.637
2012-09-13T04:27:37.270000Z  46.839  38.413  21.034   2.100  266  266  116    0    0   44   0.070   0.647   0.532
2012-09-13T12:12:12.880000Z  46.867  38.427  19.302   2.500  189  189  107    0    0   43   0.119   0.656   0.444
2012-09-13T14:15:48.970000Z  46.706  38.398  20.507   1.600  118  118   55    0    0   44   0.062   0.722   0.635
2012-09-13T14:51:28.930000Z  46.634  38.380   4.827   2.100  127  127   65    0    0   44   0.126   0.829   0.876
2012-09-13T16:48:09.640000Z  46.863  38.337   7.860   1.700  201  201  108    0    0   48   0.123   0.767   0.625
2012-09-13T17:42:24.240000Z  46.770  38.374  18.428   1.900  154  154   90    0    0   47   0.079   0.656   0.497
2012-09-13T18:19:28.160000Z  46.654  38.398  14.204   1.800  143  143   73    0    0   43   0.072   0.759   0.598
2012-09-13T19:05:15.240000Z  46.793  38.359  11.363   1.800  152  152   81    0    0   49   0.114   0.649   0.572
2012-09-13T19:45:20.220000Z  46.703  38.394  20.069   3.200  164  164  115    0    0   45   0.068   0.717   0.711
2012-09-13T22:30:03.920000Z  46.869  38.385  17.759   1.600  129  129   65    0    0   46   0.079   0.650   0.472
2012-09-13T22:57:56.080000Z  46.646  38.398  16.099   1.600  185  185   98    0    0   43   0.088   0.746   0.605
2012-09-13T23:56:12.540000Z  46.728  38.386  28.410   1.000  128  128   57    0    0   46   0.076   0.923   0.876
2012-09-14T00:42:36.530000Z  46.827  38.389  18.486   2.500  167  167   83    0    0   46   0.092   0.647   0.457
2012-09-14T02:19:37.960000Z  46.662  38.384  15.596   3.500  146  146   69    0    0   44   0.061   0.777   0.554
2012-09-14T13:21:01.970000Z  46.776  38.363  10.546   1.800  213  213  110    0    0   48   0.101   0.635   0.568
2012-09-14T14:32:33.020000Z  46.620  38.433  19.266   2.600  180  180  100    0    0   39   0.090   0.761   0.743
2012-09-14T16:41:04.740000Z  46.803  38.385  13.943   2.400  140  140   74    0    0   47   0.086   0.648   0.488
2012-09-15T11:01:17.200000Z  46.788  38.374  19.463   2.600  210  210   89    0    0   47   0.077   0.652   0.466
2012-09-15T19:19:20.880000Z  46.803  38.404  19.544   2.200  169  169   64    0    0   45   0.137   0.648   0.442
2012-09-15T20:28:28.940000Z  46.786  38.371  12.157   1.500  199  199   89    0    0   48   0.136   0.650   0.557
2012-09-15T21:17:10.920000Z  46.858  38.369  19.206   1.700  118  118   64    0    0   47   0.081   0.656   0.444
2012-09-16T01:01:33.600000Z  46.570  38.386   2.704   0.900  134  134   69    0    0   41   0.076   1.028   0.818
2012-09-16T17:12:51.120000Z  46.862  38.402  19.182   2.400  198  198   91    0    0   45   0.086   0.657   0.447
2012-09-16T18:06:51.160000Z  46.703  38.329   3.899   2.500  114  114   67    0    0   51   0.121   1.002   1.111
2012-09-16T19:48:09.400000Z  46.788  38.330  12.551   1.300  128  128   61    0    0   51   0.122   0.690   0.614
2012-09-16T22:59:03.480000Z  46.730  38.381  18.841   1.500  148  148   78    0    0   46   0.055   0.678   0.561