                        ORT     Lon     Lat     Dep     Mag  Nus  NuP  NuS     ADS     MDS  GAP     RMS     ERH     ERZ
2012-08-11T12:23:15.400000Z  46.800  38.419   1.900   6.500   23   19   14 137.150  14.900   44   0.167   1.000   1.400
2012-08-11T12:28:46.400000Z  46.784  38.431  21.800   3.500   25   19   14 131.100  13.000   51   0.080   0.600   0.600
2012-08-11T12:49:15.800000Z  46.693  38.383  12.900   4.600   22   12   14 130.770  13.600   46   0.111   0.800   0.700
2012-08-11T13:14:05.400000Z  46.668  38.373   1.900   4.400   23   18   14 154.870  33.200   55   0.143   0.900   1.400
2012-08-11T13:23:15.200000Z  46.731  38.493   8.700   3.700   24   19   14 144.560   5.660   53   0.140   1.000   0.900
2012-08-11T13:42:11.900000Z  46.681  38.402  14.000   4.000   21   17   14 129.180  11.400   44   0.171   1.200   1.100
2012-08-11T14:14:53.800000Z  46.703  38.501  27.000   3.000   22   19   14 127.670   3.080   37   0.101   0.800   0.600
2012-08-11T14:25:15.500000Z  46.683  38.430  11.900   4.300   19   10   14 102.320   8.340   56   0.094   0.800   0.700
2012-08-11T14:55:57.300000Z  46.741  38.429   5.300   3.100   23   19   14 136.840  29.100   47   0.101   0.700   1.100
2012-08-11T15:21:14.800000Z  46.777  38.444  16.900   4.700   22   20   14 163.270  27.000   46   0.107   0.800   0.800
2012-08-11T16:00:50.500000Z  46.798  38.412  15.600   4.000   24   19   14 132.080  23.700   45   0.095   0.700   0.700
2012-08-11T16:15:04.300000Z  46.672  38.433  16.500   2.700   24   19   14 138.990   7.870   49   0.133   0.900   0.700
2012-08-11T16:21:53.000000Z  46.646  38.414  19.400   4.100   17   10   14 131.520  36.200   63   0.105   0.900   0.800
2012-08-11T16:34:32.700000Z  46.653  38.447  15.600   3.300   25   19   14 145.580   6.470   48   0.129   1.000   0.700
2012-08-11T17:37:58.600000Z  46.870  38.398  22.000   2.100   24   19   14 136.960  17.400   50   0.165   1.200   1.000
2012-08-11T17:45:44.500000Z  46.788  38.412   8.600   2.500   22   19   14 140.920  24.500   48   0.138   1.000   1.100
2012-08-11T17:49:25.800000Z  46.829  38.426  16.900   2.600   23   19   13 135.400  20.700   51   0.188   1.400   1.200
2012-08-11T17:58:33.400000Z  46.792  38.376   8.900   4.100   24   19   14 129.920  17.900   49   0.146   1.000   1.100
2012-08-11T18:13:03.200000Z  46.645  38.382   2.700   3.000   23   18   14 146.110  13.700   44   0.103   0.600   0.900
2012-08-11T18:21:44.800000Z  46.709  38.442  19.300   2.600   23   19   14 133.810   7.770   41   0.143   1.000   0.700
2012-08-11T19:12:04.900000Z  46.793  38.429  20.400   2.900   22   19   14 116.400  13.700   43   0.125   0.800   0.900
2012-08-11T19:29:29.500000Z  46.795  38.439  26.500   2.700   23   19   14 116.510  13.300   43   0.083   0.600   0.600
2012-08-11T19:30:45.400000Z  46.927  38.443  22.800   2.800   21   19   13 123.230  12.000   62   0.102   0.800   0.700
2012-08-11T19:40:17.400000Z  46.804  38.444  20.800   2.600   23   19   14 127.500  13.600   46   0.164   1.100   1.100
2012-08-11T20:10:30.400000Z  46.772  38.421  14.800   3.400   22   17   14 147.910  26.200   51   0.171   1.300   1.300
2012-08-11T20:29:18.600000Z  46.847  38.392   1.800   2.600   25   19   14 139.780  18.900   47   0.110   0.600   1.000
2012-08-11T20:37:27.600000Z  46.799  38.461  20.200   2.300   23   19   14 130.920  12.400   76   0.081   0.700   0.600
2012-08-11T20:45:47.100000Z  46.692  38.418  14.200   2.900   20   19   14 124.850  32.300   52   0.204   1.400   1.600
2012-08-11T21:13:21.500000Z  46.663  38.441  11.800   2.400   25   19   14 132.800   7.060   48   0.141   1.000   0.800
2012-08-11T21:18:35.300000Z  46.734  38.436  19.600   2.600   23   19   14 142.420  29.900   48   0.063   0.600   0.500
2012-08-11T21:21:14.300000Z  46.795  38.451  18.900   2.700   23   19   13 138.570  12.500   46   0.096   0.800   0.600
2012-08-11T21:33:51.000000Z  46.864  38.452  19.200   3.200   23   19   14 118.280  16.800   62   0.084   0.600   0.500
2012-08-11T22:04:32.600000Z  46.706  38.420  13.700   3.700   22   19   14 134.980   9.950   50   0.148   1.100   0.700
2012-08-11T22:12:47.100000Z  46.757  38.418  17.500   3.300   23   19   14 134.100  12.300   44   0.158   1.100   0.900
2012-08-11T23:40:53.000000Z  46.802  38.474  15.300   2.200   24   19   14 141.460  21.800   43   0.125   0.900   0.800
2012-08-11T23:58:13.700000Z  46.713  38.461  10.600   3.400   22   13   14 135.730   6.210   51   0.160   1.100   1.000
2012-08-12T00:10:52.900000Z  46.706  38.394   4.900   2.500   22   18   14 141.330  12.600   45   0.137   0.900   1.100
2012-08-12T00:15:23.000000Z  46.769  38.435  17.200   3.200   23   17   14 134.520  11.700   43   0.087   0.600   0.600
2012-08-12T00:34:16.700000Z  46.771  38.430  19.200   3.800   19   11   14 109.410  12.200   68   0.150   1.100   0.800
2012-08-12T00:41:26.600000Z  46.739  38.485  19.300   2.700   23   19   14 144.730  27.200   39   0.178   1.200   1.100
2012-08-12T01:35:50.400000Z  46.746  38.434   6.700   2.200   23   19   14 125.710  10.300   43   0.112   0.800   1.000
2012-08-12T02:24:43.500000Z  46.765  38.443  12.700   3.700   21   14   14 138.720  10.800   83   0.098   0.700   0.700
2012-08-12T02:32:17.400000Z  46.702  38.380  18.200   1.800   22   19   14 118.650  14.000   46   0.075   0.600   0.500
2012-08-12T03:28:00.600000Z  46.753  38.490   3.700   2.400   24   19   14 127.330   7.550   45   0.148   0.900   1.200
2012-08-12T04:10:44.600000Z  46.873  38.398  27.700   2.500   23   19   14 133.530  17.200   50   0.173   1.300   1.100
2012-08-12T04:35:39.800000Z  46.730  38.497  14.700   2.600   22   19   14 129.280   5.480   70   0.125   0.900   0.700
2012-08-12T04:40:40.900000Z  46.750  38.435   9.100   2.900   20   19   14 138.190  10.500   50   0.163   1.200   1.100
2012-08-12T05:13:20.700000Z  46.837  38.489   1.700   2.300   25   19   14 136.530  14.800   46   0.108   0.600   1.000
2012-08-12T05:17:53.800000Z  46.915  38.308  31.400   2.200   21   19   14 133.560  11.200   60   0.112   0.900   0.600
2012-08-12T05:37:56.100000Z  46.797  38.440   8.600   2.200   21   19   14 117.730  13.300   43   0.105   0.700   0.900
2012-08-12T06:03:58.100000Z  46.773  38.458   8.300   2.600   24   19   14 126.990  10.500   41   0.095   0.600   1.000
2012-08-12T06:17:50.300000Z  46.857  38.433   8.400   2.600   23   19   14 134.860  18.000   45   0.103   0.700   0.800
2012-08-12T06:29:57.300000Z  46.738  38.334  30.400   1.700   22   19   14 139.000  19.800   53   0.128   1.100   0.700
2012-08-12T06:40:44.700000Z  46.634  38.380  19.300   4.100   25   19   14 145.480  36.300   53   0.081   0.600   0.500
2012-08-12T07:22:55.800000Z  46.791  38.435  19.100   3.000   21   19   13 126.960  23.500   55   0.085   0.700   0.600
2012-08-12T07:26:53.500000Z  46.729  38.460  15.900   2.300   24   19   13 134.980  28.300   40   0.115   0.900   0.900
2012-08-12T07:29:29.000000Z  46.878  38.396  23.100   2.300   23   19   14 141.610  16.800   46   0.104   0.800   0.700
2012-08-12T07:33:03.300000Z  46.707  38.428   8.400   2.400   21   19   13 131.010  30.800   42   0.154   1.000   1.300
2012-08-12T07:36:35.900000Z  46.798  38.439  15.300   2.700   23   19   13 131.370  13.400   43   0.109   0.800   0.700
2012-08-12T08:01:20.400000Z  46.823  38.417  22.300   2.900   22   19   13 121.500  16.600   51   0.162   1.100   1.100
2012-08-12T08:03:44.000000Z  46.754  38.444  17.300   2.100   23   19   14 138.340  26.400   46   0.095   0.700   0.700
2012-08-12T10:15:33.700000Z  46.749  38.432  20.200   3.300   23   19   14 116.480  10.600   50   0.131   1.000   1.100
2012-08-12T10:29:28.100000Z  46.629  38.397   8.300   2.000   24   19   14 135.480  12.300   43   0.078   0.600   0.500
2012-08-12T11:21:16.500000Z  46.720  38.431  19.200   2.200   24   19   14 138.590   9.320   42   0.116   0.900   0.800
2012-08-12T11:51:31.900000Z  46.785  38.390  16.100   3.300   22   19   14 131.340  16.300   48   0.150   1.000   0.800
2012-08-12T14:19:09.200000Z  46.788  38.430  19.500   3.200   25   19   14 128.270  13.300   43   0.130   1.000   0.700
2012-08-12T15:15:10.300000Z  46.839  38.446  15.000   2.100   21   19   14 156.220  22.800   45   0.091   0.800   0.900
2012-08-12T15:59:25.700000Z  46.809  38.441  15.000   2.500   22   19   14 120.130  14.100   43   0.131   0.900   0.700
2012-08-12T17:18:30.900000Z  46.739  38.452  19.400   2.200   25   19   13 123.320   8.430   41   0.185   1.300   1.000
2012-08-12T18:44:22.400000Z  46.859  38.408  18.500   2.100   22   19   13 134.980  18.900   50   0.099   0.700   0.600
2012-08-12T18:46:40.600000Z  46.846  38.390  16.000   2.000   22   19   13 145.250  18.900   47   0.109   0.900   0.700
2012-08-12T19:28:04.900000Z  46.813  38.449  21.700   1.800   23   19   13 128.340  14.000   55   0.094   0.800   0.700
2012-08-12T19:29:56.700000Z  46.793  38.426  19.700   2.100   25   19   14 140.860  13.900   44   0.092   0.800   0.600
2012-08-12T20:04:31.300000Z  46.780  38.485  18.500   1.900   21   19   14 130.240   9.990   51   0.101   0.800   0.500
2012-08-12T20:09:35.900000Z  46.871  38.427  17.500   2.200   21   19   13 119.740  17.200   46   0.162   1.200   0.800
2012-08-12T20:11:02.500000Z  46.690  38.438  12.200   1.900   21   19   13 135.580   7.540   51   0.127   0.900   0.800
2012-08-12T21:26:32.000000Z  46.675  38.380   8.600   2.200   24   19   14 143.790  13.800   55   0.113   0.800   0.800
2012-08-12T21:33:17.800000Z  46.796  38.448   2.600   3.100   23   19   14 148.020  22.700   46   0.164   1.000   1.800
2012-08-12T22:01:16.200000Z  46.727  38.454  14.600   2.400   22   19   13 116.970   7.570   64   0.113   0.800   0.700
2012-08-12T22:05:43.400000Z  46.791  38.440  17.000   2.200   22   19   13 127.470  12.800   52   0.125   1.000   0.700
2012-08-12T22:45:49.600000Z  46.715  38.437  16.200   1.900   23   19   13 124.600   8.480   48   0.121   0.900   0.700
2012-08-12T22:57:07.900000Z  46.912  38.495  19.700   2.800   21   19   14 122.090  12.200   56   0.163   1.100   0.900
2012-08-12T23:02:04.200000Z  46.863  38.375  20.200   2.700   23   19   14 119.490  16.900   47   0.082   0.600   0.600
2012-08-12T23:16:13.300000Z  46.682  38.380   9.900   1.800   25   19   14 133.160  13.900   46   0.097   0.600   0.600
2012-08-12T23:58:41.900000Z  46.901  38.456  17.000   1.900   23   19   13 137.360  19.600   51   0.162   1.200   1.000
2012-08-13T00:07:54.300000Z  46.677  38.415  18.600   2.400   26   19   14 142.210   9.880   52   0.169   1.200   1.000
2012-08-13T00:18:02.900000Z  46.908  38.447   7.700   3.200   22   19   14 125.960  18.500   51   0.143   1.000   1.300
2012-08-13T00:22:08.700000Z  46.700  38.428  19.500   3.200   23   19   14 131.920   8.870   49   0.140   1.000   0.800
2012-08-13T01:02:22.800000Z  46.791  38.440  20.000   1.600   24   19   14 135.350  12.800   43   0.110   0.800   0.700
2012-08-13T01:29:26.700000Z  46.777  38.486   2.700   2.400   25   19   14 129.170   9.700   52   0.143   0.900   1.200
2012-08-13T01:38:47.100000Z  46.860  38.443  17.100   1.500   25   19   14 140.970  17.500   46   0.123   0.900   0.700
2012-08-13T01:56:10.200000Z  46.700  38.451  17.600   4.700   17   11   14 131.420   6.550   79   0.081   0.700   0.500
2012-08-13T03:58:28.900000Z  46.868  38.481   1.800   2.900   20   19   14 141.550  16.000   54   0.136   0.800   1.100
2012-08-13T04:15:52.700000Z  46.684  38.386  19.700   3.700   17    8   14 137.400  13.100   52   0.116   1.000   0.700
2012-08-13T05:22:29.100000Z  46.659  38.380  20.600   2.600   23   19   14 143.650  34.200   45   0.114   0.800   1.000
2012-08-13T06:58:22.300000Z  46.669  38.445  17.200   3.200   25   19   14 125.580   6.490   40   0.143   1.000   0.700
2012-08-13T07:28:30.800000Z  46.778  38.381  17.500   3.200   23   19   14 145.680  24.100   49   0.081   0.600   0.600
2012-08-13T07:50:54.300000Z  46.644  38.418   2.600   2.200   24   19   14 140.160   9.750   52   0.127   0.900   1.000
2012-08-13T08:16:50.100000Z  46.889  38.452   2.600   4.000   25   20   14 139.610  14.700   57   0.092   0.600   0.900
2012-08-13T10:28:13.800000Z  46.694  38.431   7.600   1.900   22   19   14 140.490  31.800   52   0.085   0.600   0.800
2012-08-13T10:29:31.100000Z  46.631  38.413   1.900   2.200   25   19   14 135.470  10.600   41   0.104   0.600   1.000
2012-08-13T10:45:44.400000Z  46.611  38.468  19.300   4.200   19   11   14 136.200  38.500   85   0.201   1.500   1.300
2012-08-13T11:47:52.200000Z  46.852  38.446   1.900   1.800   26   19   14 124.860  17.300   56   0.088   0.600   0.700
2012-08-13T12:07:37.300000Z  46.574  38.432   1.900   2.100   23   19   14 131.550  11.400   53   0.090   0.600   0.900
2012-08-13T12:45:58.200000Z  46.729  38.455  19.800   3.900   22   19   14 130.580  28.300   53   0.086   0.600   0.700
2012-08-13T12:53:47.500000Z  46.699  38.448  12.300   3.200   22   19   14 141.400  31.100   48   0.105   0.800   0.800
2012-08-13T13:31:40.700000Z  46.854  38.397  15.700   1.500   21   19   14 130.150  18.600   53   0.116   0.800   0.700
2012-08-13T13:57:03.300000Z  46.717  38.451   2.100   1.800   25   19   14 122.790   7.280   47   0.106   0.600   1.100
2012-08-13T14:02:43.100000Z  46.716  38.355  15.100   1.500   23   19   14 123.490  17.100   49   0.120   0.900   0.700
2012-08-13T15:06:34.400000Z  46.677  38.411   0.300   2.700   22   19   14 118.930  10.400   43   0.130   0.800   1.500
2012-08-13T15:32:16.000000Z  46.768  38.441  15.500   2.200   22   19   14 128.220  11.200   54   0.093   0.600   0.600
2012-08-13T16:14:40.800000Z  46.675  38.504  21.500   2.600   23   19   14 132.970  32.800   48   0.067   0.600   0.600
2012-08-13T16:31:49.000000Z  46.691  38.413   1.800   1.600   22   19   14 136.920  10.300   51   0.143   0.900   1.200
2012-08-13T17:08:41.900000Z  46.675  38.448   3.300   2.800   23   19   14 133.940   6.240   40   0.104   0.600   0.900
2012-08-13T18:31:10.900000Z  46.801  38.415   2.900   1.900   20   19   14 130.400  15.200   45   0.083   0.600   0.900
2012-08-13T18:40:06.000000Z  46.665  38.428  20.200   3.500   23   19   14 130.320   8.400   41   0.139   1.000   0.900
2012-08-13T19:43:22.200000Z  46.629  38.440  19.500   3.300   24   19   14 132.290   7.880   44   0.110   0.800   0.600
2012-08-13T19:55:52.900000Z  46.707  38.358  29.000   1.800   24   19   14 121.650  16.500   48   0.096   0.800   0.600
2012-08-13T20:12:43.200000Z  46.877  38.419  10.500   2.800   23   19   14 118.350  18.200   49   0.187   1.300   1.500
2012-08-13T20:22:37.700000Z  46.995  38.395   3.200   1.500   24   19   14 131.030   9.450   54   0.092   0.600   0.700
2012-08-13T20:29:52.100000Z  46.781  38.536   3.100   1.800   24   19   14 133.530  10.500   54   0.122   0.800   1.100
2012-08-13T20:44:57.500000Z  46.816  38.373   7.900   1.600   24   19   14 142.400  20.700   48   0.159   1.200   1.300
2012-08-13T20:57:07.500000Z  46.644  38.397   2.300   1.500   23   19   14 126.450  12.000   50   0.110   0.600   1.100
2012-08-13T21:01:40.200000Z  46.676  38.397   1.500   1.800   23   19   14 113.130  11.900   44   0.126   0.800   1.200
2012-08-13T21:10:31.900000Z  46.776  38.489  14.400   1.600   23   19   14 143.720  24.000   44   0.178   1.400   1.300
2012-08-13T21:18:46.100000Z  46.788  38.384  17.800   1.200   22   19   14 120.550  16.900   47   0.097   0.600   0.600
2012-08-13T21:25:25.300000Z  46.787  38.455  18.800   1.800   22   19   14 137.290  23.400   42   0.129   1.000   0.900
2012-08-13T21:29:06.500000Z  46.849  38.416  21.400   1.400   23   19   14 136.040  18.500   62   0.136   1.000   0.900
2012-08-13T21:33:30.000000Z  46.681  38.453  16.200   1.700   24   19   14 137.310  34.900   40   0.075   0.700   0.800
2012-08-13T22:37:04.700000Z  46.690  38.377  19.800   3.300   24   16   14 142.200  14.200   46   0.089   0.700   0.500
2012-08-13T23:22:37.200000Z  46.743  38.432   8.100   1.500   24   19   14 135.550  10.400   50   0.107   0.800   1.000
2012-08-13T23:43:33.900000Z  46.849  38.387  11.400   1.500   25   19   14 143.760  18.500   47   0.123   0.900   0.900
2012-08-14T01:32:41.900000Z  46.702  38.449   7.300   2.200   23   19   14 140.090   6.820   41   0.168   1.100   1.200
2012-08-14T01:39:59.500000Z  46.711  38.466  19.300   1.400   25   19   14 127.500   5.660   53   0.124   0.900   0.700
2012-08-14T01:49:20.400000Z  46.696  38.429  17.700   3.000   22   18   14 131.300  31.700   42   0.114   0.900   0.800
2012-08-14T02:00:51.000000Z  46.698  38.480   3.500   2.000   25   19   14 128.620   3.740   38   0.145   0.900   1.000
2012-08-14T02:37:07.200000Z  46.796  38.425  15.200   2.300   24   19   14 127.490  23.400   44   0.103   0.700   0.700
2012-08-14T03:46:54.700000Z  46.797  38.429  18.600   2.200   23   19   14 127.280  14.000   51   0.109   0.800   0.600
2012-08-14T04:08:43.500000Z  46.654  38.455   3.200   2.300   22   19   14 147.530   5.550   41   0.136   0.800   0.900
2012-08-14T04:52:18.000000Z  46.645  38.435  19.500   2.200   23   19   14 122.570   7.970   56   0.084   0.600   0.600
2012-08-14T05:28:13.500000Z  46.792  38.449  18.700   3.400   24   17   14 129.640  12.400   46   0.103   0.900   0.600
2012-08-14T06:58:45.900000Z  46.645  38.392  17.000   1.800   23   19   14 133.360  12.600   49   0.153   1.100   0.900
2012-08-14T08:11:49.300000Z  46.649  38.383  15.600   2.100   24   19   14 125.320  13.500   53   0.122   0.900   0.700
2012-08-14T10:28:44.500000Z  46.723  38.405  15.900   3.600   24   21   14 148.330  29.500   50   0.109   0.800   0.800
2012-08-14T10:50:25.100000Z  46.798  38.499  14.500   2.100   23   19   14 133.370  11.300   74   0.156   1.100   1.000
2012-08-14T11:17:14.100000Z  46.657  38.388   2.500   1.700   22   19   14 156.030  12.900   53   0.139   0.900   1.100
2012-08-14T11:44:11.700000Z  46.689  38.439   1.800   1.800   24   19   14 135.810  32.000   41   0.113   0.800   1.300
2012-08-14T12:42:55.800000Z  46.681  38.413  21.000   2.200   23   19   14 135.030  10.100   46   0.195   1.400   1.300
2012-08-14T13:31:03.700000Z  46.705  38.443  17.800   2.200   21   19   14 142.450  30.600   47   0.155   1.100   1.000
2012-08-14T14:02:25.900000Z  46.774  38.479  18.200   5.200   24   21   14 151.870  29.500   41   0.094   0.600   0.900
2012-08-14T15:48:20.500000Z  46.631  38.450  17.300   3.900   20   13   14 134.810   6.800   39   0.082   0.600   0.500
2012-08-14T16:07:09.100000Z  46.864  38.387  12.700   1.900   26   19   14 141.770  17.300   46   0.105   0.800   0.700
2012-08-14T16:30:46.300000Z  46.767  38.410  16.700   2.000   23   19   14 134.570  13.500   48   0.085   0.600   0.600
2012-08-14T16:36:25.100000Z  46.719  38.407  19.200   3.300   23   16   14 119.530  11.600   64   0.091   0.600   0.500
2012-08-14T17:05:18.400000Z  46.642  38.440   6.100   1.700   22   19   14 126.010   7.460   48   0.111   0.700   1.100
2012-08-14T17:09:10.200000Z  46.712  38.423  19.700   3.100   22   19   14 134.430  30.500   43   0.096   0.800   0.600
2012-08-14T17:16:26.200000Z  46.777  38.441   3.500   2.000   23   19   14 125.040  11.800   48   0.082   0.600   0.800
2012-08-14T18:53:41.500000Z  46.650  38.408  15.200   2.000   22   19   14 141.530  10.800   51   0.107   0.800   0.700
2012-08-14T20:20:33.600000Z  46.654  38.430  15.900   3.000   22   18   14 133.910   8.270   50   0.153   1.100   0.900
2012-08-14T21:29:04.600000Z  46.881  38.431  17.200   1.300   25   19   14 138.700  16.200   53   0.102   0.800   0.500
2012-08-14T21:32:40.500000Z  46.774  38.419  16.300   1.500   22   19   14 129.580  25.400   51   0.092   0.600   0.600
2012-08-14T22:10:17.700000Z  46.666  38.431   2.500   2.000   25   19   14 149.900   8.090   49   0.155   1.000   1.300
2012-08-14T22:41:54.800000Z  46.717  38.378  11.100   1.700   25   19   14 146.110  14.700   47   0.133   1.000   1.000
2012-08-14T23:07:43.000000Z  46.751  38.383   2.300   1.300   25   19   14 139.460  15.200   47   0.128   0.800   1.200
2012-08-14T23:33:31.100000Z  46.783  38.402  19.900   1.800   25   19   14 132.290  15.100   46   0.088   0.600   0.600
2012-08-14T23:42:05.900000Z  46.715  38.391  13.500   1.700   23   19   14 138.210  29.700   46   0.128   0.900   1.000
2012-08-15T00:42:47.400000Z  46.726  38.387  16.900   1.000   23   19   14 150.540  13.900   46   0.102   0.800   0.600
2012-08-15T01:35:40.200000Z  46.680  38.448  20.000   1.700   23   19   14 124.550   6.270   40   0.096   0.800   0.500
2012-08-15T01:43:13.300000Z  46.710  38.385  17.900   1.600   24   19   14 143.770  13.700   51   0.097   0.700   0.600
2012-08-15T03:03:30.800000Z  46.625  38.508  19.400   1.900   25   19   14 133.090   3.820   42   0.077   0.600   0.500
2012-08-15T03:41:30.900000Z  46.794  38.440  19.200   3.400   19   14   14 135.830  13.100   59   0.141   1.100   0.700
2012-08-15T04:29:40.400000Z  46.817  38.411  10.800   3.100   22   19   14 123.090  16.600   60   0.190   1.300   1.400
2012-08-15T05:26:27.100000Z  46.782  38.441   9.300   2.400   24   19   14 118.380  12.100   42   0.135   0.900   1.100
2012-08-15T05:39:51.400000Z  46.687  38.448  15.800   2.300   23   19   14 139.390   6.420   40   0.126   0.900   0.800
2012-08-15T07:12:14.500000Z  46.655  38.410   2.400   2.600   24   19   14 122.940  10.500   42   0.080   0.500   0.900
2012-08-15T08:39:21.900000Z  46.841  38.440   6.700   3.100   25   19   14 137.250  16.700   48   0.106   0.800   0.900
2012-08-15T09:03:48.200000Z  46.702  38.448  18.900   2.600   22   19   14 126.720   6.910   48   0.124   0.900   0.700
2012-08-15T09:37:47.000000Z  46.682  38.366   1.500   1.800   23   19   14 137.240  15.400   47   0.179   1.200   1.400
2012-08-15T11:27:06.000000Z  46.797  38.343  18.600   2.500   20   19   14 127.430  21.100   64   0.084   0.600   0.500
2012-08-15T11:39:30.200000Z  46.704  38.371  10.900   2.200   24   19   14 140.080  30.200   47   0.186   1.200   1.400
2012-08-15T13:52:42.600000Z  46.658  38.429   8.400   2.100   23   19   14 139.080   8.390   41   0.110   0.800   0.800
2012-08-15T13:58:28.400000Z  46.789  38.498   6.300   2.000   23   19   14 127.140  10.600   40   0.129   0.900   1.500
2012-08-15T16:01:22.100000Z  46.691  38.393   8.000   2.200   24   19   14 140.550  31.800   45   0.112   0.800   0.900
2012-08-15T17:49:05.000000Z  46.655  38.404  18.700   5.000   22   19   14 150.830  11.100   51   0.150   1.000   0.800
2012-08-15T18:00:01.200000Z  46.630  38.448  18.200   3.300   23   19   14 138.470  37.100   39   0.069   0.600   0.500
2012-08-15T18:16:27.600000Z  46.724  38.441  18.800   2.100   23   19   14 125.110   8.550   42   0.078   0.600   0.400
2012-08-15T18:38:44.100000Z  46.666  38.425  18.400   2.200   24   19   14 122.910   8.770   42   0.130   0.900   0.700
2012-08-15T19:23:58.100000Z  46.651  38.414  14.500   1.800   22   19   14 136.420  10.100   42   0.107   0.800   0.800
2012-08-15T20:27:44.400000Z  46.681  38.441  19.400   2.000   24   19   14 134.400   7.130   46   0.099   0.800   0.700
2012-08-15T21:26:47.700000Z  46.668  38.396  21.500   2.300   23   19   14 141.020  12.000   44   0.173   1.200   1.000
2012-08-15T23:01:19.800000Z  46.658  38.386   3.100   1.700   22   19   14 125.620  34.400   45   0.096   0.600   1.200
2012-08-16T00:15:16.500000Z  46.637  38.439  20.100   3.400   23   17   14 116.570   7.720   40   0.110   0.800   0.800
2012-08-16T00:32:52.300000Z  46.641  38.438  16.500   1.700   23   19   14 139.170  36.300   40   0.133   1.000   0.900
2012-08-16T01:31:21.200000Z  46.759  38.447  20.300   1.900   23   19   14 138.060  25.900   47   0.079   0.600   0.700
2012-08-16T02:26:38.400000Z  46.859  38.398   1.700   1.700   24   19   14 131.670  18.300   53   0.085   0.600   0.700
2012-08-16T03:01:38.700000Z  46.772  38.493  26.400   2.200   22   19   14 138.170   9.150   53   0.128   1.000   0.800
2012-08-16T03:10:48.400000Z  46.834  38.399  18.200   2.400   25   19   14 130.800  18.600   46   0.154   1.100   0.900
2012-08-16T05:33:56.000000Z  46.674  38.439   1.600   2.300   24   19   14 139.530  33.400   49   0.130   0.800   1.200
2012-08-16T05:39:31.100000Z  46.690  38.378  19.500   1.600   23   19   14 128.710  14.100   52   0.074   0.600   0.400
2012-08-16T06:33:56.800000Z  46.769  38.478   3.100   2.000   23   19   14 131.060   9.290   53   0.138   0.800   1.100
2012-08-16T08:56:53.700000Z  46.725  38.428   1.800   1.800   24   19   14 140.920   9.810   43   0.106   0.800   0.900
2012-08-16T09:27:47.100000Z  46.704  38.437  19.400   3.100   22   19   14 143.480  30.800   42   0.099   0.800   0.700
2012-08-16T11:28:37.100000Z  46.727  38.448  10.400   1.900   22   19   14 137.760  28.600   47   0.103   0.800   0.900
2012-08-16T13:20:15.300000Z  46.709  38.423   2.000   1.300   24   19   14 145.250   9.710   43   0.124   0.800   1.000
2012-08-16T13:56:30.500000Z  46.729  38.410  13.800   2.000   24   19   14 139.990  11.700   44   0.096   0.800   0.600
2012-08-16T15:15:35.300000Z  46.727  38.448  17.900   3.800   17   12   14 138.710  28.700   84   0.148   1.100   1.000
2012-08-16T15:31:10.400000Z  46.700  38.377   1.300   1.500   23   19   14 140.440  14.400   47   0.172   1.100   1.500
2012-08-16T17:11:47.900000Z  46.732  38.454  19.500   1.800   23   19   14 136.640   7.890   47   0.178   1.200   1.000
2012-08-16T17:14:13.500000Z  46.716  38.450  19.600   4.600   25   20   14 141.800  29.600   41   0.083   0.600   0.600
2012-08-16T17:19:41.100000Z  46.720  38.446  18.200   2.900   24   19   14 127.450   7.880   41   0.113   0.800   0.600
2012-08-16T17:35:00.000000Z  46.714  38.425  15.800   2.700   22   19   14 134.230   9.670   43   0.114   0.800   0.600
2012-08-16T20:27:17.600000Z  46.931  38.426   5.700   2.300   23   19   14 125.900  12.700   52   0.089   0.600   1.000
2012-08-16T21:50:59.800000Z  46.743  38.435  14.000   1.400   23   19   14 134.360  10.100   62   0.118   0.900   0.800
2012-08-16T23:15:00.300000Z  46.658  38.377   2.300   0.800   24   19   14 130.410  14.100   45   0.095   0.600   0.800
2012-08-16T23:59:14.300000Z  46.658  38.416   1.700   1.200   22   19   14 142.180  35.300   42   0.128   0.800   1.500
2012-08-17T00:31:16.800000Z  46.836  38.505   2.200   1.700   22   19   14 133.420  14.700   49   0.091   0.600   0.900
2012-08-17T02:13:53.100000Z  46.770  38.394  20.800   1.600   24   19   14 136.980  15.100   46   0.095   0.600   0.700
2012-08-17T03:19:24.200000Z  46.768  38.436  20.600   1.900   24   19   14 124.750  11.500   43   0.097   0.700   0.700
2012-08-17T03:34:20.400000Z  46.699  38.452  17.700   2.900   23   19   14 143.910  33.400   40   0.124   0.900   1.000
2012-08-17T04:48:15.800000Z  46.698  38.428  13.000   3.800   24   21   14 142.270   8.860   49   0.201   1.300   1.100
2012-08-17T04:52:29.700000Z  46.779  38.427  20.100   3.000   21   19   14 133.750  12.900   62   0.147   1.000   1.000
2012-08-17T05:28:37.900000Z  46.857  38.379   6.000   2.100   22   19   14 147.200  17.500   50   0.093   0.700   0.800
2012-08-17T05:35:06.900000Z  46.794  38.399  13.800   1.600   21   19   14 118.860  16.000   51   0.111   0.800   0.700
2012-08-17T08:09:51.400000Z  46.881  38.416   8.300   3.500   21   12   14 130.890  17.000   49   0.248   1.800   2.100
2012-08-17T08:19:48.100000Z  46.810  38.452  19.300   1.700   26   19   14 129.480  13.600   42   0.087   0.700   0.500
2012-08-17T09:18:00.100000Z  46.661  38.421  19.500   3.800   23   21   14 136.770  35.200   42   0.074   0.600   0.600
2012-08-17T10:36:48.600000Z  46.680  38.453  19.400   1.600   25   19   14 145.710  32.600   40   0.067   0.600   0.500
2012-08-17T11:19:12.100000Z  46.708  38.446  20.300   2.000   25   19   14 127.290   7.370   41   0.138   1.100   0.900
2012-08-17T12:09:50.600000Z  46.654  38.457  17.400   3.100   25   19   13 137.360  34.800   39   0.072   0.600   0.600
2012-08-17T13:04:44.300000Z  46.871  38.429  22.700   1.500   24   19   14 136.980  17.100   45   0.157   1.100   1.000
2012-08-17T13:24:24.400000Z  46.581  38.468   3.900   2.000   23   19   14 134.530   8.620   36   0.113   0.800   1.000
2012-08-17T14:34:36.900000Z  46.634  38.434  17.000   2.000   22   19   14 130.560   8.370   78   0.108   0.800   0.600
2012-08-17T14:37:38.700000Z  46.640  38.437  17.600   2.200   23   19   14 146.390  36.300   40   0.095   0.700   0.600
2012-08-17T15:04:09.400000Z  46.775  38.430   8.100   1.400   21   19   14 140.160  12.400   43   0.127   0.900   0.900
2012-08-17T16:13:15.000000Z  46.774  38.452   2.900   1.500   23   19   14 136.190  24.600   42   0.137   0.800   1.600
2012-08-17T16:58:47.800000Z  46.632  38.381  15.500   1.600   24   19   14 136.480  14.000   52   0.071   0.600   0.500
2012-08-17T17:57:47.000000Z  46.910  38.369   2.300   1.500   25   19   14 123.580  12.800   46   0.087   0.600   0.700
2012-08-17T18:49:55.800000Z  46.994  38.391   3.200   2.600   22   19   14 139.260   9.130   60   0.100   0.800   0.700
2012-08-17T19:34:08.700000Z  46.628  38.484  18.800   3.100   18   14   14 113.400  36.900   53   0.131   1.000   0.900
2012-08-17T20:05:00.100000Z  46.657  38.452  20.100   1.800   25   19   14 136.970   5.860   50   0.094   0.800   0.600
2012-08-17T20:15:33.900000Z  46.686  38.439  19.700   3.500   19   13   14 125.870   7.420   41   0.107   0.900   0.600
2012-08-17T21:36:15.900000Z  46.715  38.405  20.100   1.200   25   19   14 134.390  11.700   44   0.097   0.800   0.700
2012-08-17T23:14:09.400000Z  46.690  38.451  15.300   3.000   22   17   14 146.230  31.800   40   0.089   0.700   0.700
2012-08-18T01:48:25.300000Z  46.704  38.433  26.400   3.100   22   16   14 114.020   8.530   44   0.092   0.800   0.500
2012-08-18T02:06:28.900000Z  46.754  38.386  19.900   2.300   23   19   14 128.330  15.100   47   0.131   1.000   0.600
2012-08-18T02:21:32.000000Z  46.699  38.400   7.800   1.700   24   19   14 131.680  11.800   44   0.145   1.000   0.900
2012-08-18T03:26:47.300000Z  46.860  38.443  20.800   2.700   23   19   14 137.700  18.000   46   0.112   0.900   0.800
2012-08-18T04:44:40.600000Z  46.778  38.382  17.500   2.300   26   19   14 140.770  16.600   47   0.077   0.600   0.500
2012-08-18T05:38:01.200000Z  46.916  38.543  10.600   2.300   21   19   14 152.380  22.000   52   0.172   1.200   1.500
2012-08-18T06:02:58.200000Z  46.929  38.446  12.900   1.900   24   19   14 124.780  11.700   52   0.148   1.100   0.900
2012-08-18T08:46:28.400000Z  46.652  38.470  16.500   2.100   25   19   14 135.980   4.030   38   0.101   0.600   0.700
2012-08-18T08:59:08.100000Z  46.729  38.426  14.500   2.500   22   19   14 143.490  10.100   43   0.115   0.800   0.700
2012-08-18T11:21:29.000000Z  46.650  38.431  19.900   2.900   24   19   14 143.870  35.600   41   0.137   1.000   0.900
2012-08-18T14:33:47.400000Z  46.851  38.449  19.400   1.700   24   19   14 125.860  17.100   46   0.109   0.800   0.600
2012-08-18T15:56:06.000000Z  46.870  38.418   5.100   3.300   21   19   14 131.290  17.700   74   0.159   1.100   1.300
2012-08-18T18:15:49.300000Z  46.950  38.469   1.600   1.900   22   19   14 124.540   9.120   53   0.135   0.800   1.100
2012-08-18T19:10:11.900000Z  46.645  38.446  14.800   1.700   21   19   14 127.660   6.790   54   0.123   0.900   0.700
2012-08-18T19:30:34.000000Z  46.850  38.469   9.100   1.900   23   19   14 140.750  16.300   49   0.104   0.800   0.900
2012-08-18T19:39:46.800000Z  46.657  38.410   2.600   1.600   22   19   14 145.850  10.400   42   0.120   0.800   1.000
2012-08-18T20:31:54.100000Z  46.769  38.564  14.300   2.400   21   19   14 115.320  11.000   55   0.106   0.800   0.700
2012-08-18T20:41:51.700000Z  46.724  38.441  12.100   2.100   22   19   14 134.000   8.540   42   0.110   0.800   0.700
2012-08-18T21:08:39.700000Z  46.649  38.413  19.600   3.100   23   19   14 137.610  10.200   51   0.137   1.000   0.800
2012-08-18T21:09:40.700000Z  46.629  38.458  11.300   3.200   24   19   14 137.940   6.150   53   0.112   0.800   0.700
2012-08-18T21:20:44.400000Z  46.792  38.443  18.300   2.000   21   19   13 123.450  12.700   42   0.110   0.800   0.600
2012-08-18T21:29:15.700000Z  46.666  38.438  15.700   2.500   23   19   14 114.760   7.380   41   0.128   0.800   0.700
2012-08-18T21:41:10.800000Z  46.665  38.424  12.000   1.600   21   19   14 110.590   8.930   42   0.175   1.100   1.100
2012-08-18T22:11:10.300000Z  46.644  38.412  14.900   1.900   23   19   14 121.160  10.400   51   0.107   0.800   0.600
2012-08-18T22:52:25.500000Z  46.712  38.436  16.700   1.400   24   19   14 124.110   8.430   48   0.101   0.700   0.500
2012-08-18T23:14:44.000000Z  46.842  38.428  14.300   1.200   25   19   14 126.830  17.400   44   0.120   0.900   0.700
2012-08-18T23:47:23.400000Z  46.699  38.453  16.500   1.800   24   19   14 124.650   6.250   40   0.141   1.000   0.700
2012-08-18T23:54:42.700000Z  46.824  38.433  15.200   2.000   23   19   14 131.540  15.700   43   0.096   0.700   0.600
2012-08-19T00:04:54.000000Z  46.644  38.450  15.900   1.500   24   19   14 124.860   6.380   39   0.115   0.800   0.600
2012-08-19T00:37:07.000000Z  46.709  38.438  19.600   3.100   24   19   14 141.560  30.400   59   0.104   0.700   0.700
2012-08-19T00:55:17.200000Z  46.708  38.505  19.500   1.800   21   19   14 144.460   3.490   45   0.138   1.000   0.700
2012-08-19T01:12:38.000000Z  46.695  38.455  15.500   2.000   21   19   14 130.170   5.870   51   0.095   0.700   0.500
2012-08-19T01:29:34.600000Z  46.639  38.448  16.000   2.100   23   19   14 124.970   6.690   47   0.114   0.800   0.600
2012-08-19T01:58:30.600000Z  46.633  38.377  19.600   4.300   18   11   14 143.490  36.300   53   0.079   0.600   0.600
2012-08-19T02:23:12.200000Z  46.644  38.427  16.000   2.300   20   19   14 127.710   8.790   49   0.114   0.800   0.600
2012-08-19T02:26:30.300000Z  46.654  38.414  15.900   1.700   21   19   13 121.180  10.100   42   0.114   0.900   0.700
2012-08-19T03:29:48.600000Z  46.634  38.418  14.000   1.800   23   19   14 122.330   9.950   50   0.105   0.700   0.600
2012-08-19T03:47:59.100000Z  46.842  38.483  15.900   1.900   21   19   13 116.070  15.400   52   0.177   1.300   1.100
2012-08-19T04:39:28.000000Z  46.795  38.439  23.200   2.000   23   19   14 128.270  13.300   43   0.111   0.800   0.700
2012-08-19T05:10:15.700000Z  46.797  38.465  19.300   2.700   24   19   14 124.110  12.000   44   0.080   0.700   0.600
2012-08-19T08:18:27.700000Z  46.630  38.436   2.200   2.400   25   19   14 127.590   8.220   40   0.076   0.500   0.800
2012-08-19T08:25:19.900000Z  46.654  38.432   2.500   2.000   24   19   14 142.910  35.200   41   0.116   0.800   1.200
2012-08-19T10:51:59.500000Z  46.819  38.427   1.700   2.500   20   19   14 139.160  15.700   50   0.127   0.800   0.900
2012-08-19T13:41:51.100000Z  46.672  38.457  19.700   2.000   23   19   14 142.460  33.300   53   0.206   1.500   1.500
2012-08-19T14:40:59.600000Z  46.783  38.446  16.600   2.200   25   19   14 129.070  11.900   42   0.132   1.000   0.800
2012-08-19T15:32:29.400000Z  46.823  38.357  15.000   2.200   24   19   14 138.380  19.600   49   0.233   1.600   1.300
2012-08-19T22:30:29.400000Z  46.653  38.445  14.600   1.500   23   19   14 120.350   6.640   40   0.102   0.700   0.800
2012-08-19T23:27:02.400000Z  46.635  38.432  15.000   1.700   23   19   14 146.190  37.700   53   0.117   0.900   1.000
2012-08-20T01:04:22.600000Z  46.676  38.482   6.300   2.000   23   19   14 141.610  32.700   47   0.112   0.800   1.000
2012-08-20T01:24:12.800000Z  46.704  38.425   1.500   1.500   21   19   14 112.290   9.330   47   0.161   1.000   1.500
2012-08-20T01:45:10.500000Z  46.678  38.445   2.400   1.300   25   19   14 136.060   6.570   40   0.107   0.600   0.900
2012-08-20T02:04:58.700000Z  46.686  38.400  15.300   1.900   23   19   14 135.070  11.700   44   0.088   0.600   0.600
2012-08-20T04:09:59.600000Z  46.677  38.433  19.600   2.700   24   19   14 127.700   7.940   41   0.087   0.800   0.500
2012-08-20T06:06:14.600000Z  46.662  38.435  20.100   2.100   24   19   14 138.010   7.620   49   0.147   1.100   0.900
2012-08-20T06:59:31.800000Z  46.794  38.385  13.300   1.700   24   19   14 145.180  17.200   49   0.106   0.700   0.700
2012-08-20T10:06:32.600000Z  46.855  38.448   7.700   2.000   22   19   14 126.070  17.500   52   0.116   0.800   1.000
2012-08-20T12:21:03.500000Z  46.734  38.460  22.600   1.900   23   19   14 139.840   7.570   47   0.170   1.200   1.200
2012-08-20T14:53:29.500000Z  46.657  38.444  19.100   1.800   21   19   14 131.000  34.800   46   0.086   0.600   0.700
2012-08-20T16:54:52.100000Z  46.676  38.433  19.900   3.000   24   19   14 127.810   7.930   41   0.121   0.800   0.600
2012-08-20T20:32:50.400000Z  46.809  38.444  18.600   2.100   22   19   14 132.550  14.000   63   0.107   0.800   0.600
2012-08-20T21:17:40.200000Z  46.638  38.430   8.300   1.900   22   19   14 128.560   8.660   42   0.096   0.600   0.700
2012-08-20T21:24:17.700000Z  46.867  38.443  20.300   3.000   24   18   14 138.340  16.900   47   0.116   0.800   0.800
2012-08-20T21:37:38.800000Z  46.676  38.433   2.900   2.800   23   18   14 140.350  33.300   52   0.116   0.700   1.300
2012-08-20T22:20:12.400000Z  46.657  38.431   1.600   1.500   23   19   14 144.550  35.900   41   0.150   1.000   1.700
2012-08-21T03:31:54.900000Z  46.674  38.446  17.500   2.400   20   19   14 149.990   6.510   43   0.090   0.800   0.500
2012-08-21T05:23:59.000000Z  46.749  38.451   3.000   2.000   22   19   14 134.160   9.190   41   0.095   0.600   1.000
2012-08-21T08:38:50.600000Z  46.580  38.396  14.500   2.600   23   19   14 137.150  14.300   50   0.126   1.000   0.900
2012-08-21T09:15:12.000000Z  46.766  38.478   3.100   1.700   25   19   14 137.280   9.010   40   0.151   1.000   1.500
2012-08-21T10:24:46.800000Z  46.709  38.443   8.400   1.800   24   19   14 137.890  32.200   50   0.094   0.600   0.900
2012-08-21T17:43:02.200000Z  46.703  38.410  20.600   3.200   23   19   14 133.880  10.800   50   0.110   0.800   0.700
2012-08-22T04:24:53.800000Z  46.691  38.424   6.600   2.300   23   19   14 131.620  32.900   42   0.171   1.100   1.900
2012-08-22T09:50:22.800000Z  46.652  38.440  19.600   3.400   23   19   14 141.120  36.700   40   0.101   0.700   0.800
2012-08-22T10:08:09.500000Z  46.847  38.459  27.500   2.100   23   19   14 136.690  18.100   47   0.119   1.000   0.800
2012-08-22T11:33:50.600000Z  46.638  38.453   8.900   2.800   21   19   14 128.200  38.300   39   0.087   0.600   0.800
2012-08-22T14:45:02.500000Z  46.642  38.427  15.000   1.900   21   19   14 142.140   8.790   79   0.117   1.000   0.600
2012-08-22T15:37:57.600000Z  46.839  38.442  19.500   2.500   22   19   14 124.280  16.400   51   0.096   0.700   0.500
2012-08-22T15:55:46.800000Z  46.795  38.444  18.500   1.400   23   19   14 136.580  12.900   42   0.102   0.800   0.500
2012-08-22T16:29:10.700000Z  46.868  38.438  22.300   1.700   24   19   14 130.570  17.000   46   0.114   0.800   0.700
2012-08-22T18:32:35.400000Z  46.633  38.421  14.100   2.100   22   19   14 134.990  37.300   49   0.084   0.800   1.000
2012-08-22T21:40:45.400000Z  46.714  38.440   8.400   1.600   22   19   14 141.730  29.900   52   0.132   0.800   1.000
2012-08-23T00:10:39.300000Z  46.723  38.429  19.400   2.400   23   19   14 125.960  29.400   52   0.107   0.800   0.700
2012-08-23T00:16:44.600000Z  46.723  38.441   8.100   1.500   22   19   14 130.700  29.100   42   0.128   0.900   1.400
2012-08-23T00:56:25.900000Z  46.721  38.452   7.200   1.800   23   19   14 128.170   7.380   47   0.111   0.700   1.100
2012-08-23T02:37:15.300000Z  46.656  38.458  19.800   2.200   24   19   14 131.770   5.220   39   0.080   0.700   0.600
2012-08-23T04:06:37.000000Z  46.639  38.438  17.300   2.300   21   19   14 124.280   7.740   40   0.107   0.800   0.600
2012-08-23T08:23:42.200000Z  46.606  38.442   3.200   2.800   23   19   14 126.940   8.790   50   0.120   0.800   0.900
2012-08-23T12:14:46.300000Z  46.631  38.444   2.300   2.700   24   19   14 144.430   7.430   49   0.122   0.800   1.000
2012-08-23T12:31:57.100000Z  46.727  38.438   2.900   2.000   22   19   14 134.450   8.950   69   0.150   1.000   1.300
2012-08-23T14:52:19.300000Z  46.639  38.438  17.200   2.100   23   19   14 136.060   7.750   40   0.106   0.800   0.700
2012-08-23T16:37:19.300000Z  46.796  38.464   8.200   2.800   24   19   14 138.450  22.500   44   0.087   0.600   0.800
2012-08-23T17:18:12.100000Z  46.633  38.398  16.700   2.000   23   19   14 124.230  12.200   52   0.155   1.000   0.800
2012-08-23T20:31:29.400000Z  46.713  38.440  16.100   3.000   23   19   14 149.350  31.800   48   0.092   0.600   0.800
2012-08-23T22:56:32.900000Z  46.639  38.453  19.600   1.700   23   19   14 130.150   6.200   39   0.136   1.000   0.700
2012-08-24T05:14:47.400000Z  46.626  38.421   3.100   1.800   24   19   14 118.720   9.930   53   0.126   0.800   1.200
2012-08-24T07:38:39.400000Z  47.004  38.492  10.400   3.200   23   19   14 133.150   4.120   49   0.134   1.000   0.900
2012-08-24T09:49:29.700000Z  46.829  38.496  19.700   2.300   24   19   14 141.830  14.000   43   0.129   1.000   0.700
2012-08-24T10:44:03.600000Z  46.892  38.438  20.500   1.500   24   19   14 139.630  15.000   50   0.114   0.800   0.800
2012-08-24T11:11:20.800000Z  46.797  38.379   6.400   1.600   25   19   14 126.180  17.900   59   0.081   0.600   0.700
2012-08-24T12:02:55.100000Z  46.668  38.457  14.500   2.000   25   19   14 134.010   5.270   43   0.097   0.600   0.600
2012-08-24T12:14:53.600000Z  46.717  38.448  19.300   1.600   25   19   14 133.110   7.490   41   0.127   0.900   0.700
2012-08-24T15:50:11.900000Z  46.683  38.414   2.100   1.500   23   19   14 140.970  10.000   51   0.177   1.100   1.600
2012-08-24T16:08:30.200000Z  46.726  38.395  18.300   1.200   24   19   14 125.130  13.200   46   0.157   1.100   0.800
2012-08-24T16:37:38.200000Z  47.003  38.540   3.500   2.100   22   19   14 128.610   6.970   55   0.130   0.800   1.000
2012-08-24T21:42:07.200000Z  46.658  38.430   9.700   1.700   25   19   14 138.040  34.900   41   0.175   1.200   1.500
2012-08-24T21:44:06.800000Z  46.737  38.428  19.600   1.700   24   19   14 138.400  10.400   48   0.072   0.600   0.500
2012-08-24T22:43:36.200000Z  46.704  38.458  23.900   1.100   21   19   14 149.810  33.300   53   0.084   0.800   0.800
2012-08-24T23:20:32.600000Z  46.800  38.542   1.900   1.100   24   19   14 127.500  12.200   39   0.165   1.100   1.900
2012-08-24T23:57:20.200000Z  46.612  38.443  15.400   1.100   24   19   14 144.180   8.390   39   0.114   0.800   0.700
2012-08-25T00:09:04.200000Z  46.702  38.449   1.700   1.600   21   19   14 140.250   6.810   48   0.120   0.800   1.100
2012-08-25T00:58:55.400000Z  46.786  38.429  16.100   1.200   23   19   14 134.940  13.200   62   0.142   1.100   0.900
2012-08-25T02:55:50.300000Z  46.641  38.449  19.800   2.100   23   19   14 130.760   6.520   47   0.106   0.800   0.700
2012-08-25T06:09:46.200000Z  46.691  38.424  19.200   3.100   22   19   14 133.430   9.130   49   0.196   1.400   1.000
2012-08-25T07:33:34.300000Z  46.571  38.432   1.800   2.100   23   19   14 146.120  11.600   38   0.133   0.900   1.200
2012-08-25T07:46:21.100000Z  46.869  38.441  15.500   3.300   23   19   14 134.170  18.900   51   0.118   0.800   0.800
2012-08-25T14:59:32.400000Z  46.926  38.392   7.500   2.300   24   19   14 127.540  13.000   52   0.158   1.000   1.200
2012-08-25T17:14:24.500000Z  46.646  38.446   2.800   1.600   25   19   14 144.060   6.730   39   0.125   0.800   1.000
2012-08-25T19:59:28.300000Z  46.925  38.441  11.900   1.800   23   19   14 140.400  12.300   52   0.114   0.900   0.900
2012-08-25T20:03:41.600000Z  46.636  38.414  20.400   2.600   24   19   14 127.220  10.400   41   0.094   0.800   0.600
2012-08-26T01:28:37.200000Z  46.656  38.448  19.100   2.600   23   19   14 147.740  34.800   40   0.096   0.700   0.700
2012-08-26T04:01:33.500000Z  46.641  38.403  20.500   2.300   24   19   14 118.780  11.500   43   0.093   0.800   0.700
2012-08-26T05:22:11.900000Z  46.709  38.445  18.200   2.800   22   19   14 136.550   7.520   48   0.123   0.900   0.800
2012-08-26T09:36:53.300000Z  46.643  38.444  15.500   3.900   22   15   14 124.930   6.980   48   0.137   1.000   0.900
2012-08-26T09:43:22.200000Z  46.642  38.455  16.900   4.000   21   15   14 118.200   5.890   39   0.097   0.800   0.700
2012-08-26T11:15:28.100000Z  46.676  38.431  19.100   2.300   25   19   14 143.870   8.100   41   0.095   0.800   0.500
2012-08-26T12:50:55.300000Z  46.703  38.389  13.300   1.900   23   19   14 143.490  30.700   45   0.133   0.900   1.100
2012-08-26T12:52:35.300000Z  46.630  38.435   4.400   1.800   22   19   14 122.540   8.390   64   0.124   0.800   1.300
2012-08-26T13:05:19.700000Z  46.632  38.438  11.200   2.100   24   19   14 136.570   7.940   48   0.091   0.700   0.800
2012-08-26T13:08:36.000000Z  46.657  38.440  15.800   3.800   22   16   14 135.620  34.800   40   0.144   1.000   1.100
2012-08-26T13:44:31.000000Z  46.741  38.387   8.600   1.500   21   19   14 128.570  14.500   46   0.139   1.000   1.000
2012-08-26T14:26:50.100000Z  46.702  38.348  11.900   1.800   24   19   14 130.860  17.500   49   0.175   1.100   1.100
2012-08-26T14:51:03.000000Z  46.840  38.445  17.700   1.700   23   19   14 131.610  16.400   44   0.098   0.600   0.600
2012-08-26T18:15:32.200000Z  46.865  38.425  13.100   3.400   24   17   14 135.490  17.700   45   0.168   1.200   0.900
2012-08-26T19:22:09.400000Z  46.633  38.432   2.200   1.300   23   19   14 129.910   8.580   40   0.096   0.600   0.800
2012-08-26T20:12:37.700000Z  46.660  38.429  15.400   1.300   24   19   14 132.840   8.340   45   0.168   1.200   1.000
2012-08-26T20:57:08.200000Z  46.708  38.462   1.200   1.700   23   19   14 135.900  30.100   53   0.108   0.600   1.400
2012-08-26T22:48:14.400000Z  46.668  38.481  14.100   2.800   25   19   14 143.460   2.590   45   0.166   1.100   0.900
2012-08-27T02:46:27.900000Z  46.646  38.418  19.600   1.700   22   19   14 123.280   9.780   50   0.113   0.800   0.700
2012-08-27T05:08:07.000000Z  46.582  38.444   2.400   1.900   24   19   14 132.170  10.100   37   0.129   0.900   1.200
2012-08-27T06:30:56.000000Z  46.697  38.406   2.400   2.100   25   19   14 136.360  11.100   44   0.162   1.000   1.400
2012-08-27T11:01:13.400000Z  46.692  38.399  20.000   2.500   24   19   14 142.060  11.900   44   0.151   1.000   1.100
2012-08-27T13:46:34.600000Z  46.702  38.370  18.900   1.700   22   19   14 126.340  15.200   52   0.154   1.100   0.900
2012-08-27T15:10:34.900000Z  46.844  38.402  16.500   1.600   21   19   14 138.460  19.100   61   0.162   1.100   1.100
2012-08-27T16:52:14.000000Z  46.865  38.429  20.300   2.200   22   19   14 140.440  17.600   45   0.118   0.900   0.900
2012-08-27T17:55:09.000000Z  46.808  38.389  18.300   2.000   25   19   14 135.820  21.900   47   0.113   0.900   0.900
2012-08-27T21:03:27.100000Z  46.674  38.400  13.800   1.900   24   19   14 144.420  11.500   44   0.091   0.800   0.600
2012-08-27T22:48:15.800000Z  46.735  38.342   8.100   1.300   24   19   14 130.140  18.900   51   0.183   1.100   1.300
2012-08-27T23:56:30.900000Z  46.884  38.438   8.700   3.400   23   18   14 144.650  19.200   49   0.142   1.000   1.300
2012-08-28T00:28:01.100000Z  46.694  38.386   0.600   1.500   24   19   14 122.490  13.300   46   0.139   0.900   1.200
2012-08-28T01:55:36.000000Z  46.703  38.408  11.300   2.000   22   19   14 131.150  11.100   46   0.077   0.600   0.600
2012-08-28T02:21:14.500000Z  46.584  38.430  21.000   2.500   23   19   14 138.800  11.000   47   0.125   0.900   0.800
2012-08-28T03:33:23.000000Z  46.666  38.392  14.700   1.800   23   19   14 133.700  12.400   44   0.163   1.200   1.000
2012-08-28T03:41:07.800000Z  46.777  38.405  23.100   2.100   24   19   14 130.780  14.500   45   0.108   0.800   0.700
2012-08-28T03:54:51.200000Z  46.629  38.429  19.300   1.400   24   19   14 125.230   8.990   40   0.086   0.600   0.600
2012-08-28T04:13:21.900000Z  46.786  38.380  13.800   1.400   23   19   14 127.020  17.100   47   0.151   1.000   0.800
2012-08-28T04:38:46.700000Z  46.781  38.400  20.300   2.400   24   19   14 135.930  15.100   46   0.122   0.900   0.800
2012-08-28T05:11:25.400000Z  46.739  38.442  24.400   1.700   24   19   14 151.450   9.230   47   0.129   1.100   0.800
2012-08-28T05:35:42.800000Z  46.656  38.389  19.200   1.300   23   19   14 147.440  34.600   44   0.125   1.000   0.900
2012-08-28T12:25:58.500000Z  46.592  38.428   2.100   1.900   23   19   14 129.170  10.700   47   0.109   0.800   0.800
2012-08-28T14:34:06.700000Z  46.721  38.398  12.000   1.700   22   19   14 124.620  12.600   49   0.104   0.700   0.700
2012-08-28T17:46:31.400000Z  46.739  38.437  19.900   3.300   22   18   14 123.040  27.800   42   0.113   0.800   0.700
2012-08-28T17:58:51.900000Z  46.638  38.415  19.600   3.700   22   16   14 134.640  10.200   50   0.091   0.800   0.600
2012-08-28T18:21:13.800000Z  46.659  38.400  16.700   1.900   22   19   14 131.790  11.500   43   0.060   0.600   0.500
2012-08-28T19:01:46.500000Z  46.664  38.428  14.000   1.200   21   19   14 126.100   8.390   51   0.103   0.700   0.600
2012-08-28T20:32:12.200000Z  46.651  38.414   3.400   1.900   23   19   14 146.820  10.100   79   0.110   0.800   0.800
2012-08-29T00:27:05.100000Z  46.596  38.422  19.600   2.500   25   19   14 133.870  11.000   48   0.156   1.100   1.000
2012-08-29T01:01:26.300000Z  46.847  38.446  31.500   1.700   23   19   14 125.460  16.900   50   0.122   0.900   0.700
2012-08-29T08:56:38.800000Z  46.683  38.506   4.100   2.600   25   19   14 121.160   1.360   37   0.130   0.800   0.900
2012-08-29T10:43:13.000000Z  46.663  38.408  16.800   2.200   24   19   14 136.820  10.700   43   0.169   1.200   1.000
2012-08-29T11:46:27.500000Z  46.634  38.421  19.100   3.900   21   15   14 123.080   9.700   41   0.104   0.800   0.600
2012-08-29T12:10:31.000000Z  46.701  38.427  21.300   2.500   23   19   14 121.370   8.990   65   0.139   1.000   1.200
2012-08-29T13:32:44.400000Z  46.848  38.411  23.200   1.900   23   19   14 136.070  18.700   46   0.128   0.900   0.900
2012-08-29T13:46:42.400000Z  46.783  38.369  14.400   2.100   22   19   14 125.990  18.000   49   0.113   0.900   0.800
2012-08-29T18:30:50.300000Z  46.648  38.394  19.500   1.800   22   19   14 135.240  12.400   44   0.112   0.800   0.600
2012-08-30T03:42:46.400000Z  46.638  38.455  17.900   2.400   22   19   14 131.760  36.300   39   0.064   0.600   0.600
2012-08-30T06:25:50.500000Z  46.707  38.441  10.800   2.700   25   19   14 143.500   7.810   52   0.160   1.000   1.000
2012-08-30T06:30:42.900000Z  46.863  38.453  14.200   2.600   25   19   14 134.930  16.900   54   0.115   0.800   0.700
2012-08-30T06:45:56.400000Z  46.689  38.427   6.900   1.900   23   19   14 121.330   8.760   42   0.105   0.800   0.900
2012-08-30T10:16:10.100000Z  46.887  38.443  13.800   2.800   22   19   14 132.940  15.200   55   0.118   0.900   0.700
2012-08-30T11:33:16.800000Z  46.673  38.448  19.300   2.300   24   19   14 135.270   6.250   57   0.085   0.700   0.500
2012-08-30T21:03:18.400000Z  46.566  38.501   7.800   2.700   25   19   14 131.250   8.950   59   0.125   0.900   0.900
2012-08-30T21:43:49.300000Z  46.563  38.434  18.400   1.800   23   19   14 149.100  42.300   37   0.076   0.600   0.600
2012-08-31T02:58:33.200000Z  46.932  38.499  10.800   2.100   22   19   14 138.280  10.400   49   0.122   1.000   0.800
2012-08-31T04:00:59.200000Z  46.609  38.445  20.400   2.500   23   19   14 124.040   8.380   53   0.096   0.800   0.700
2012-08-31T09:08:19.600000Z  46.710  38.511  16.500   2.300   25   19   14 124.010   3.750   37   0.113   0.800   0.700
2012-08-31T11:14:26.400000Z  46.720  38.385   8.600   2.100   23   19   14 145.420  14.000   49   0.151   1.000   1.100
2012-08-31T11:31:18.700000Z  46.659  38.381  12.200   2.100   26   19   14 138.820  13.700   45   0.197   1.300   1.200
2012-08-31T20:16:00.400000Z  46.768  38.374   1.900   1.900   23   19   14 134.400  16.800   48   0.144   1.000   1.100
2012-08-31T21:14:55.500000Z  46.652  38.432   8.800   1.400   24   19   14 139.200   8.060   41   0.117   0.800   0.800
2012-08-31T22:41:14.400000Z  46.695  38.396  25.800   1.400   22   19   14 130.860  31.500   45   0.080   0.600   0.600
2012-08-31T22:52:21.000000Z  46.721  38.389  24.300   2.400   22   19   14 134.390  13.500   46   0.132   1.000   0.800
2012-09-01T00:58:21.600000Z  46.782  38.363   5.100   1.400   24   19   14 134.040  18.500   50   0.097   0.600   0.900
2012-09-01T01:44:29.000000Z  46.651  38.392   2.300   1.500   23   19   14 131.240  12.500   52   0.126   0.800   1.000
2012-09-01T02:01:47.500000Z  46.682  38.358   9.800   1.400   25   19   14 133.340  16.200   48   0.232   1.500   1.600
2012-09-01T05:04:04.000000Z  46.775  38.397  19.400   3.500   22   13   14 140.260  15.100   46   0.096   0.800   0.600
2012-09-01T06:20:20.900000Z  46.756  38.442  18.800   3.000   24   19   14 138.370  10.300   42   0.105   0.700   0.600
2012-09-01T06:22:17.500000Z  46.637  38.441  12.100   2.400   23   19   14 118.450   7.540   40   0.133   0.900   0.800
2012-09-01T06:36:36.700000Z  46.613  38.457  15.000   2.600   23   19   14 136.270  38.400   38   0.090   0.700   0.800
2012-09-01T07:12:12.000000Z  46.710  38.368  13.800   2.200   24   19   14 138.680  15.500   47   0.127   0.900   0.700
2012-09-01T13:21:57.700000Z  46.706  38.392  19.700   2.300   25   19   14 142.010  30.500   45   0.122   0.900   0.900
2012-09-01T14:26:05.300000Z  46.931  38.478  19.800   1.900   24   19   14 139.790  10.600   52   0.103   0.800   0.700
2012-09-01T16:38:47.200000Z  46.938  38.320   9.200   1.600   23   19   14 135.530   9.140   46   0.107   0.800   0.700
2012-09-01T17:48:10.200000Z  46.862  38.383  13.900   1.700   24   19   14 136.750  17.300   50   0.115   0.800   0.600
2012-09-01T17:51:48.300000Z  46.715  38.376  16.700   1.700   22   19   14 121.360  14.800   47   0.103   0.700   0.600
2012-09-01T19:26:16.500000Z  46.635  38.365   1.900   1.600   25   19   14 133.340  15.700   46   0.136   0.800   1.200
2012-09-01T19:37:58.500000Z  46.777  38.381  18.500   1.700   22   19   14 136.130  24.200   55   0.129   1.000   0.900
2012-09-01T19:51:35.500000Z  46.784  38.373  18.600   2.000   23   19   14 135.880  17.800   48   0.106   0.800   0.600
2012-09-01T20:59:34.300000Z  46.793  38.381  17.500   2.800   21   19   14 126.510  17.500   47   0.110   0.800   0.600
2012-09-01T21:16:11.100000Z  46.813  38.388  19.800   1.100   24   19   14 131.080  18.100   47   0.107   0.800   0.600
2012-09-01T22:17:44.700000Z  46.728  38.416  17.500   2.300   24   19   14 144.930  29.300   44   0.083   0.600   0.600
2012-09-02T01:33:45.000000Z  46.928  38.312   9.900   1.600   22   19   14 136.070   9.960   47   0.121   0.800   0.700
2012-09-02T02:53:47.600000Z  46.852  38.392  17.900   3.400   24   19   14 134.240  18.500   50   0.125   0.900   0.600
2012-09-02T04:11:26.300000Z  46.778  38.423  19.900   2.900   24   19   14 134.750  13.100   44   0.159   1.100   0.800
2012-09-02T08:50:11.700000Z  46.786  38.431  16.800   4.200   21   12   14 137.040  13.100   46   0.157   1.100   0.900
2012-09-02T09:03:16.900000Z  46.788  38.404  17.300   3.400   21   19   14 130.620  24.200   48   0.104   0.700   0.700
2012-09-02T09:24:34.900000Z  46.716  38.449  28.900   2.700   23   19   14 135.040  32.000   41   0.082   0.600   0.700
2012-09-02T11:11:51.000000Z  46.642  38.381  20.300   3.100   22   19   14 135.160  13.900   49   0.089   0.800   0.700
2012-09-02T13:44:03.800000Z  46.686  38.387  17.800   3.000   23   19   14 127.880  13.000   45   0.096   0.600   0.500
2012-09-02T14:22:21.000000Z  46.760  38.399  20.500   2.000   25   19   14 149.320  14.100   46   0.185   1.300   1.400
2012-09-02T15:36:24.500000Z  46.769  38.366   9.200   1.900   22   19   14 138.890  17.600   49   0.107   0.800   0.800
2012-09-02T21:26:29.700000Z  46.713  38.434  23.800   1.900   23   19   14 146.790   8.700   42   0.084   0.800   0.600
2012-09-02T23:16:42.600000Z  46.709  38.219   5.300   2.400   23   19   14 128.870  31.200   62   0.090   0.600   0.900
2012-09-03T04:43:10.400000Z  46.639  38.440  15.600   2.900   23   19   14 117.930   7.540   59   0.125   0.800   0.700
2012-09-03T05:58:15.000000Z  46.715  38.390  23.200   2.500   22   19   14 122.580  29.700   51   0.095   0.700   0.800
2012-09-03T13:59:30.300000Z  46.838  38.370  15.500   2.200   22   19   14 152.730  18.700   48   0.180   1.200   1.000
2012-09-03T14:19:25.100000Z  46.801  38.340   8.500   1.900   22   19   14 138.930  21.200   51   0.148   1.000   1.000
2012-09-03T16:21:11.000000Z  46.700  38.392  19.500   2.100   24   19   14 129.920  12.700   45   0.088   0.600   0.600
2012-09-03T16:29:59.100000Z  46.859  38.382  20.500   1.800   23   19   14 143.370  17.500   47   0.093   0.700   0.700
2012-09-03T17:17:11.700000Z  46.860  38.408  20.400   2.200   22   19   14 139.230  18.800   45   0.101   0.700   0.800
2012-09-03T17:17:34.600000Z  46.852  38.417  19.300   2.200   23   19   14 123.340  18.700   51   0.116   0.800   0.600
2012-09-03T20:11:43.800000Z  46.840  38.334   2.100   1.900   23   19   14 144.210  17.700   50   0.105   0.600   1.000
2012-09-03T22:23:46.400000Z  46.635  38.379  15.500   1.500   24   19   14 140.700  14.200   44   0.090   0.600   0.600
2012-09-03T23:30:50.800000Z  46.780  38.394   8.800   1.200   24   19   14 147.590  15.700   49   0.155   1.100   1.100
2012-09-03T23:59:57.400000Z  46.792  38.361   2.300   1.200   25   19   14 128.720  19.200   49   0.092   0.600   1.000
2012-09-04T00:21:16.400000Z  46.775  38.391  24.800   1.500   25   19   14 143.450  15.600   46   0.117   0.800   0.700
2012-09-04T00:42:56.000000Z  46.782  38.542  16.000   1.000   24   19   14 132.680  10.800   36   0.168   1.200   1.200
2012-09-04T00:50:38.600000Z  46.785  38.376  18.300   2.200   23   19   14 111.760  17.500   48   0.101   0.600   0.600
2012-09-04T02:08:31.200000Z  46.636  38.399  18.300   1.300   22   19   14 117.100  12.000   43   0.089   0.600   0.500
2012-09-04T02:09:04.000000Z  46.659  38.397  18.900   1.400   23   19   14 130.600  11.900   44   0.146   1.000   0.900
2012-09-04T03:13:48.700000Z  46.697  38.397  20.300   2.900   25   19   14 127.240  12.100   45   0.078   0.600   0.700
2012-09-04T04:20:28.900000Z  46.688  38.388  20.200   2.800   24   19   14 119.080  12.900   51   0.111   0.800   0.900
2012-09-04T05:43:57.200000Z  46.721  38.398  19.600   2.700   25   19   14 141.420  12.600   50   0.085   0.700   0.600
2012-09-04T08:16:12.800000Z  46.778  38.391  18.700   2.500   23   19   14 134.550  15.800   46   0.130   0.900   0.700
2012-09-04T13:55:56.900000Z  46.701  38.330   2.400   2.200   21   19   14 139.510  29.900   51   0.094   0.600   1.100
2012-09-04T14:21:11.200000Z  46.713  38.381   1.200   1.800   24   19   14 126.080  14.200   51   0.120   0.800   1.200
2012-09-04T17:25:39.600000Z  46.812  38.376  19.300   2.300   22   19   14 120.730  19.000   50   0.102   0.800   0.500
2012-09-04T17:52:32.900000Z  46.798  38.371  15.300   1.200   24   19   14 127.210  18.600   48   0.175   1.100   1.000
2012-09-04T18:15:09.700000Z  46.719  38.436  29.200   1.300   25   19   14 132.790   8.810   42   0.107   0.900   0.700
2012-09-04T18:33:31.000000Z  46.799  38.385  17.600   1.300   22   19   14 138.250  17.500   47   0.082   0.700   0.600
2012-09-04T19:17:59.100000Z  46.812  38.404  16.900   1.400   23   19   14 124.330  16.800   51   0.157   1.100   0.900
2012-09-04T22:42:58.000000Z  47.067  38.317   4.000   0.700   22   19   14 122.140   2.210   63   0.136   0.900   0.700
2012-09-04T23:53:45.100000Z  46.779  38.328   3.100   1.000   23   19   14 122.040  21.900   52   0.082   0.600   1.000
2012-09-05T01:28:05.600000Z  46.792  38.441   8.900   1.500   22   19   14 130.630  12.900   52   0.164   1.000   1.200
2012-09-05T03:02:42.500000Z  46.652  38.429  16.700   2.600   23   19   14 138.610  35.400   53   0.101   0.700   0.700
2012-09-05T09:33:46.200000Z  46.718  38.396  15.500   3.900   23   17   14 145.900  12.700   82   0.145   1.000   0.900
2012-09-05T12:14:04.500000Z  46.667  38.448  13.600   2.900   24   19   14 141.340  33.900   53   0.203   1.300   1.300
2012-09-05T15:07:19.900000Z  46.780  38.398  18.900   1.700   24   19   14 133.500  15.300   46   0.109   0.800   0.700
2012-09-05T16:00:07.000000Z  46.685  38.375  19.700   2.200   23   19   14 137.750  14.400   46   0.086   0.600   0.500
2012-09-05T17:14:37.000000Z  46.850  38.382  15.100   2.000   21   19   14 142.170  18.200   47   0.153   1.200   0.900
2012-09-05T18:47:39.000000Z  46.631  38.399  19.700   2.400   24   19   14 131.450  12.000   43   0.075   0.600   0.400
2012-09-05T19:03:13.800000Z  46.805  38.432  19.400   2.200   22   19   14 130.570  14.400   50   0.160   1.100   0.800
2012-09-05T21:26:42.100000Z  46.800  38.375  18.200   1.600   24   19   14 130.390  18.300   48   0.078   0.600   0.400
2012-09-05T23:48:36.900000Z  46.862  38.421   3.500   2.000   23   19   14 145.180  18.100   54   0.083   0.600   1.000
2012-09-06T01:19:42.400000Z  46.770  38.423  20.700   2.300   22   19   14 138.020  12.700   44   0.100   0.800   0.700
2012-09-06T02:19:16.400000Z  46.837  38.382  18.900   2.400   21   19   14 131.990  19.300   48   0.073   0.600   0.500
2012-09-06T08:51:17.700000Z  46.654  38.380  19.400   2.000   25   19   14 132.300  34.600   45   0.084   0.600   0.600
2012-09-06T10:38:31.400000Z  46.814  38.393  14.600   2.200   24   19   14 142.010  17.700   46   0.159   1.200   1.200
2012-09-06T20:23:33.900000Z  46.645  38.409  19.400   2.100   22   19   14 132.210  36.100   52   0.111   0.900   0.800
2012-09-06T20:33:21.900000Z  46.867  38.385  20.100   2.200   26   19   14 131.610  17.000   46   0.071   0.600   0.600
2012-09-06T22:02:27.400000Z  46.853  38.358  17.800   1.800   23   19   14 138.040  17.100   80   0.098   0.700   0.600
2012-09-06T22:07:25.600000Z  46.688  38.378  19.300   1.500   24   19   14 126.980  14.100   46   0.078   0.600   0.400
2012-09-06T23:38:05.000000Z  46.702  38.399  19.500   1.300   22   19   14 121.330  12.000   50   0.118   0.800   0.700
2012-09-06T23:56:04.100000Z  46.770  38.375  14.400   1.200   24   19   14 126.970  16.800   48   0.098   0.700   0.700
2012-09-07T02:35:38.200000Z  47.064  38.444   3.200   1.400   22   19   14 142.870   5.270   58   0.135   0.900   0.800
2012-09-07T05:41:29.400000Z  46.785  38.662   2.500   1.500   22   19   14 139.780  20.200   57   0.126   0.800   1.500
2012-09-07T12:46:24.500000Z  46.721  38.376  19.800   3.200   22   19   14 136.000  14.900   47   0.070   0.600   0.400
2012-09-07T16:10:54.900000Z  46.789  38.436  20.500   2.700   22   19   14 135.590  13.000   43   0.131   1.000   0.900
2012-09-07T16:49:54.500000Z  46.660  38.400  16.000   1.700   24   19   14 138.530  34.600   43   0.082   0.600   0.600
2012-09-07T17:25:50.700000Z  46.813  38.387  17.300   2.000   24   19   14 130.320  18.200   47   0.099   0.800   0.700
2012-09-07T17:48:16.900000Z  46.848  38.188  15.800   1.400   23   19   14 146.500  22.300   57   0.105   0.800   0.700
2012-09-07T17:53:54.700000Z  46.718  38.376  17.500   1.700   24   19   14 154.980  14.900   84   0.089   0.700   0.600
2012-09-07T19:17:21.400000Z  46.790  38.450  19.100   2.500   26   19   14 141.570  12.200   42   0.097   0.700   0.700
2012-09-07T19:29:15.900000Z  46.708  38.391  18.900   2.500   25   19   14 135.480  30.300   51   0.150   1.000   1.000
2012-09-07T19:49:29.800000Z  46.804  38.348  10.200   1.400   23   19   14 136.720  20.900   50   0.168   1.000   1.100
2012-09-07T20:00:07.100000Z  46.804  38.387  14.500   1.700   24   19   14 133.610  17.500   47   0.149   1.000   0.800
2012-09-07T20:47:23.000000Z  46.812  38.378  13.800   1.400   25   19   14 137.330  18.800   48   0.105   0.800   0.600
2012-09-07T21:33:48.900000Z  46.656  38.374   2.500   1.700   26   19   14 122.290  14.400   46   0.177   1.100   1.700
2012-09-07T21:36:57.200000Z  46.895  38.381  18.200   2.100   25   19   14 140.870  14.600   49   0.098   0.700   0.600
2012-09-07T23:37:53.000000Z  46.849  38.366   1.700   1.300   24   19   14 135.050  17.700   49   0.117   0.700   0.900
2012-09-08T00:53:37.200000Z  46.742  38.455  20.600   2.300   24   19   14 126.330   8.410   41   0.178   1.300   1.100
2012-09-08T01:12:30.200000Z  46.768  38.380  14.600   1.400   25   19   14 132.880  16.300   47   0.186   1.200   1.200
2012-09-08T02:31:18.700000Z  46.865  38.414  23.100   1.300   24   19   14 126.990  18.300   45   0.086   0.600   0.600
2012-09-08T04:16:15.600000Z  46.664  38.387  15.400   2.300   24   19   14 136.020  13.000   45   0.105   0.700   0.600
2012-09-08T04:46:49.600000Z  46.648  38.362  19.600   1.600   24   19   14 137.790  34.800   46   0.115   0.900   0.800
2012-09-08T06:52:31.000000Z  46.703  38.385  16.300   3.200   25   19   14 142.940  13.500   51   0.106   0.800   0.600
2012-09-08T08:30:04.000000Z  46.774  38.389  13.500   2.500   25   19   14 131.670  15.700   47   0.135   0.900   0.900
2012-09-08T09:38:37.700000Z  46.797  38.323  10.000   2.000   21   19   14 127.390  21.400   53   0.131   0.900   0.900
2012-09-08T14:01:12.200000Z  46.647  38.371   1.200   1.900   24   19   14 133.830  14.800   47   0.124   0.800   1.200
2012-09-08T20:35:44.700000Z  46.854  38.379  13.200   3.600   23   17   14 142.220  17.700   47   0.114   0.900   0.700
2012-09-08T21:04:45.200000Z  46.783  38.371  12.400   1.600   23   19   14 136.010  23.400   49   0.116   0.900   0.800
2012-09-08T21:24:06.500000Z  46.692  38.454   3.500   2.000   23   19   14 139.720   5.900   40   0.168   1.100   1.000
2012-09-09T04:50:28.100000Z  46.713  38.386  14.500   1.600   22   19   14 132.030  13.700   46   0.150   1.100   0.800
2012-09-09T10:08:20.700000Z  46.840  38.394  18.700   3.000   23   19   14 113.430  19.400   84   0.090   0.600   0.500
2012-09-09T13:58:18.300000Z  46.688  38.365  18.800   2.700   23   19   14 137.420  15.600   47   0.195   1.200   1.100
2012-09-09T17:40:01.600000Z  46.677  38.388   1.600   1.600   23   19   14 140.900  12.900   54   0.120   0.800   1.000
2012-09-09T20:25:44.600000Z  46.648  38.381  17.300   2.000   23   19   14 128.140  13.800   45   0.105   0.700   0.700
2012-09-09T22:07:00.100000Z  46.665  38.441  20.300   2.000   24   19   14 134.980   6.990   48   0.108   0.800   0.700
2012-09-09T22:07:57.800000Z  46.656  38.396   8.500   1.400   21   19   14 136.350  34.800   44   0.119   0.900   1.100
2012-09-09T22:50:38.900000Z  46.871  38.342   7.500   1.800   24   19   14 129.280  15.200   49   0.143   1.000   1.100
2012-09-10T01:47:03.000000Z  46.714  38.444  16.800   1.700   23   19   14 127.030   7.770   42   0.116   0.900   0.800
2012-09-10T02:02:13.100000Z  46.831  38.403  19.400   2.900   23   19   14 134.760  18.100   47   0.177   1.300   1.000
2012-09-10T08:55:50.300000Z  46.698  38.387  19.800   3.800   19   10   14 126.920  31.000   82   0.100   0.900   0.800
2012-09-10T13:28:35.700000Z  46.730  38.219  15.000   2.000   24   19   14 129.250  29.500   61   0.131   0.900   0.800
2012-09-10T17:25:44.600000Z  46.632  38.396   2.700   1.800   22   19   14 129.950  12.400   43   0.089   0.600   0.800
2012-09-10T19:32:18.100000Z  46.773  38.494  24.300   1.900   23   19   14 140.530   9.210   50   0.090   0.800   0.600
2012-09-11T00:09:48.700000Z  46.534  38.399  20.400   1.100   23   19   14 125.620  16.600   38   0.157   1.100   1.100
2012-09-11T03:23:33.300000Z  46.772  38.387  17.300   2.300   24   19   14 133.050  15.900   49   0.096   0.600   0.600
2012-09-11T03:25:33.500000Z  46.642  38.398  17.800   2.300   25   19   14 135.920  36.000   43   0.094   0.600   0.600
2012-09-11T10:30:33.300000Z  46.643  38.404  19.400   3.300   20   16   14 138.100  36.200   52   0.097   0.800   0.700
2012-09-11T16:30:16.500000Z  46.806  38.342   2.400   1.200   22   19   14 147.360  20.800   51   0.176   1.100   1.800
2012-09-11T17:38:52.800000Z  46.920  38.338   2.300   1.800   23   19   14 146.770  10.900   46   0.107   0.800   0.800
2012-09-11T21:41:12.700000Z  46.917  38.354  12.500   1.800   22   19   14 148.320  11.600   49   0.159   1.000   0.900
2012-09-11T22:48:26.400000Z  46.706  38.442  21.200   2.100   22   19   14 128.750   7.650   41   0.100   0.800   0.600
2012-09-12T09:15:43.600000Z  46.654  38.360   1.400   2.000   23   19   14 133.370  16.100   47   0.104   0.600   1.000
2012-09-12T10:03:30.200000Z  46.658  38.383   2.400   2.300   25   19   14 140.840  13.400   45   0.093   0.600   0.800
2012-09-12T12:44:25.700000Z  46.690  38.386  19.600   1.500   23   19   14 120.700  13.200   52   0.095   0.600   0.500
2012-09-12T12:59:25.200000Z  46.673  38.384  14.600   2.900   24   19   14 128.350  13.300   45   0.134   0.900   0.700
2012-09-12T20:33:52.700000Z  46.640  38.384  14.200   1.400   24   19   14 138.210  13.600   53   0.122   0.900   0.800
2012-09-12T20:41:41.700000Z  46.541  38.445  11.700   1.800   26   19   14 128.960  12.900   36   0.155   1.000   1.100
2012-09-12T22:46:04.300000Z  46.645  38.398   1.900   1.300   25   19   14 124.480  11.900   43   0.125   0.800   1.200
2012-09-12T23:11:17.500000Z  46.705  38.394  18.800   0.700   24   19   14 127.260  12.600   45   0.111   0.800   0.700
2012-09-13T00:19:48.100000Z  46.667  38.428  16.200   1.700   20   19   14 115.450   8.460   41   0.081   0.600   0.500
2012-09-13T01:51:46.000000Z  46.647  38.384  14.300   1.700   25   19   14 141.980  13.400   47   0.161   1.200   1.200
2012-09-13T04:27:37.500000Z  46.839  38.414  19.900   2.100   23   19   14 151.880  20.400   45   0.096   0.800   0.800
2012-09-13T12:12:13.200000Z  46.866  38.426  19.100   2.500   21   19   14 132.240  17.600   57   0.163   1.100   1.000
2012-09-13T14:15:49.200000Z  46.705  38.397  19.500   1.600   24   19   14 150.820  30.700   45   0.087   0.600   0.700
2012-09-13T14:51:29.000000Z  46.634  38.379   2.200   2.100   24   19   14 126.380  14.200   44   0.143   0.900   1.100
2012-09-13T16:48:09.900000Z  46.863  38.336   7.000   1.700   26   19   14 139.390  15.800   51   0.055   0.500   0.500
2012-09-13T17:42:24.500000Z  46.772  38.372  17.900   1.900   24   19   14 138.250  24.400   48   0.107   0.900   0.800
2012-09-13T18:19:28.400000Z  46.652  38.399  13.200   1.800   25   19   14 142.040  11.700   47   0.084   0.600   0.600
2012-09-13T19:05:15.500000Z  46.793  38.356  10.300   1.800   23   19   14 120.200  19.700   73   0.105   0.700   0.800
2012-09-13T19:45:20.500000Z  46.701  38.389  19.900   3.200   23   13   14 125.650  13.100   45   0.110   0.800   0.600
2012-09-13T22:30:04.200000Z  46.868  38.385  16.900   1.600   23   19   14 147.700  16.900   54   0.120   0.900   0.800
2012-09-13T22:57:56.300000Z  46.645  38.398  15.200   1.600   24   19   14 138.650  12.000   43   0.116   0.900   0.700
2012-09-13T23:56:12.800000Z  46.728  38.382  28.300   1.100   25   19   14 129.460  14.500   47   0.073   0.600   0.400
2012-09-14T00:42:36.800000Z  46.825  38.391  17.700   2.500   25   19   14 130.920  18.600   47   0.105   0.800   0.600
2012-09-14T02:19:38.200000Z  46.662  38.384  15.000   3.500   23   19   14 150.150  34.000   45   0.107   0.900   0.900
2012-09-14T13:21:02.200000Z  46.775  38.360  10.400   1.800   24   19   14 133.470  18.500   49   0.105   0.700   0.800
2012-09-14T14:32:33.300000Z  46.617  38.429  19.300   2.700   24   19   14 137.290   9.420   79   0.098   0.800   0.500
2012-09-14T16:41:05.000000Z  46.802  38.384  13.700   2.400   24   19   14 133.120  17.700   47   0.096   0.600   0.600
2012-09-15T11:01:17.500000Z  46.789  38.373  19.100   2.700   27   19   14 132.590  18.000   48   0.094   0.600   0.500
2012-09-15T19:19:21.200000Z  46.803  38.403  18.800   2.200   25   19   14 127.960  16.300   46   0.168   1.200   0.900
2012-09-15T20:28:29.300000Z  46.789  38.376  11.800   1.500   23   19   14 134.480  23.000   48   0.176   1.200   1.200
2012-09-15T21:17:11.200000Z  46.857  38.370  18.600   1.700   22   19   14 124.270  17.200   47   0.113   0.800   0.500
2012-09-16T01:01:33.700000Z  46.568  38.385   1.500   0.900   24   19   14 148.880  15.900   41   0.100   0.600   0.900
2012-09-16T17:12:51.300000Z  46.864  38.400  18.200   2.400   23   19   14 139.050  18.000   46   0.075   0.600   0.600
2012-09-16T18:06:51.200000Z  46.702  38.329   1.900   2.500   23   19   14 141.980  19.700   55   0.083   0.600   0.800
2012-09-16T19:48:09.700000Z  46.786  38.329  12.500   1.300   25   19   14 135.250  22.000   52   0.117   0.800   0.800
2012-09-16T22:59:03.700000Z  46.731  38.379  18.400   1.600   24   19   14 132.330  14.900   47   0.073   0.600   0.400