                        ORT     Lon     Lat     Dep     Mag  Nus  NuP  NuS     ADS     MDS  GAP  RMS  ERH  ERZ
2012-08-11T12:23:15.400000Z  46.809  38.416   4.200   6.500   23   19   14 137.120  15.700  NaN  NaN None None
2012-08-11T12:28:46.100000Z  46.771  38.444  21.700   3.500   25   19   14 130.810  11.200  NaN  NaN None None
2012-08-11T12:49:15.500000Z  46.688  38.393  13.300   4.600   22   12   14 130.570  12.500  NaN  NaN None None
2012-08-11T13:14:05.500000Z  46.673  38.388   4.100   4.400   23   18   14 154.520  33.200  NaN  NaN None None
2012-08-11T13:23:14.900000Z  46.714  38.482  10.000   3.700   24   19   14 144.380   4.700  NaN  NaN None None
2012-08-11T13:42:11.400000Z  46.679  38.407  13.800   4.000   21   17   14 128.990  10.800  NaN  NaN None None
2012-08-11T14:14:53.600000Z  46.696  38.489  27.100   2.800   22   19   14 127.330   2.960  NaN  NaN None None
2012-08-11T14:25:15.200000Z  46.680  38.441  12.500   4.300   19   10   14 102.270   7.080  NaN  NaN None None
2012-08-11T14:55:57.200000Z  46.745  38.443   8.000   3.100   23   19   14 136.840  29.500  NaN  NaN None None
2012-08-11T15:21:14.500000Z  46.793  38.430  16.800   4.700   22   20   14 163.530  25.100  NaN  NaN None None
2012-08-11T16:00:50.200000Z  46.779  38.412  15.100   4.000   24   19   14 131.950  25.300  NaN  NaN None None
2012-08-11T16:15:04.000000Z  46.676  38.422  16.400   2.700   24   19   14 138.890   9.140  NaN  NaN None None
2012-08-11T16:21:52.800000Z  46.661  38.412  19.900   4.100   17   10   14 131.490  34.900  NaN  NaN None None
2012-08-11T16:34:32.400000Z  46.666  38.435  15.100   3.300   25   19   14 145.460   7.670  NaN  NaN None None
2012-08-11T17:37:58.300000Z  46.876  38.408  21.300   2.100   24   19   14 136.760  17.600  NaN  NaN None None
2012-08-11T17:45:44.300000Z  46.803  38.412  10.000   2.500   22   19   14 140.590  23.400  NaN  NaN None None
2012-08-11T17:49:25.400000Z  46.822  38.420  16.900   2.600   23   19   13 135.070  21.500  NaN  NaN None None
2012-08-11T17:58:33.100000Z  46.807  38.374  10.000   4.100   24   19   14 129.810  18.900  NaN  NaN None None
2012-08-11T18:13:03.200000Z  46.660  38.393   5.400   3.000   23   18   14 145.780  12.400  NaN  NaN None None
2012-08-11T18:21:44.500000Z  46.697  38.432  19.900   2.600   23   19   14 133.730   8.400  NaN  NaN None None
2012-08-11T19:12:04.600000Z  46.804  38.442  19.900   2.900   22   19   14 116.210  13.700  NaN  NaN None None
2012-08-11T19:29:29.300000Z  46.780  38.449  26.400   2.600   23   19   14 116.370  11.500  NaN  NaN None None
2012-08-11T19:30:45.100000Z  46.941  38.432  22.200   2.700   21   19   13 123.190  11.600  NaN  NaN None None
2012-08-11T19:40:17.100000Z  46.810  38.452  20.000   2.600   23   19   14 127.340  13.700  NaN  NaN None None
2012-08-11T20:10:29.900000Z  46.762  38.420  14.100   3.400   22   17   14 147.680  27.000  NaN  NaN None None
2012-08-11T20:29:18.600000Z  46.864  38.381   4.100   2.600   25   19   14 139.670  17.100  NaN  NaN None None
2012-08-11T20:37:27.400000Z  46.782  38.463  20.000   2.300   23   19   14 130.480  11.000  NaN  NaN None None
2012-08-11T20:45:46.600000Z  46.685  38.417  14.000   2.900   20   19   14 124.580  33.000  NaN  NaN None None
2012-08-11T21:13:21.200000Z  46.672  38.429  12.300   2.400   25   19   14 132.710   8.340  NaN  NaN None None
2012-08-11T21:18:35.100000Z  46.715  38.445  20.000   2.600   23   19   14 142.110  31.900  NaN  NaN None None
2012-08-11T21:21:14.000000Z  46.804  38.439  18.200   2.700   23   19   13 138.490  13.900  NaN  NaN None None
2012-08-11T21:33:50.700000Z  46.848  38.439  19.100   3.100   23   19   14 117.930  17.300  NaN  NaN None None
2012-08-11T22:04:32.200000Z  46.696  38.414  14.000   3.700   22   19   14 134.620  10.300  NaN  NaN None None
2012-08-11T22:12:46.700000Z  46.756  38.413  17.400   3.300   23   19   14 133.920  12.700  NaN  NaN None None
2012-08-11T23:40:52.700000Z  46.783  38.472  14.900   2.200   24   19   14 141.210  23.500  NaN  NaN None None
2012-08-11T23:58:13.400000Z  46.700  38.464  11.400   3.400   22   13   14 135.710   5.250  NaN  NaN None None
2012-08-12T00:10:52.700000Z  46.696  38.401   7.200   2.500   22   18   14 141.270  11.700  NaN  NaN None None
2012-08-12T00:15:22.800000Z  46.762  38.445  17.500   3.100   23   17   14 134.180  10.500  NaN  NaN None None
2012-08-12T00:34:16.300000Z  46.763  38.424  19.200   3.800   19   11   14 109.230  12.200  NaN  NaN None None
2012-08-12T00:41:26.300000Z  46.746  38.475  19.800   2.700   23   19   14 144.510  26.700  NaN  NaN None None
2012-08-12T01:35:50.300000Z  46.748  38.447   8.900   2.200   23   19   14 125.290   9.430  NaN  NaN None None
2012-08-12T02:24:43.200000Z  46.785  38.433  12.500   3.700   21   14   14 138.820  12.900  NaN  NaN None None
2012-08-12T02:32:17.200000Z  46.694  38.391  18.300   1.700   22   19   14 118.310  12.800  NaN  NaN None None
2012-08-12T03:28:00.400000Z  46.751  38.478   4.700   2.400   24   19   14 127.120   7.810  NaN  NaN None None
2012-08-12T04:10:44.300000Z  46.881  38.405  27.200   2.500   23   19   14 133.500  17.100  NaN  NaN None None
2012-08-12T04:35:39.400000Z  46.737  38.483  14.200   2.600   22   19   14 129.190   6.460  NaN  NaN None None
2012-08-12T04:40:40.700000Z  46.752  38.428  10.000   2.900   20   19   14 138.490  11.200  NaN  NaN None None
2012-08-12T05:13:20.700000Z  46.856  38.480   4.200   2.300   25   19   14 136.410  16.600  NaN  NaN None None
2012-08-12T05:17:53.600000Z  46.933  38.310  31.400   2.200   21   19   14 133.570   9.590  NaN  NaN None None
2012-08-12T05:37:55.900000Z  46.782  38.429  10.000   2.200   21   19   14 117.390  13.000  NaN  NaN None None
2012-08-12T06:03:57.900000Z  46.791  38.461  10.000   2.600   24   19   14 127.010  11.800  NaN  NaN None None
2012-08-12T06:17:50.000000Z  46.841  38.445  10.000   2.600   23   19   14 134.480  16.500  NaN  NaN None None
2012-08-12T06:29:57.100000Z  46.744  38.346  30.100   1.700   22   19   14 138.480  18.800  NaN  NaN None None
2012-08-12T06:40:44.500000Z  46.650  38.392  19.400   4.100   25   19   14 145.080  35.300  NaN  NaN None None
2012-08-12T07:22:55.500000Z  46.774  38.446  19.200   3.000   21   19   13 126.490  24.700  NaN  NaN None None
2012-08-12T07:26:53.200000Z  46.711  38.463  15.500   2.300   24   19   13 134.540  29.800  NaN  NaN None None
2012-08-12T07:29:28.800000Z  46.881  38.382  23.000   2.300   23   19   14 141.730  15.800  NaN  NaN None None
2012-08-12T07:33:03.000000Z  46.696  38.424  10.000   2.400   21   19   13 130.630  31.900  NaN  NaN None None
2012-08-12T07:36:35.600000Z  46.778  38.449  15.200   2.700   23   19   13 131.110  11.400  NaN  NaN None None
2012-08-12T08:01:20.000000Z  46.819  38.417  21.600   2.900   22   19   13 121.290  16.400  NaN  NaN None None
2012-08-12T08:03:43.800000Z  46.752  38.428  17.900   2.100   23   19   14 138.150  27.000  NaN  NaN None None
2012-08-12T10:15:33.400000Z  46.750  38.422  19.800   3.300   23   19   14 116.290  11.600  NaN  NaN None None
2012-08-12T10:29:27.900000Z  46.650  38.404  10.000   2.000   24   19   14 134.880  11.200  NaN  NaN None None
2012-08-12T11:21:16.200000Z  46.707  38.423  19.600   2.200   24   19   14 138.390   9.620  NaN  NaN None None
2012-08-12T11:51:31.500000Z  46.798  38.400  15.300   3.300   22   19   14 130.990  16.200  NaN  NaN None None
2012-08-12T14:19:08.800000Z  46.799  38.420  18.900   3.100   25   19   14 128.480  14.800  NaN  NaN None None
2012-08-12T15:15:10.000000Z  46.858  38.431  15.000   2.100   21   19   14 156.210  20.400  NaN  NaN None None
2012-08-12T15:59:25.400000Z  46.811  38.450  14.500   2.500   22   19   14 120.240  13.900  NaN  NaN None None
2012-08-12T17:18:30.600000Z  46.744  38.460  19.400   2.100   25   19   13 123.120   8.240  NaN  NaN None None
2012-08-12T18:44:22.100000Z  46.843  38.411  18.100   2.100   22   19   13 134.610  18.500  NaN  NaN None None
2012-08-12T18:46:40.200000Z  46.835  38.398  15.600   2.000   22   19   13 144.800  18.700  NaN  NaN None None
2012-08-12T19:28:04.700000Z  46.814  38.437  21.000   1.700   23   19   13 128.220  14.800  NaN  NaN None None
2012-08-12T19:29:56.500000Z  46.780  38.422  19.700   2.100   25   19   14 140.670  13.400  NaN  NaN None None
2012-08-12T20:04:31.000000Z  46.766  38.494  18.400   1.800   21   19   14 130.080   8.630  NaN  NaN None None
2012-08-12T20:09:35.500000Z  46.877  38.419  16.600   2.200   21   19   13 119.850  17.100  NaN  NaN None None
2012-08-12T20:11:02.200000Z  46.686  38.428  12.700   1.900   21   19   13 135.430   8.580  NaN  NaN None None
2012-08-12T21:26:31.800000Z  46.677  38.393  10.100   2.200   24   19   14 143.300  12.400  NaN  NaN None None
2012-08-12T21:33:17.800000Z  46.805  38.457   5.800   3.100   23   19   14 147.870  21.800  NaN  NaN None None
2012-08-12T22:01:15.900000Z  46.708  38.438  14.700   2.400   22   19   13 116.710   8.130  NaN  NaN None None
2012-08-12T22:05:43.000000Z  46.803  38.429  16.500   2.200   22   19   13 127.510  14.400  NaN  NaN None None
2012-08-12T22:45:49.200000Z  46.729  38.428  15.800   1.900   23   19   13 124.270   9.990  NaN  NaN None None
2012-08-12T22:57:07.600000Z  46.901  38.486  19.600   2.800   21   19   14 121.780  13.100  NaN  NaN None None
2012-08-12T23:02:03.900000Z  46.846  38.388  19.900   2.700   23   19   14 118.980  18.800  NaN  NaN None None
2012-08-12T23:16:13.100000Z  46.682  38.392  11.200   1.800   25   19   14 132.830  12.500  NaN  NaN None None
2012-08-12T23:58:41.500000Z  46.896  38.459  16.400   1.900   23   19   13 137.070  20.200  NaN  NaN None None
2012-08-13T00:07:53.900000Z  46.676  38.411  18.800   2.400   26   19   14 142.070  10.400  NaN  NaN None None
2012-08-13T00:18:02.600000Z  46.897  38.450   9.700   3.200   22   19   14 125.710  19.400  NaN  NaN None None
2012-08-13T00:22:08.400000Z  46.694  38.419  20.000   3.200   23   19   14 131.860   9.720  NaN  NaN None None
2012-08-13T01:02:22.500000Z  46.801  38.450  19.900   1.500   24   19   14 135.150  13.100  NaN  NaN None None
2012-08-13T01:29:26.600000Z  46.791  38.480   4.500   2.400   25   19   14 128.840  11.100  NaN  NaN None None
2012-08-13T01:38:46.800000Z  46.844  38.452  16.900   1.500   25   19   14 140.360  16.400  NaN  NaN None None
2012-08-13T01:56:10.000000Z  46.694  38.437  17.500   4.700   17   11   14 131.310   7.780  NaN  NaN None None
2012-08-13T03:58:28.900000Z  46.876  38.474   4.200   2.900   20   19   14 141.400  15.400  NaN  NaN None None
2012-08-13T04:15:52.400000Z  46.683  38.397  19.800   3.700   17    8   14 137.160  12.000  NaN  NaN None None
2012-08-13T05:22:28.800000Z  46.667  38.394  19.800   2.600   23   19   14 143.440  33.900  NaN  NaN None None
2012-08-13T06:58:22.000000Z  46.674  38.452  17.200   3.200   25   19   14 125.300   5.800  NaN  NaN None None
2012-08-13T07:28:30.500000Z  46.793  38.393  17.000   3.200   23   19   14 145.230  23.300  NaN  NaN None None
2012-08-13T07:50:54.300000Z  46.661  38.418   4.900   2.200   24   19   14 140.240   9.570  NaN  NaN None None
2012-08-13T08:16:50.100000Z  46.889  38.438   4.300   4.000   25   20   14 139.500  15.300  NaN  NaN None None
2012-08-13T10:28:13.700000Z  46.690  38.443  10.000   1.900   22   19   14 140.230  32.000  NaN  NaN None None
2012-08-13T10:29:31.200000Z  46.650  38.414   4.100   2.200   25   19   14 135.010  10.100  NaN  NaN None None
2012-08-13T10:45:44.000000Z  46.610  38.464  20.000   4.200   19   11   14 136.040  38.600  NaN  NaN None None
2012-08-13T11:47:52.300000Z  46.864  38.454   4.700   1.800   26   19   14 124.790  16.800  NaN  NaN None None
2012-08-13T12:07:37.300000Z  46.591  38.446   4.100   2.100   23   19   14 131.450   9.320  NaN  NaN None None
2012-08-13T12:45:58.000000Z  46.736  38.439  20.000   3.900   22   19   14 130.320  28.100  NaN  NaN None None
2012-08-13T12:53:47.200000Z  46.719  38.433  12.600   3.200   22   19   14 141.090  29.700  NaN  NaN None None
2012-08-13T13:31:40.300000Z  46.841  38.403  15.400   1.500   21   19   14 130.210  18.800  NaN  NaN None None
2012-08-13T13:57:03.300000Z  46.701  38.439   4.100   1.800   25   19   14 122.590   7.770  NaN  NaN None None
2012-08-13T14:02:42.800000Z  46.702  38.355  15.300   1.500   23   19   14 123.320  16.800  NaN  NaN None None
2012-08-13T15:06:34.400000Z  46.676  38.413   4.100   2.700   22   19   14 118.820  10.100  NaN  NaN None None
2012-08-13T15:32:15.700000Z  46.786  38.427  15.600   2.200   22   19   14 128.000  13.400  NaN  NaN None None
2012-08-13T16:14:40.600000Z  46.676  38.488  22.000   2.600   23   19   14 132.820  32.700  NaN  NaN None None
2012-08-13T16:31:48.900000Z  46.686  38.415   4.100   1.600   22   19   14 136.690  10.000  NaN  NaN None None
2012-08-13T17:08:41.800000Z  46.678  38.436   4.600   2.800   23   19   14 133.690   7.610  NaN  NaN None None
2012-08-13T18:31:10.900000Z  46.784  38.416   4.100   1.900   20   19   14 130.050  14.100  NaN  NaN None None
2012-08-13T18:40:05.700000Z  46.674  38.422  20.500   3.400   23   19   14 130.380   9.130  NaN  NaN None None
2012-08-13T19:43:22.000000Z  46.647  38.428  19.500   3.300   24   19   14 132.060   8.640  NaN  NaN None None
2012-08-13T19:55:52.700000Z  46.726  38.361  28.600   1.800   24   19   14 121.580  16.700  NaN  NaN None None
2012-08-13T20:12:42.800000Z  46.884  38.417  11.300   2.800   23   19   14 118.340  17.700  NaN  NaN None None
2012-08-13T20:22:37.600000Z  46.980  38.384   4.100   1.500   24   19   14 131.030   9.120  NaN  NaN None None
2012-08-13T20:29:51.900000Z  46.768  38.552   4.100   1.800   24   19   14 133.390  10.200  NaN  NaN None None
2012-08-13T20:44:57.200000Z  46.819  38.367  10.000   1.600   24   19   14 142.220  20.300  NaN  NaN None None
2012-08-13T20:57:07.500000Z  46.661  38.385   4.300   1.500   23   19   14 126.320  13.200  NaN  NaN None None
2012-08-13T21:01:40.200000Z  46.679  38.407   4.300   1.800   23   19   14 112.690  10.800  NaN  NaN None None
2012-08-13T21:10:31.500000Z  46.763  38.477  14.800   1.600   23   19   14 143.580  25.200  NaN  NaN None None
2012-08-13T21:18:45.800000Z  46.771  38.394  17.500   1.200   22   19   14 120.310  15.200  NaN  NaN None None
2012-08-13T21:25:25.100000Z  46.800  38.458  19.200   1.800   22   19   14 136.770  22.200  NaN  NaN None None
2012-08-13T21:29:06.200000Z  46.837  38.416  21.000   1.300   23   19   14 135.890  17.700  NaN  NaN None None
2012-08-13T21:33:29.800000Z  46.680  38.436  16.600   1.700   24   19   14 137.200  34.300  NaN  NaN None None
2012-08-13T22:37:04.500000Z  46.688  38.390  20.000   3.300   24   16   14 141.720  12.800  NaN  NaN None None
2012-08-13T23:22:37.000000Z  46.746  38.444  10.000   1.500   24   19   14 135.210   9.530  NaN  NaN None None
2012-08-13T23:43:33.600000Z  46.863  38.398  12.100   1.500   25   19   14 143.650  18.000  NaN  NaN None None
2012-08-14T01:32:41.700000Z  46.693  38.454   9.400   2.200   23   19   14 140.000   5.970  NaN  NaN None None
2012-08-14T01:39:59.300000Z  46.726  38.467  19.300   1.400   25   19   14 127.270   6.530  NaN  NaN None None
2012-08-14T01:49:20.100000Z  46.692  38.419  17.700   3.000   22   18   14 131.130  32.300  NaN  NaN None None
2012-08-14T02:00:50.700000Z  46.690  38.477   4.300   2.000   25   19   14 128.340   3.560  NaN  NaN None None
2012-08-14T02:37:06.900000Z  46.805  38.440  15.000   2.300   24   19   14 127.450  22.200  NaN  NaN None None
2012-08-14T03:46:54.400000Z  46.805  38.442  18.200   2.100   23   19   14 127.300  13.800  NaN  NaN None None
2012-08-14T04:08:43.300000Z  46.640  38.462   4.300   2.300   22   19   14 147.470   5.270  NaN  NaN None None
2012-08-14T04:52:17.700000Z  46.661  38.446  20.000   2.100   23   19   14 122.390   6.470  NaN  NaN None None
2012-08-14T05:28:13.200000Z  46.804  38.437  18.100   3.400   24   17   14 129.630  14.000  NaN  NaN None None
2012-08-14T06:58:45.500000Z  46.657  38.402  16.500   1.800   23   19   14 133.300  11.400  NaN  NaN None None
2012-08-14T08:11:48.900000Z  46.662  38.392  15.500   2.100   24   19   14 124.880  12.500  NaN  NaN None None
2012-08-14T10:28:44.200000Z  46.706  38.408  15.800   3.600   24   21   14 148.020  31.000  NaN  NaN None None
2012-08-14T10:50:24.700000Z  46.805  38.504  14.400   2.100   23   19   14 133.090  12.000  NaN  NaN None None
2012-08-14T11:17:14.100000Z  46.666  38.398   5.200   1.700   22   19   14 155.750  11.800  NaN  NaN None None
2012-08-14T11:44:11.800000Z  46.686  38.452   5.300   1.800   24   19   14 135.460  32.200  NaN  NaN None None
2012-08-14T12:42:55.300000Z  46.679  38.415  19.900   2.200   23   19   14 134.810   9.940  NaN  NaN None None
2012-08-14T13:31:03.400000Z  46.694  38.431  17.500   2.200   21   19   14 142.330  31.900  NaN  NaN None None
2012-08-14T14:02:25.700000Z  46.790  38.474  18.600   5.200   24   21   14 151.730  28.000  NaN  NaN None None
2012-08-14T15:48:20.200000Z  46.650  38.436  17.000   3.800   20   13   14 134.740   7.720  NaN  NaN None None
2012-08-14T16:07:08.700000Z  46.848  38.397  12.900   1.900   26   19   14 141.150  19.100  NaN  NaN None None
2012-08-14T16:30:46.100000Z  46.785  38.410  16.300   2.000   23   19   14 134.480  14.600  NaN  NaN None None
2012-08-14T16:36:24.800000Z  46.705  38.410  19.000   3.300   23   16   14 119.340  10.900  NaN  NaN None None
2012-08-14T17:05:18.200000Z  46.658  38.428   8.100   1.700   22   19   14 125.690   8.480  NaN  NaN None None
2012-08-14T17:09:09.900000Z  46.729  38.419  20.000   3.100   22   19   14 134.420  29.200  NaN  NaN None None
2012-08-14T17:16:26.100000Z  46.794  38.432   5.100   2.000   23   19   14 124.640  13.600  NaN  NaN None None
2012-08-14T18:53:41.200000Z  46.661  38.409  14.600   2.000   22   19   14 141.380  10.600  NaN  NaN None None
2012-08-14T20:20:33.200000Z  46.663  38.421  15.400   3.000   22   18   14 133.810   9.230  NaN  NaN None None
2012-08-14T21:29:04.300000Z  46.885  38.445  16.800   1.300   25   19   14 138.500  15.300  NaN  NaN None None
2012-08-14T21:32:40.200000Z  46.792  38.417  16.300   1.500   22   19   14 129.100  24.000  NaN  NaN None None
2012-08-14T22:10:17.600000Z  46.676  38.422   4.300   2.000   25   19   14 150.000   9.140  NaN  NaN None None
2012-08-14T22:41:54.500000Z  46.701  38.389  12.000   1.700   25   19   14 145.690  13.100  NaN  NaN None None
2012-08-14T23:07:43.000000Z  46.750  38.397   4.400   1.300   25   19   14 139.090  13.900  NaN  NaN None None
2012-08-14T23:33:30.800000Z  46.770  38.406  19.900   1.700   25   19   14 131.990  14.100  NaN  NaN None None
2012-08-14T23:42:05.500000Z  46.700  38.380  13.400   1.700   23   19   14 138.220  30.700  NaN  NaN None None
2012-08-15T00:42:47.100000Z  46.710  38.396  16.900   1.000   23   19   14 150.320  12.600  NaN  NaN None None
2012-08-15T01:35:40.000000Z  46.680  38.433  20.000   1.600   23   19   14 124.370   7.960  NaN  NaN None None
2012-08-15T01:43:13.000000Z  46.699  38.393  18.100   1.600   24   19   14 143.430  12.600  NaN  NaN None None
2012-08-15T03:03:30.600000Z  46.622  38.491  19.900   1.800   25   19   14 132.820   4.270  NaN  NaN None None
2012-08-15T03:41:30.500000Z  46.804  38.428  18.700   3.400   19   14   14 135.900  14.600  NaN  NaN None None
2012-08-15T04:29:39.900000Z  46.817  38.410  11.500   3.100   22   19   14 122.860  16.700  NaN  NaN None None
2012-08-15T05:26:26.800000Z  46.770  38.432  10.000   2.400   24   19   14 118.180  12.000  NaN  NaN None None
2012-08-15T05:39:51.100000Z  46.684  38.454  16.000   2.300   23   19   14 139.130   5.730  NaN  NaN None None
2012-08-15T07:12:14.500000Z  46.641  38.413   4.200   2.600   24   19   14 122.810  10.400  NaN  NaN None None
2012-08-15T08:39:21.700000Z  46.860  38.429   8.700   3.100   25   19   14 137.320  18.000  NaN  NaN None None
2012-08-15T09:03:48.000000Z  46.694  38.434  19.100   2.600   22   19   14 126.720   8.110  NaN  NaN None None
2012-08-15T09:37:46.900000Z  46.681  38.362   4.700   1.800   23   19   14 137.210  15.800  NaN  NaN None None
2012-08-15T11:27:05.700000Z  46.780  38.349  18.400   2.500   20   19   14 126.770  19.800  NaN  NaN None None
2012-08-15T11:39:29.800000Z  46.692  38.365  12.000   2.200   24   19   14 139.920  31.100  NaN  NaN None None
2012-08-15T13:52:42.400000Z  46.667  38.441  10.000   2.100   23   19   14 138.800   7.010  NaN  NaN None None
2012-08-15T13:58:28.200000Z  46.802  38.488   7.900   2.000   23   19   14 126.980  11.800  NaN  NaN None None
2012-08-15T16:01:21.900000Z  46.687  38.378  10.000   2.200   24   19   14 140.820  31.800  NaN  NaN None None
2012-08-15T17:49:04.700000Z  46.666  38.407  18.600   5.000   22   19   14 150.370  10.800  NaN  NaN None None
2012-08-15T18:00:01.000000Z  46.648  38.433  18.600   3.300   23   19   14 138.120  35.800  NaN  NaN None None
2012-08-15T18:16:27.300000Z  46.707  38.451  19.000   2.100   23   19   14 124.840   6.810  NaN  NaN None None
2012-08-15T18:38:43.800000Z  46.673  38.417  17.900   2.200   24   19   14 122.780   9.670  NaN  NaN None None
2012-08-15T19:23:57.800000Z  46.664  38.412  14.800   1.800   22   19   14 136.370  10.200  NaN  NaN None None
2012-08-15T20:27:44.200000Z  46.682  38.426  19.900   2.000   24   19   14 134.370   8.750  NaN  NaN None None
2012-08-15T21:26:47.400000Z  46.675  38.404  21.100   2.200   23   19   14 140.590  11.100  NaN  NaN None None
2012-08-15T23:01:19.700000Z  46.643  38.376   4.500   1.700   22   19   14 125.630  35.500  NaN  NaN None None
2012-08-16T00:15:16.200000Z  46.653  38.428  19.900   3.300   23   17   14 116.390   8.550  NaN  NaN None None
2012-08-16T00:32:52.000000Z  46.656  38.426  16.200   1.700   23   19   14 138.920  35.200  NaN  NaN None None
2012-08-16T01:31:21.000000Z  46.757  38.432  21.300   1.900   23   19   14 138.020  26.500  NaN  NaN None None
2012-08-16T02:26:38.500000Z  46.844  38.384   4.200   1.700   24   19   14 131.710  18.800  NaN  NaN None None
2012-08-16T03:01:38.400000Z  46.763  38.487  25.900   2.200   22   19   14 137.770   8.510  NaN  NaN None None
2012-08-16T03:10:48.000000Z  46.828  38.405  17.700   2.400   25   19   14 130.490  17.800  NaN  NaN None None
2012-08-16T05:33:56.100000Z  46.676  38.452   4.200   2.300   24   19   14 139.290  33.000  NaN  NaN None None
2012-08-16T05:39:30.900000Z  46.687  38.391  19.700   1.600   23   19   14 128.270  12.700  NaN  NaN None None
2012-08-16T06:33:56.700000Z  46.785  38.478   4.400   2.000   23   19   14 131.000  10.600  NaN  NaN None None
2012-08-16T08:56:53.800000Z  46.708  38.442   4.100   1.800   24   19   14 140.640   7.730  NaN  NaN None None
2012-08-16T09:27:46.900000Z  46.720  38.426  19.600   3.100   22   19   14 143.420  29.800  NaN  NaN None None
2012-08-16T11:28:36.800000Z  46.711  38.434  11.100   1.900   22   19   14 137.760  30.300  NaN  NaN None None
2012-08-16T13:20:15.200000Z  46.699  38.418   4.200   1.300   24   19   14 145.410   9.930  NaN  NaN None None
2012-08-16T13:56:30.200000Z  46.712  38.411  13.600   2.000   24   19   14 139.700  11.000  NaN  NaN None None
2012-08-16T15:15:35.000000Z  46.738  38.451  18.300   3.800   17   12   14 138.510  27.700  NaN  NaN None None
2012-08-16T15:31:10.400000Z  46.689  38.372   4.300   1.500   23   19   14 140.310  14.800  NaN  NaN None None
2012-08-16T17:11:47.600000Z  46.741  38.458  19.900   1.700   23   19   14 136.530   8.170  NaN  NaN None None
2012-08-16T17:14:13.200000Z  46.731  38.436  19.500   4.600   25   20   14 141.690  28.600  NaN  NaN None None
2012-08-16T17:19:40.800000Z  46.703  38.432  18.200   2.900   24   19   14 127.350   8.560  NaN  NaN None None
2012-08-16T17:34:59.600000Z  46.730  38.440  15.500   2.600   22   19   14 134.060   8.940  NaN  NaN None None
2012-08-16T20:27:17.500000Z  46.916  38.441   7.800   2.300   23   19   14 125.610  13.000  NaN  NaN None None
2012-08-16T21:50:59.500000Z  46.745  38.446  14.000   1.400   23   19   14 134.150   9.320  NaN  NaN None None
2012-08-16T23:15:00.300000Z  46.641  38.391   4.200   0.800   24   19   14 130.000  12.800  NaN  NaN None None
2012-08-16T23:59:14.400000Z  46.641  38.416   4.100   1.200   22   19   14 142.140  36.700  NaN  NaN None None
2012-08-17T00:31:16.900000Z  46.855  38.511   4.100   1.700   22   19   14 133.250  16.300  NaN  NaN None None
2012-08-17T02:13:52.900000Z  46.788  38.402  20.200   1.600   24   19   14 136.780  15.400  NaN  NaN None None
2012-08-17T03:19:23.900000Z  46.786  38.427  20.000   1.900   24   19   14 124.820  13.400  NaN  NaN None None
2012-08-17T03:34:20.100000Z  46.691  38.457  17.800   2.900   23   19   14 143.690  34.400  NaN  NaN None None
2012-08-17T04:48:15.400000Z  46.690  38.420  13.000   3.800   24   21   14 142.280   9.530  NaN  NaN None None
2012-08-17T04:52:29.300000Z  46.770  38.421  20.000   3.000   21   19   14 133.350  12.800  NaN  NaN None None
2012-08-17T05:28:37.700000Z  46.843  38.391   8.200   2.100   22   19   14 146.640  19.200  NaN  NaN None None
2012-08-17T05:35:06.500000Z  46.777  38.404  13.700   1.600   21   19   14 118.690  14.600  NaN  NaN None None
2012-08-17T08:09:51.000000Z  46.886  38.417   9.300   3.500   21   12   14 130.640  16.500  NaN  NaN None None
2012-08-17T08:19:47.900000Z  46.813  38.439  18.900   1.700   26   19   14 129.330  14.600  NaN  NaN None None
2012-08-17T09:17:59.900000Z  46.643  38.418  20.000   3.800   23   21   14 136.790  36.600  NaN  NaN None None
2012-08-17T10:36:48.400000Z  46.681  38.436  19.700   1.600   25   19   14 145.620  32.900  NaN  NaN None None
2012-08-17T11:19:11.800000Z  46.696  38.436  20.000   2.000   25   19   14 126.940   7.940  NaN  NaN None None
2012-08-17T12:09:50.400000Z  46.640  38.439  17.400   3.100   25   19   13 137.180  36.300  NaN  NaN None None
2012-08-17T13:04:44.000000Z  46.879  38.421  22.200   1.500   24   19   14 136.950  16.900  NaN  NaN None None
2012-08-17T13:24:24.300000Z  46.567  38.469   5.200   2.000   23   19   14 134.340   9.640  NaN  NaN None None
2012-08-17T14:34:36.600000Z  46.650  38.425  16.700   2.000   22   19   14 130.370   8.920  NaN  NaN None None
2012-08-17T14:37:38.400000Z  46.656  38.448  17.400   2.200   23   19   14 146.150  34.800  NaN  NaN None None
2012-08-17T15:04:09.100000Z  46.768  38.422  10.000   1.400   21   19   14 139.960  12.600  NaN  NaN None None
2012-08-17T16:13:15.000000Z  46.790  38.458   5.300   1.500   23   19   14 136.090  23.100  NaN  NaN None None
2012-08-17T16:58:47.500000Z  46.651  38.391  15.400   1.600   24   19   14 135.940  12.600  NaN  NaN None None
2012-08-17T17:57:47.000000Z  46.928  38.367   4.100   1.500   25   19   14 123.600  11.400  NaN  NaN None None
2012-08-17T18:49:55.700000Z  46.982  38.381   4.800   2.600   22   19   14 138.700   8.750  NaN  NaN None None
2012-08-17T19:34:08.400000Z  46.622  38.471  20.000   3.100   18   14   14 112.920  37.500  NaN  NaN None None
2012-08-17T20:04:59.900000Z  46.666  38.438  20.000   1.800   25   19   14 136.780   7.340  NaN  NaN None None
2012-08-17T20:15:33.700000Z  46.685  38.449  19.900   3.400   19   13   14 125.730   6.290  NaN  NaN None None
2012-08-17T21:36:15.600000Z  46.702  38.409  20.000   1.100   25   19   14 134.080  11.000  NaN  NaN None None
2012-08-17T23:14:09.100000Z  46.686  38.433  15.500   3.000   22   17   14 146.100  32.500  NaN  NaN None None
2012-08-18T01:48:25.100000Z  46.722  38.446  26.300   3.000   22   16   14 113.970   7.980  NaN  NaN None None
2012-08-18T02:06:28.600000Z  46.753  38.374  19.800   2.300   23   19   14 128.210  16.200  NaN  NaN None None
2012-08-18T02:21:31.700000Z  46.690  38.404   9.300   1.700   24   19   14 131.310  11.300  NaN  NaN None None
2012-08-18T03:26:47.000000Z  46.845  38.452  20.800   2.700   23   19   14 137.310  16.500  NaN  NaN None None
2012-08-18T04:44:40.300000Z  46.797  38.393  17.300   2.300   26   19   14 140.400  16.700  NaN  NaN None None
2012-08-18T05:38:00.900000Z  46.906  38.531  11.700   2.300   21   19   14 151.990  21.000  NaN  NaN None None
2012-08-18T06:02:57.800000Z  46.942  38.434  13.000   1.900   24   19   14 124.720  11.400  NaN  NaN None None
2012-08-18T08:46:28.100000Z  46.663  38.468  16.700   2.100   25   19   14 135.830   4.030  NaN  NaN None None
2012-08-18T08:59:07.800000Z  46.711  38.420  14.500   2.400   22   19   14 143.170  10.100  NaN  NaN None None
2012-08-18T11:21:28.700000Z  46.663  38.423  20.000   2.900   24   19   14 143.780  34.700  NaN  NaN None None
2012-08-18T14:33:47.100000Z  46.838  38.436  19.300   1.700   24   19   14 125.700  16.700  NaN  NaN None None
2012-08-18T15:56:05.800000Z  46.880  38.414   7.600   3.300   21   19   14 131.180  17.200  NaN  NaN None None
2012-08-18T18:15:49.200000Z  46.952  38.468   4.100   1.900   22   19   14 124.320   8.980  NaN  NaN None None
2012-08-18T19:10:11.500000Z  46.655  38.454  14.800   1.700   21   19   14 127.370   5.670  NaN  NaN None None
2012-08-18T19:30:33.800000Z  46.865  38.469  10.500   1.900   23   19   14 140.720  17.600  NaN  NaN None None
2012-08-18T19:39:46.800000Z  46.642  38.413   4.300   1.600   22   19   14 145.640  10.400  NaN  NaN None None
2012-08-18T20:31:53.800000Z  46.785  38.547  14.400   2.400   21   19   14 114.840  11.300  NaN  NaN None None
2012-08-18T20:41:51.400000Z  46.707  38.450  12.400   2.100   22   19   14 133.600   6.890  NaN  NaN None None
2012-08-18T21:08:39.400000Z  46.664  38.413  19.900   3.100   23   19   14 137.430  10.100  NaN  NaN None None
2012-08-18T21:09:40.500000Z  46.648  38.462  11.700   3.200   24   19   14 137.440   4.980  NaN  NaN None None
2012-08-18T21:20:44.100000Z  46.776  38.430  18.100   1.900   21   19   13 122.970  12.500  NaN  NaN None None
2012-08-18T21:29:15.400000Z  46.646  38.427  15.200   2.500   23   19   14 114.620   8.770  NaN  NaN None None
2012-08-18T21:41:10.400000Z  46.671  38.418  12.300   1.600   21   19   14 110.370   9.560  NaN  NaN None None
2012-08-18T22:11:10.000000Z  46.657  38.413  14.800   1.800   23   19   14 120.820  10.200  NaN  NaN None None
2012-08-18T22:52:25.200000Z  46.696  38.443  16.900   1.400   24   19   14 123.900   7.210  NaN  NaN None None
2012-08-18T23:14:43.700000Z  46.859  38.422  14.000   1.200   25   19   14 126.720  18.400  NaN  NaN None None
2012-08-18T23:47:23.000000Z  46.688  38.457  16.500   1.700   24   19   14 124.310   5.500  NaN  NaN None None
2012-08-18T23:54:42.400000Z  46.822  38.444  15.000   2.000   23   19   14 131.180  15.000  NaN  NaN None None
2012-08-19T00:04:53.600000Z  46.659  38.436  15.500   1.500   24   19   14 124.980   7.590  NaN  NaN None None
2012-08-19T00:37:06.700000Z  46.724  38.426  19.900   3.100   24   19   14 141.450  29.400  NaN  NaN None None
2012-08-19T00:55:16.900000Z  46.697  38.491  19.800   1.800   21   19   14 144.390   2.910  NaN  NaN None None
2012-08-19T01:12:37.800000Z  46.688  38.439  15.200   2.000   21   19   14 130.150   7.430  NaN  NaN None None
2012-08-19T01:29:34.300000Z  46.654  38.435  15.600   2.100   23   19   14 124.910   7.760  NaN  NaN None None
2012-08-19T01:58:30.400000Z  46.650  38.388  19.900   4.300   18   11   14 143.530  35.200  NaN  NaN None None
2012-08-19T02:23:11.900000Z  46.657  38.421  15.700   2.200   20   19   14 127.660   9.270  NaN  NaN None None
2012-08-19T02:26:30.000000Z  46.664  38.414  15.300   1.700   21   19   13 121.110  10.000  NaN  NaN None None
2012-08-19T03:29:48.300000Z  46.649  38.416  14.000   1.800   23   19   14 122.130   9.920  NaN  NaN None None
2012-08-19T03:47:58.700000Z  46.833  38.477  14.900   1.900   21   19   13 115.790  14.700  NaN  NaN None None
2012-08-19T04:39:27.700000Z  46.780  38.427  23.000   2.000   23   19   14 127.980  13.000  NaN  NaN None None
2012-08-19T05:10:15.500000Z  46.781  38.465  19.500   2.700   24   19   14 123.960  10.800  NaN  NaN None None
2012-08-19T08:18:27.700000Z  46.648  38.450   4.200   2.400   25   19   14 127.670   6.250  NaN  NaN None None
2012-08-19T08:25:19.900000Z  46.665  38.444   4.200   2.000   24   19   14 142.920  34.100  NaN  NaN None None
2012-08-19T10:51:59.600000Z  46.819  38.443   4.100   2.500   20   19   14 138.980  14.800  NaN  NaN None None
2012-08-19T13:41:50.700000Z  46.675  38.464  19.800   2.000   23   19   14 142.140  33.000  NaN  NaN None None
2012-08-19T14:40:59.300000Z  46.768  38.434  16.300   2.100   25   19   14 128.920  11.700  NaN  NaN None None
2012-08-19T15:32:28.900000Z  46.821  38.356  14.200   2.200   24   19   14 138.250  19.800  NaN  NaN None None
2012-08-19T22:30:29.100000Z  46.636  38.433  14.200   1.500   23   19   14 120.370   8.370  NaN  NaN None None
2012-08-19T23:27:02.100000Z  46.652  38.423  14.800   1.700   23   19   14 146.140  36.000  NaN  NaN None None
2012-08-20T01:04:22.500000Z  46.677  38.495   8.600   2.000   23   19   14 141.260  32.700  NaN  NaN None None
2012-08-20T01:24:12.800000Z  46.693  38.422   4.100   1.500   21   19   14 112.020   9.370  NaN  NaN None None
2012-08-20T01:45:10.500000Z  46.679  38.434   4.100   1.300   25   19   14 135.850   7.840  NaN  NaN None None
2012-08-20T02:04:58.500000Z  46.683  38.382  15.500   1.900   23   19   14 135.020  13.600  NaN  NaN None None
2012-08-20T04:09:59.400000Z  46.679  38.444  19.900   2.700   24   19   14 127.440   6.740  NaN  NaN None None
2012-08-20T06:06:14.300000Z  46.673  38.427  20.000   2.100   24   19   14 137.840   8.560  NaN  NaN None None
2012-08-20T06:59:31.400000Z  46.776  38.394  13.400   1.700   24   19   14 144.880  15.400  NaN  NaN None None
2012-08-20T10:06:32.400000Z  46.842  38.435   9.200   2.000   22   19   14 125.610  17.000  NaN  NaN None None
2012-08-20T12:21:03.200000Z  46.743  38.461  22.900   1.800   23   19   14 139.640   8.110  NaN  NaN None None
2012-08-20T14:53:29.300000Z  46.642  38.429  20.000   1.800   21   19   14 130.780  36.400  NaN  NaN None None
2012-08-20T16:54:51.800000Z  46.678  38.422  20.000   3.000   24   19   14 127.660   9.150  NaN  NaN None None
2012-08-20T20:32:50.100000Z  46.812  38.430  18.000   2.100   22   19   14 132.150  15.000  NaN  NaN None None
2012-08-20T21:17:40.000000Z  46.654  38.443  10.000   1.900   22   19   14 128.590   6.880  NaN  NaN None None
2012-08-20T21:24:17.400000Z  46.876  38.432  19.800   3.000   24   18   14 138.170  16.600  NaN  NaN None None
2012-08-20T21:37:38.800000Z  46.678  38.447   5.100   2.800   23   18   14 140.140  32.900  NaN  NaN None None
2012-08-20T22:20:12.400000Z  46.668  38.425   4.200   1.500   23   19   14 144.200  34.800  NaN  NaN None None
2012-08-21T03:31:54.600000Z  46.677  38.431  17.100   2.400   20   19   14 150.080   8.150  NaN  NaN None None
2012-08-21T05:23:59.000000Z  46.750  38.439   4.700   2.000   22   19   14 134.030  10.200  NaN  NaN None None
2012-08-21T08:38:50.200000Z  46.564  38.381  14.300   2.600   23   19   14 137.370  16.400  NaN  NaN None None
2012-08-21T09:15:11.900000Z  46.757  38.474   5.700   1.700   25   19   14 136.970   8.460  NaN  NaN None None
2012-08-21T10:24:46.500000Z  46.725  38.453  10.000   1.800   24   19   14 137.910  31.500  NaN  NaN None None
2012-08-21T17:43:01.900000Z  46.721  38.411  20.000   3.200   23   19   14 133.790  11.300  NaN  NaN None None
2012-08-22T04:24:53.500000Z  46.686  38.420   7.700   2.300   23   19   14 131.470  33.100  NaN  NaN None None
2012-08-22T09:50:22.500000Z  46.664  38.428  20.000   3.400   23   19   14 141.020  35.200  NaN  NaN None None
2012-08-22T10:08:09.300000Z  46.864  38.461  27.600   2.000   23   19   14 136.530  16.600  NaN  NaN None None
2012-08-22T11:33:50.400000Z  46.656  38.439  10.300   2.800   21   19   14 128.170  36.300  NaN  NaN None None
2012-08-22T14:45:02.200000Z  46.658  38.440  15.000   1.800   21   19   14 141.390   7.160  NaN  NaN None None
2012-08-22T15:37:57.300000Z  46.858  38.431  19.300   2.500   22   19   14 124.340  18.100  NaN  NaN None None
2012-08-22T15:55:46.500000Z  46.780  38.429  18.300   1.400   23   19   14 136.620  12.900  NaN  NaN None None
2012-08-22T16:29:10.400000Z  46.852  38.426  21.900   1.700   24   19   14 130.400  18.300  NaN  NaN None None
2012-08-22T18:32:35.100000Z  46.650  38.416  14.400   2.100   22   19   14 134.950  36.000  NaN  NaN None None
2012-08-22T21:40:45.100000Z  46.701  38.429  10.000   1.600   22   19   14 141.490  31.300  NaN  NaN None None
2012-08-23T00:10:39.100000Z  46.734  38.440  19.500   2.400   23   19   14 125.880  28.200  NaN  NaN None None
2012-08-23T00:16:44.300000Z  46.708  38.428  10.000   1.500   22   19   14 130.580  30.700  NaN  NaN None None
2012-08-23T00:56:25.700000Z  46.708  38.439   8.900   1.800   23   19   14 127.990   8.030  NaN  NaN None None
2012-08-23T02:37:15.000000Z  46.639  38.461  19.800   2.200   24   19   14 131.580   5.400  NaN  NaN None None
2012-08-23T04:06:36.700000Z  46.654  38.449  16.900   2.200   21   19   14 124.090   6.230  NaN  NaN None None
2012-08-23T08:23:42.100000Z  46.610  38.431   4.200   2.800   23   19   14 127.060   9.560  NaN  NaN None None
2012-08-23T12:14:46.300000Z  46.651  38.434   4.100   2.700   24   19   14 144.090   7.920  NaN  NaN None None
2012-08-23T12:31:56.900000Z  46.738  38.430   4.100   2.000   22   19   14 134.280  10.300  NaN  NaN None None
2012-08-23T14:52:19.000000Z  46.654  38.449  16.900   2.100   23   19   14 135.730   6.230  NaN  NaN None None
2012-08-23T16:37:19.100000Z  46.780  38.466  10.000   2.800   24   19   14 138.310  23.800  NaN  NaN None None
2012-08-23T17:18:11.700000Z  46.623  38.405  16.100   1.900   23   19   14 124.140  11.700  NaN  NaN None None
2012-08-23T20:31:29.100000Z  46.727  38.450  16.100   3.000   23   19   14 148.990  31.200  NaN  NaN None None
2012-08-23T22:56:32.600000Z  46.629  38.459  19.500   1.700   23   19   14 129.850   6.050  NaN  NaN None None
2012-08-24T05:14:47.200000Z  46.619  38.418   4.800   1.800   24   19   14 118.560  10.500  NaN  NaN None None
2012-08-24T07:38:39.100000Z  46.988  38.504  10.900   3.200   23   19   14 132.890   5.720  NaN  NaN None None
2012-08-24T09:49:29.400000Z  46.825  38.482  19.500   2.300   24   19   14 141.680  13.900  NaN  NaN None None
2012-08-24T10:44:03.300000Z  46.892  38.449  20.400   1.500   24   19   14 139.290  14.600  NaN  NaN None None
2012-08-24T11:11:20.700000Z  46.782  38.391   8.600   1.600   25   19   14 125.720  16.000  NaN  NaN None None
2012-08-24T12:02:54.800000Z  46.671  38.439  14.300   2.000   25   19   14 133.850   7.230  NaN  NaN None None
2012-08-24T12:14:53.300000Z  46.703  38.434  19.600   1.500   25   19   14 133.040   8.360  NaN  NaN None None
2012-08-24T15:50:11.700000Z  46.681  38.414   4.600   1.500   23   19   14 140.750  10.100  NaN  NaN None None
2012-08-24T16:08:29.900000Z  46.734  38.404  17.900   1.200   24   19   14 124.910  12.500  NaN  NaN None None
2012-08-24T16:37:38.000000Z  47.010  38.553   4.100   2.100   22   19   14 128.480   7.860  NaN  NaN None None
2012-08-24T21:42:06.900000Z  46.669  38.421  10.800   1.700   25   19   14 137.680  34.200  NaN  NaN None None
2012-08-24T21:44:06.600000Z  46.742  38.441  19.900   1.700   24   19   14 138.070   9.530  NaN  NaN None None
2012-08-24T22:43:36.000000Z  46.723  38.461  23.900   1.100   21   19   14 149.710  32.100  NaN  NaN None None
2012-08-24T23:20:32.600000Z  46.807  38.536   4.100   1.100   24   19   14 127.110  12.600  NaN  NaN None None
2012-08-24T23:57:19.900000Z  46.611  38.429  14.800   1.100   24   19   14 144.060   9.710  NaN  NaN None None
2012-08-25T00:09:04.200000Z  46.693  38.458   4.100   1.600   21   19   14 139.970   5.560  NaN  NaN None None
2012-08-25T00:58:55.000000Z  46.772  38.423  15.500   1.200   23   19   14 134.640  12.800  NaN  NaN None None
2012-08-25T02:55:50.000000Z  46.628  38.455  20.000   2.000   23   19   14 130.510   6.470  NaN  NaN None None
2012-08-25T06:09:45.800000Z  46.682  38.419  19.200   3.000   22   19   14 133.260   9.520  NaN  NaN None None
2012-08-25T07:33:34.200000Z  46.559  38.445   3.600   2.100   23   19   14 145.930  11.600  NaN  NaN None None
2012-08-25T07:46:20.700000Z  46.878  38.430  14.800   3.300   23   19   14 133.860  19.000  NaN  NaN None None
2012-08-25T14:59:32.100000Z  46.938  38.400   9.100   2.300   24   19   14 127.550  12.900  NaN  NaN None None
2012-08-25T17:14:24.400000Z  46.633  38.435   4.100   1.600   25   19   14 143.850   8.250  NaN  NaN None None
2012-08-25T19:59:27.900000Z  46.910  38.450  12.300   1.800   23   19   14 140.130  13.100  NaN  NaN None None
2012-08-25T20:03:41.400000Z  46.653  38.414  20.000   2.600   24   19   14 127.220  10.100  NaN  NaN None None
2012-08-26T01:28:37.000000Z  46.640  38.432  19.900   2.600   23   19   14 147.770  36.500  NaN  NaN None None
2012-08-26T04:01:33.300000Z  46.658  38.407  19.900   2.300   24   19   14 118.750  10.800  NaN  NaN None None
2012-08-26T05:22:11.600000Z  46.698  38.432  18.900   2.800   22   19   14 136.380   8.420  NaN  NaN None None
2012-08-26T09:36:52.900000Z  46.659  38.432  15.300   3.900   22   15   14 124.590   8.040  NaN  NaN None None
2012-08-26T09:43:21.900000Z  46.660  38.439  16.600   3.900   21   15   14 117.560   7.260  NaN  NaN None None
2012-08-26T11:15:27.900000Z  46.678  38.443  19.100   2.300   25   19   14 143.540   6.840  NaN  NaN None None
2012-08-26T12:50:54.900000Z  46.693  38.398  13.000   1.900   23   19   14 143.270  31.800  NaN  NaN None None
2012-08-26T12:52:35.100000Z  46.649  38.426   6.700   1.800   22   19   14 122.540   8.830  NaN  NaN None None
2012-08-26T13:05:19.400000Z  46.649  38.447  12.200   2.100   24   19   14 136.100   6.550  NaN  NaN None None
2012-08-26T13:08:35.600000Z  46.666  38.428  15.200   3.800   22   16   14 135.390  34.300  NaN  NaN None None
2012-08-26T13:44:30.800000Z  46.745  38.376  10.000   1.500   21   19   14 128.660  15.700  NaN  NaN None None
2012-08-26T14:26:49.700000Z  46.694  38.351  12.600   1.800   24   19   14 130.750  17.100  NaN  NaN None None
2012-08-26T14:51:02.700000Z  46.855  38.454  17.700   1.700   23   19   14 131.400  17.200  NaN  NaN None None
2012-08-26T18:15:31.800000Z  46.876  38.421  13.100   3.400   24   17   14 135.170  17.100  NaN  NaN None None
2012-08-26T19:22:09.400000Z  46.651  38.446   4.600   1.300   23   19   14 129.380   6.620  NaN  NaN None None
2012-08-26T20:12:37.300000Z  46.670  38.421  15.400   1.300   24   19   14 132.970   9.230  NaN  NaN None None
2012-08-26T20:57:08.300000Z  46.695  38.465   4.900   1.700   23   19   14 135.600  31.200  NaN  NaN None None
2012-08-26T22:48:14.000000Z  46.672  38.473  14.100   2.800   25   19   14 143.230   3.460  NaN  NaN None None
2012-08-27T02:46:27.600000Z  46.632  38.417  19.900   1.700   22   19   14 123.130  10.200  NaN  NaN None None
2012-08-27T05:08:06.900000Z  46.568  38.454   4.200   1.900   24   19   14 132.040  10.400  NaN  NaN None None
2012-08-27T06:30:55.900000Z  46.690  38.411   4.800   2.100   25   19   14 136.130  10.500  NaN  NaN None None
2012-08-27T11:01:13.000000Z  46.686  38.404  20.000   2.500   24   19   14 141.870  11.200  NaN  NaN None None
2012-08-27T13:46:34.300000Z  46.691  38.362  20.000   1.700   22   19   14 126.200  15.900  NaN  NaN None None
2012-08-27T15:10:34.500000Z  46.832  38.405  16.300   1.600   21   19   14 138.100  18.100  NaN  NaN None None
2012-08-27T16:52:13.700000Z  46.850  38.424  19.700   2.200   22   19   14 140.190  18.200  NaN  NaN None None
2012-08-27T17:55:08.700000Z  46.812  38.377  17.700   2.000   25   19   14 135.650  21.200  NaN  NaN None None
2012-08-27T21:03:26.800000Z  46.676  38.383  13.600   1.900   24   19   14 144.630  13.500  NaN  NaN None None
2012-08-27T22:48:15.500000Z  46.743  38.349  10.000   1.300   24   19   14 129.980  18.400  NaN  NaN None None
2012-08-27T23:56:30.700000Z  46.887  38.425  10.400   3.400   23   18   14 144.460  18.000  NaN  NaN None None
2012-08-28T00:28:01.200000Z  46.691  38.376   3.300   1.500   24   19   14 122.510  14.400  NaN  NaN None None
2012-08-28T01:55:35.700000Z  46.719  38.410  12.100   2.000   22   19   14 130.930  11.400  NaN  NaN None None
2012-08-28T02:21:14.200000Z  46.597  38.423  20.500   2.500   23   19   14 138.770  10.900  NaN  NaN None None
2012-08-28T03:33:22.600000Z  46.671  38.398  14.700   1.800   23   19   14 133.300  11.800  NaN  NaN None None
2012-08-28T03:41:07.600000Z  46.794  38.409  22.500   2.100   24   19   14 130.900  15.300  NaN  NaN None None
2012-08-28T03:54:51.000000Z  46.624  38.440  19.900   1.400   24   19   14 124.890   8.080  NaN  NaN None None
2012-08-28T04:13:21.500000Z  46.773  38.371  13.700   1.400   23   19   14 126.800  17.400  NaN  NaN None None
2012-08-28T04:38:46.400000Z  46.769  38.404  20.000   2.400   24   19   14 135.650  14.200  NaN  NaN None None
2012-08-28T05:11:25.200000Z  46.744  38.431  24.000   1.700   24   19   14 151.630  10.500  NaN  NaN None None
2012-08-28T05:35:42.600000Z  46.666  38.395  20.000   1.300   23   19   14 147.050  34.000  NaN  NaN None None
2012-08-28T12:25:58.500000Z  46.599  38.442   4.100   1.900   23   19   14 128.850   9.150  NaN  NaN None None
2012-08-28T14:34:06.400000Z  46.706  38.384  12.500   1.700   22   19   14 124.320  13.700  NaN  NaN None None
2012-08-28T17:46:31.100000Z  46.744  38.426  19.900   3.300   22   18   14 122.830  27.700  NaN  NaN None None
2012-08-28T17:58:51.700000Z  46.654  38.413  19.900   3.600   22   16   14 134.430  10.200  NaN  NaN None None
2012-08-28T18:21:13.600000Z  46.643  38.385  16.500   1.900   22   19   14 132.010  13.400  NaN  NaN None None
2012-08-28T19:01:46.200000Z  46.646  38.423  14.000   1.200   21   19   14 126.120   9.210  NaN  NaN None None
2012-08-28T20:32:12.100000Z  46.667  38.414   5.800   1.900   23   19   14 146.530  10.000  NaN  NaN None None
2012-08-29T00:27:04.800000Z  46.605  38.416  20.000   2.400   25   19   14 133.710  11.200  NaN  NaN None None
2012-08-29T01:01:26.100000Z  46.866  38.435  31.100   1.600   23   19   14 125.190  17.300  NaN  NaN None None
2012-08-29T08:56:38.600000Z  46.684  38.492   4.300   2.600   25   19   14 121.010   1.930  NaN  NaN None None
2012-08-29T10:43:12.700000Z  46.669  38.409  17.400   2.200   24   19   14 136.650  10.600  NaN  NaN None None
2012-08-29T11:46:27.300000Z  46.652  38.419  19.100   3.900   21   15   14 122.730   9.550  NaN  NaN None None
2012-08-29T12:10:30.700000Z  46.692  38.420  21.500   2.400   23   19   14 121.190   9.560  NaN  NaN None None
2012-08-29T13:32:44.100000Z  46.835  38.412  22.600   1.800   23   19   14 135.730  17.800  NaN  NaN None None
2012-08-29T13:46:42.100000Z  46.797  38.365  14.700   2.100   22   19   14 125.920  19.100  NaN  NaN None None
2012-08-29T18:30:50.000000Z  46.635  38.401  19.400   1.800   22   19   14 135.260  11.800  NaN  NaN None None
2012-08-30T03:42:46.200000Z  46.653  38.439  17.800   2.400   22   19   14 131.800  35.200  NaN  NaN None None
2012-08-30T06:25:50.200000Z  46.696  38.432  11.400   2.700   25   19   14 143.390   8.360  NaN  NaN None None
2012-08-30T06:30:42.600000Z  46.874  38.438  13.900   2.600   25   19   14 134.840  16.500  NaN  NaN None None
2012-08-30T06:45:56.300000Z  46.689  38.442   8.700   1.900   23   19   14 121.100   7.130  NaN  NaN None None
2012-08-30T10:16:09.800000Z  46.887  38.452  13.600   2.800   22   19   14 132.650  14.900  NaN  NaN None None
2012-08-30T11:33:16.600000Z  46.675  38.434  19.300   2.300   24   19   14 135.280   7.810  NaN  NaN None None
2012-08-30T21:03:18.200000Z  46.584  38.488   9.300   2.700   25   19   14 131.040   7.550  NaN  NaN None None
2012-08-30T21:43:49.000000Z  46.582  38.446  18.200   1.800   23   19   14 148.870  42.700  NaN  NaN None None
2012-08-31T02:58:32.900000Z  46.943  38.486  11.700   2.100   22   19   14 138.320   9.440  NaN  NaN None None
2012-08-31T04:00:59.000000Z  46.610  38.432  20.000   2.500   23   19   14 123.870   9.470  NaN  NaN None None
2012-08-31T09:08:19.300000Z  46.724  38.514  16.500   2.200   25   19   14 123.940   5.010  NaN  NaN None None
2012-08-31T11:14:26.100000Z  46.735  38.375  10.100   2.100   23   19   14 145.540  15.500  NaN  NaN None None
2012-08-31T11:31:18.300000Z  46.672  38.373  12.500   2.100   26   19   14 138.790  14.600  NaN  NaN None None
2012-08-31T20:16:00.400000Z  46.757  38.371   4.200   1.900   23   19   14 134.380  16.700  NaN  NaN None None
2012-08-31T21:14:55.200000Z  46.637  38.446  10.000   1.400   24   19   14 139.110   6.990  NaN  NaN None None
2012-08-31T22:41:14.200000Z  46.716  38.401  26.200   1.400   22   19   14 130.860  30.000  NaN  NaN None None
2012-08-31T22:52:20.700000Z  46.734  38.398  24.000   2.400   22   19   14 134.190  13.100  NaN  NaN None None
2012-09-01T00:58:21.500000Z  46.797  38.362   7.100   1.400   24   19   14 133.910  19.400  NaN  NaN None None
2012-09-01T01:44:29.000000Z  46.637  38.380   4.300   1.500   23   19   14 131.320  14.000  NaN  NaN None None
2012-09-01T02:01:47.100000Z  46.679  38.359  10.900   1.400   25   19   14 133.190  16.100  NaN  NaN None None
2012-09-01T05:04:03.700000Z  46.792  38.384  18.900   3.500   22   13   14 140.210  17.200  NaN  NaN None None
2012-09-01T06:20:20.600000Z  46.754  38.431  18.100   3.000   24   19   14 138.180  11.100  NaN  NaN None None
2012-09-01T06:22:17.200000Z  46.625  38.448  12.300   2.400   23   19   14 118.550   7.270  NaN  NaN None None
2012-09-01T06:36:36.500000Z  46.611  38.438  15.200   2.600   23   19   14 135.810  38.900  NaN  NaN None None
2012-09-01T07:12:11.700000Z  46.699  38.363  14.200   2.200   24   19   14 138.760  15.900  NaN  NaN None None
2012-09-01T13:21:57.400000Z  46.697  38.401  19.200   2.300   25   19   14 141.750  31.600  NaN  NaN None None
2012-09-01T14:26:05.100000Z  46.916  38.475  20.000   1.900   24   19   14 139.570  11.900  NaN  NaN None None
2012-09-01T16:38:47.000000Z  46.944  38.335  10.200   1.600   23   19   14 135.120   8.780  NaN  NaN None None
2012-09-01T17:48:09.800000Z  46.846  38.394  13.700   1.700   24   19   14 136.620  19.100  NaN  NaN None None
2012-09-01T17:51:48.000000Z  46.731  38.389  16.300   1.700   22   19   14 121.270  13.900  NaN  NaN None None
2012-09-01T19:26:16.600000Z  46.654  38.364   4.100   1.600   25   19   14 133.220  15.600  NaN  NaN None None
2012-09-01T19:37:58.200000Z  46.766  38.372  18.600   1.700   22   19   14 136.360  24.900  NaN  NaN None None
2012-09-01T19:51:35.200000Z  46.770  38.386  18.500   2.000   23   19   14 135.250  15.900  NaN  NaN None None
2012-09-01T20:59:34.000000Z  46.778  38.372  17.200   2.800   21   19   14 126.150  17.500  NaN  NaN None None
2012-09-01T21:16:10.900000Z  46.815  38.377  19.300   1.100   24   19   14 131.030  19.100  NaN  NaN None None
2012-09-01T22:17:44.500000Z  46.712  38.415  17.400   2.300   24   19   14 144.810  30.800  NaN  NaN None None
2012-09-02T01:33:44.700000Z  46.915  38.311  10.900   1.600   22   19   14 135.640  11.100  NaN  NaN None None
2012-09-02T02:53:47.300000Z  46.864  38.403  17.500   3.400   24   19   14 133.960  18.200  NaN  NaN None None
2012-09-02T04:11:25.900000Z  46.767  38.419  19.700   2.900   24   19   14 134.490  12.800  NaN  NaN None None
2012-09-02T08:50:11.300000Z  46.773  38.422  16.300   4.200   21   12   14 136.720  12.900  NaN  NaN None None
2012-09-02T09:03:16.600000Z  46.772  38.407  17.000   3.400   21   19   14 130.350  25.600  NaN  NaN None None
2012-09-02T09:24:34.700000Z  46.702  38.435  29.300   2.700   23   19   14 134.740  32.500  NaN  NaN None None
2012-09-02T11:11:50.700000Z  46.658  38.393  20.000   3.100   22   19   14 134.980  12.400  NaN  NaN None None
2012-09-02T13:44:03.500000Z  46.686  38.397  17.800   3.000   23   19   14 127.600  12.000  NaN  NaN None None
2012-09-02T14:22:20.600000Z  46.754  38.403  20.000   2.000   25   19   14 149.070  13.500  NaN  NaN None None
2012-09-02T15:36:24.300000Z  46.789  38.365  10.400   1.900   22   19   14 138.320  18.700  NaN  NaN None None
2012-09-02T21:26:29.500000Z  46.701  38.445  24.200   1.800   23   19   14 146.240   7.160  NaN  NaN None None
2012-09-02T23:16:42.400000Z  46.726  38.232   7.600   2.400   23   19   14 128.650  29.300  NaN  NaN None None
2012-09-03T04:43:10.000000Z  46.654  38.427  15.500   2.900   23   19   14 117.880   8.640  NaN  NaN None None
2012-09-03T05:58:14.800000Z  46.702  38.397  23.700   2.500   22   19   14 122.420  31.000  NaN  NaN None None
2012-09-03T13:59:29.900000Z  46.828  38.364  15.400   2.200   22   19   14 152.520  19.400  NaN  NaN None None
2012-09-03T14:19:24.800000Z  46.812  38.348   9.500   1.900   22   19   14 138.710  20.400  NaN  NaN None None
2012-09-03T16:21:10.800000Z  46.718  38.377  20.000   2.100   24   19   14 130.180  14.800  NaN  NaN None None
2012-09-03T16:29:58.800000Z  46.869  38.395  19.900   1.800   23   19   14 143.000  17.400  NaN  NaN None None
2012-09-03T17:17:11.400000Z  46.845  38.410  20.000   2.200   22   19   14 139.070  20.000  NaN  NaN None None
2012-09-03T17:17:34.300000Z  46.868  38.417  18.700   2.200   23   19   14 123.310  17.900  NaN  NaN None None
2012-09-03T20:11:43.800000Z  46.857  38.345   4.100   1.900   23   19   14 144.160  16.500  NaN  NaN None None
2012-09-03T22:23:46.100000Z  46.650  38.389  15.400   1.500   24   19   14 140.620  12.900  NaN  NaN None None
2012-09-03T23:30:50.500000Z  46.799  38.383  10.000   1.200   24   19   14 147.650  17.700  NaN  NaN None None
2012-09-03T23:59:57.400000Z  46.776  38.362   4.100   1.200   25   19   14 128.810  18.400  NaN  NaN None None
2012-09-04T00:21:16.100000Z  46.767  38.401  24.500   1.500   25   19   14 143.110  14.300  NaN  NaN None None
2012-09-04T00:42:55.700000Z  46.796  38.533  15.500   1.000   24   19   14 132.420  11.600  NaN  NaN None None
2012-09-04T00:50:38.300000Z  46.769  38.388  18.300   2.200   23   19   14 111.760  15.600  NaN  NaN None None
2012-09-04T02:08:31.000000Z  46.627  38.385  18.300   1.300   22   19   14 117.150  13.700  NaN  NaN None None
2012-09-04T02:09:03.700000Z  46.666  38.405  19.900   1.400   23   19   14 130.390  11.000  NaN  NaN None None
2012-09-04T03:13:48.500000Z  46.716  38.384  20.000   2.900   25   19   14 126.950  14.000  NaN  NaN None None
2012-09-04T04:20:28.600000Z  46.685  38.401  19.900   2.800   24   19   14 118.680  11.500  NaN  NaN None None
2012-09-04T05:43:57.000000Z  46.706  38.384  19.900   2.600   25   19   14 141.500  13.700  NaN  NaN None None
2012-09-04T08:16:12.500000Z  46.767  38.380  18.600   2.500   23   19   14 134.610  16.300  NaN  NaN None None
2012-09-04T13:55:56.900000Z  46.719  38.343   4.100   2.200   21   19   14 139.410  28.400  NaN  NaN None None
2012-09-04T14:21:11.300000Z  46.700  38.373   4.200   1.800   24   19   14 126.120  14.800  NaN  NaN None None
2012-09-04T17:25:39.300000Z  46.816  38.390  19.100   2.300   22   19   14 120.540  18.100  NaN  NaN None None
2012-09-04T17:52:32.500000Z  46.806  38.366  14.900   1.200   24   19   14 127.090  19.500  NaN  NaN None None
2012-09-04T18:15:09.500000Z  46.707  38.426  29.300   1.200   25   19   14 132.740   9.310  NaN  NaN None None
2012-09-04T18:33:30.700000Z  46.781  38.394  17.300   1.300   22   19   14 138.050  15.700  NaN  NaN None None
2012-09-04T19:17:58.700000Z  46.815  38.406  17.100   1.400   23   19   14 124.130  16.800  NaN  NaN None None
2012-09-04T22:42:57.800000Z  47.052  38.332   4.200   0.700   22   19   14 121.480   1.790  NaN  NaN None None
2012-09-04T23:53:45.000000Z  46.795  38.341   5.000   1.000   23   19   14 121.790  21.200  NaN  NaN None None
2012-09-05T01:28:05.300000Z  46.805  38.433  10.000   1.500   22   19   14 130.490  14.300  NaN  NaN None None
2012-09-05T03:02:42.200000Z  46.637  38.441  16.400   2.600   23   19   14 138.300  36.600  NaN  NaN None None
2012-09-05T09:33:45.800000Z  46.703  38.403  15.300   3.900   23   17   14 145.510  11.600  NaN  NaN None None
2012-09-05T12:14:04.100000Z  46.671  38.453  13.600   2.900   24   19   14 141.220  33.400  NaN  NaN None None
2012-09-05T15:07:19.600000Z  46.795  38.404  18.700   1.700   24   19   14 133.480  15.700  NaN  NaN None None
2012-09-05T16:00:06.800000Z  46.684  38.388  20.000   2.200   23   19   14 137.440  13.000  NaN  NaN None None
2012-09-05T17:14:36.600000Z  46.867  38.368  15.000   2.000   21   19   14 141.880  16.300  NaN  NaN None None
2012-09-05T18:47:38.800000Z  46.649  38.385  19.900   2.400   24   19   14 131.400  13.300  NaN  NaN None None
2012-09-05T19:03:13.400000Z  46.811  38.423  19.000   2.200   22   19   14 130.550  15.400  NaN  NaN None None
2012-09-05T21:26:41.800000Z  46.782  38.388  18.000   1.600   24   19   14 129.980  16.300  NaN  NaN None None
2012-09-05T23:48:36.900000Z  46.847  38.420   5.900   2.000   23   19   14 144.820  19.400  NaN  NaN None None
2012-09-06T01:19:42.200000Z  46.788  38.422  20.000   2.300   22   19   14 137.730  13.900  NaN  NaN None None
2012-09-06T02:19:16.100000Z  46.854  38.394  18.400   2.400   21   19   14 131.860  18.500  NaN  NaN None None
2012-09-06T08:51:17.500000Z  46.638  38.390  19.700   2.000   25   19   14 131.950  36.200  NaN  NaN None None
2012-09-06T10:38:30.900000Z  46.815  38.405  13.600   2.200   24   19   14 141.590  16.900  NaN  NaN None None
2012-09-06T20:23:33.700000Z  46.659  38.408  20.000   2.100   22   19   14 132.080  35.000  NaN  NaN None None
2012-09-06T20:33:21.600000Z  46.851  38.397  19.900   2.100   26   19   14 131.250  18.900  NaN  NaN None None
2012-09-06T22:02:27.100000Z  46.840  38.361  17.500   1.800   23   19   14 137.750  18.300  NaN  NaN None None
2012-09-06T22:07:25.400000Z  46.686  38.390  19.800   1.500   24   19   14 126.800  12.800  NaN  NaN None None
2012-09-06T23:38:04.600000Z  46.692  38.405  19.500   1.300   22   19   14 121.050  11.200  NaN  NaN None None
2012-09-06T23:56:03.800000Z  46.786  38.387  14.500   1.200   24   19   14 126.660  16.600  NaN  NaN None None
2012-09-07T02:35:38.000000Z  47.047  38.436   4.200   1.400   22   19   14 142.670   6.020  NaN  NaN None None
2012-09-07T05:41:29.300000Z  46.772  38.673   4.100   1.500   22   19   14 139.650  20.800  NaN  NaN None None
2012-09-07T12:46:24.200000Z  46.707  38.388  20.000   3.100   22   19   14 135.660  13.300  NaN  NaN None None
2012-09-07T16:10:54.600000Z  46.802  38.428  20.000   2.600   22   19   14 135.670  14.400  NaN  NaN None None
2012-09-07T16:49:54.200000Z  46.644  38.384  15.900   1.700   24   19   14 138.360  35.600  NaN  NaN None None
2012-09-07T17:25:50.400000Z  46.815  38.399  16.900   2.000   24   19   14 129.950  17.300  NaN  NaN None None
2012-09-07T17:48:16.600000Z  46.839  38.192  15.400   1.400   23   19   14 146.110  22.600  NaN  NaN None None
2012-09-07T17:53:54.400000Z  46.703  38.386  17.800   1.600   24   19   14 154.570  13.500  NaN  NaN None None
2012-09-07T19:17:21.100000Z  46.777  38.436  19.200   2.500   26   19   14 141.390  12.200  NaN  NaN None None
2012-09-07T19:29:15.600000Z  46.696  38.380  19.300   2.500   25   19   14 135.340  31.000  NaN  NaN None None
2012-09-07T19:49:29.400000Z  46.812  38.353  11.100   1.400   23   19   14 136.550  20.500  NaN  NaN None None
2012-09-07T20:00:06.700000Z  46.810  38.375  14.500   1.700   24   19   14 133.560  19.000  NaN  NaN None None
2012-09-07T20:47:22.700000Z  46.813  38.390  13.800   1.400   25   19   14 136.920  17.900  NaN  NaN None None
2012-09-07T21:33:48.800000Z  46.667  38.365   4.500   1.700   26   19   14 122.220  15.400  NaN  NaN None None
2012-09-07T21:36:57.000000Z  46.893  38.394  17.900   2.100   25   19   14 140.480  15.500  NaN  NaN None None
2012-09-07T23:37:53.000000Z  46.837  38.364   4.100   1.300   24   19   14 134.870  18.600  NaN  NaN None None
2012-09-08T00:53:36.900000Z  46.746  38.462  19.900   2.200   24   19   14 126.040   8.260  NaN  NaN None None
2012-09-08T01:12:29.800000Z  46.759  38.370  14.700   1.400   25   19   14 132.770  16.900  NaN  NaN None None
2012-09-08T02:31:18.500000Z  46.850  38.415  22.600   1.300   24   19   14 126.650  18.700  NaN  NaN None None
2012-09-08T04:16:15.300000Z  46.645  38.398  15.100   2.300   24   19   14 135.650  11.900  NaN  NaN None None
2012-09-08T04:46:49.400000Z  46.632  38.360  20.300   1.600   24   19   14 137.640  36.200  NaN  NaN None None
2012-09-08T06:52:30.700000Z  46.693  38.393  16.100   3.200   25   19   14 142.540  12.500  NaN  NaN None None
2012-09-08T08:30:03.600000Z  46.764  38.397  13.500   2.500   25   19   14 131.360  14.600  NaN  NaN None None
2012-09-08T09:38:37.500000Z  46.782  38.315  11.400   2.000   21   19   14 127.400  22.800  NaN  NaN None None
2012-09-08T14:01:12.300000Z  46.664  38.387   4.200   1.900   24   19   14 133.540  13.000  NaN  NaN None None
2012-09-08T20:35:44.300000Z  46.838  38.390  13.200   3.600   23   17   14 142.210  19.500  NaN  NaN None None
2012-09-08T21:04:44.800000Z  46.800  38.387  12.600   1.600   23   19   14 135.880  22.500  NaN  NaN None None
2012-09-08T21:24:06.300000Z  46.686  38.460   5.300   2.000   23   19   14 139.500   5.140  NaN  NaN None None
2012-09-09T04:50:27.700000Z  46.729  38.374  14.200   1.600   22   19   14 131.900  15.400  NaN  NaN None None
2012-09-09T10:08:20.400000Z  46.857  38.402  18.300   3.000   23   19   14 113.530  18.700  NaN  NaN None None
2012-09-09T13:58:17.900000Z  46.684  38.361  19.000   2.700   23   19   14 137.230  15.900  NaN  NaN None None
2012-09-09T17:40:01.700000Z  46.679  38.377   4.300   1.600   23   19   14 140.730  14.100  NaN  NaN None None
2012-09-09T20:25:44.300000Z  46.632  38.391  16.900   2.000   23   19   14 128.080  12.900  NaN  NaN None None
2012-09-09T22:06:59.800000Z  46.646  38.429  20.000   2.000   24   19   14 134.750   8.550  NaN  NaN None None
2012-09-09T22:07:57.600000Z  46.667  38.383  10.300   1.400   21   19   14 136.200  33.600  NaN  NaN None None
2012-09-09T22:50:38.600000Z  46.882  38.348   9.300   1.800   24   19   14 128.820  14.400  NaN  NaN None None
2012-09-10T01:47:02.600000Z  46.729  38.432  16.300   1.700   23   19   14 127.420   9.610  NaN  NaN None None
2012-09-10T02:02:12.700000Z  46.823  38.406  18.800   2.900   23   19   14 134.330  17.400  NaN  NaN None None
2012-09-10T08:55:50.000000Z  46.716  38.397  20.000   3.800   19   10   14 127.150  29.800  NaN  NaN None None
2012-09-10T13:28:35.400000Z  46.737  38.230  15.200   2.000   24   19   14 128.650  28.400  NaN  NaN None None
2012-09-10T17:25:44.600000Z  46.651  38.383   4.600   1.800   22   19   14 129.720  13.500  NaN  NaN None None
2012-09-10T19:32:17.900000Z  46.791  38.481  24.300   1.900   23   19   14 140.440  11.000  NaN  NaN None None
2012-09-11T00:09:48.400000Z  46.538  38.405  20.000   1.100   23   19   14 125.220  15.800  NaN  NaN None None
2012-09-11T03:23:33.000000Z  46.788  38.396  17.000   2.300   24   19   14 132.950  15.900  NaN  NaN None None
2012-09-11T03:25:33.200000Z  46.660  38.384  17.500   2.300   25   19   14 135.790  34.200  NaN  NaN None None
2012-09-11T10:30:33.100000Z  46.658  38.406  20.000   3.300   20   16   14 138.010  35.000  NaN  NaN None None
2012-09-11T16:30:16.400000Z  46.814  38.350   4.100   1.200   22   19   14 147.080  20.300  NaN  NaN None None
2012-09-11T17:38:52.700000Z  46.936  38.325   4.200   1.800   23   19   14 146.930   9.310  NaN  NaN None None
2012-09-11T21:41:12.300000Z  46.906  38.356  12.500   1.800   22   19   14 148.050  12.600  NaN  NaN None None
2012-09-11T22:48:26.100000Z  46.722  38.429  20.700   2.000   22   19   14 129.000   9.570  NaN  NaN None None
2012-09-12T09:15:43.700000Z  46.640  38.360   4.100   2.000   23   19   14 133.360  16.200  NaN  NaN None None
2012-09-12T10:03:30.100000Z  46.642  38.396   4.200   2.300   25   19   14 140.470  12.200  NaN  NaN None None
2012-09-12T12:44:25.500000Z  46.687  38.374  19.800   1.500   23   19   14 120.760  14.500  NaN  NaN None None
2012-09-12T12:59:24.900000Z  46.675  38.395  14.700   2.900   24   19   14 128.110  12.100  NaN  NaN None None
2012-09-12T20:33:52.300000Z  46.626  38.392  14.200   1.400   24   19   14 137.880  13.000  NaN  NaN None None
2012-09-12T20:41:41.400000Z  46.541  38.454  12.200   1.800   26   19   14 128.820  12.400  NaN  NaN None None
2012-09-12T22:46:04.300000Z  46.664  38.385   4.100   1.300   25   19   14 124.510  13.200  NaN  NaN None None
2012-09-12T23:11:17.200000Z  46.695  38.398  18.600   0.700   24   19   14 127.080  12.000  NaN  NaN None None
2012-09-13T00:19:47.900000Z  46.670  38.440  15.900   1.700   20   19   14 115.230   7.120  NaN  NaN None None
2012-09-13T01:51:45.600000Z  46.662  38.372  14.100   1.700   25   19   14 141.930  14.700  NaN  NaN None None
2012-09-13T04:27:37.300000Z  46.857  38.413  19.800   2.100   23   19   14 151.920  19.000  NaN  NaN None None
2012-09-13T12:12:12.800000Z  46.876  38.420  18.000   2.500   21   19   14 132.070  17.200  NaN  NaN None None
2012-09-13T14:15:49.000000Z  46.723  38.383  19.800   1.600   24   19   14 151.090  28.800  NaN  NaN None None
2012-09-13T14:51:28.900000Z  46.625  38.373   4.200   2.100   24   19   14 126.240  15.000  NaN  NaN None None
2012-09-13T16:48:09.700000Z  46.850  38.346   9.100   1.700   26   19   14 139.050  17.100  NaN  NaN None None
2012-09-13T17:42:24.300000Z  46.764  38.386  18.100   1.900   24   19   14 137.680  25.500  NaN  NaN None None
2012-09-13T18:19:28.100000Z  46.637  38.382  13.600   1.800   25   19   14 142.170  13.800  NaN  NaN None None
2012-09-13T19:05:15.200000Z  46.804  38.359  11.600   1.800   23   19   14 120.010  20.000  NaN  NaN None None
2012-09-13T19:45:20.200000Z  46.694  38.398  20.000   3.200   23   13   14 125.410  12.000  NaN  NaN None None
2012-09-13T22:30:03.900000Z  46.878  38.376  16.600   1.600   23   19   14 147.610  15.700  NaN  NaN None None
2012-09-13T22:57:56.000000Z  46.661  38.383  15.000   1.600   24   19   14 138.570  13.500  NaN  NaN None None
2012-09-13T23:56:12.600000Z  46.713  38.395  28.400   1.000   25   19   14 129.170  12.700  NaN  NaN None None
2012-09-14T00:42:36.500000Z  46.825  38.399  17.500   2.500   25   19   14 130.580  18.000  NaN  NaN None None
2012-09-14T02:19:37.900000Z  46.642  38.393  14.900   3.500   23   19   14 149.990  36.000  NaN  NaN None None
2012-09-14T13:21:02.000000Z  46.792  38.362  11.100   1.800   24   19   14 133.380  19.100  NaN  NaN None None
2012-09-14T14:32:33.100000Z  46.616  38.443  19.400   2.600   24   19   14 136.830   8.160  NaN  NaN None None
2012-09-14T16:41:04.700000Z  46.784  38.394  13.400   2.400   24   19   14 132.900  15.900  NaN  NaN None None
2012-09-15T11:01:17.200000Z  46.773  38.386  19.100   2.600   27   19   14 131.960  16.000  NaN  NaN None None
2012-09-15T19:19:20.800000Z  46.810  38.411  18.700   2.200   25   19   14 127.750  16.100  NaN  NaN None None
2012-09-15T20:28:28.900000Z  46.799  38.367  12.000   1.500   23   19   14 134.410  21.900  NaN  NaN None None
2012-09-15T21:17:10.900000Z  46.844  38.366  18.300   1.700   22   19   14 123.980  18.100  NaN  NaN None None
2012-09-16T01:01:33.700000Z  46.586  38.396   3.500   0.900   24   19   14 148.250  14.000  NaN  NaN None None
2012-09-16T17:12:51.100000Z  46.847  38.405  18.400   2.400   23   19   14 138.670  19.100  NaN  NaN None None
2012-09-16T18:06:51.200000Z  46.719  38.340   4.100   2.500   23   19   14 141.360  18.800  NaN  NaN None None
2012-09-16T19:48:09.300000Z  46.770  38.339  12.600   1.300   25   19   14 134.920  20.400  NaN  NaN None None
2012-09-16T22:59:03.500000Z  46.713  38.390  18.400   1.500   24   19   14 131.910  13.300  NaN  NaN None None